5.606711000000000333e-02
9.137240000000000639e-02
7.446624999999999772e-02
8.042839999999999712e-02
7.275339999999999585e-02
7.339884000000000686e-02
6.455260999999999638e-02
6.765274999999999761e-02
7.649794000000000038e-02
8.664879000000000331e-02
8.665652999999999551e-02
7.359411000000000425e-02
7.127321000000000351e-02
8.006932999999999412e-02
8.095309000000000532e-02
7.177608000000000599e-02
7.557147999999999644e-02
7.590128999999999626e-02
7.179613999999999441e-02
7.813235000000000319e-02
7.217888000000000082e-02
7.868447000000000635e-02
7.841349000000000236e-02
7.206917000000000184e-02
7.963871000000000144e-02
7.061137000000000663e-02
7.693627999999999578e-02
7.931870000000000587e-02
8.169956000000000440e-02
9.827523000000000508e-02
1.016233400000000064e-01
7.561205000000000009e-02
9.154142999999999308e-02
7.317830999999999642e-02
7.411703000000000041e-02
7.664411000000000140e-02
1.036047900000000022e-01
8.810041000000000400e-02
9.109003000000000239e-02
8.336567000000000283e-02
1.023330400000000001e-01
1.410383900000000135e-01
1.020350599999999969e-01
9.013132999999999562e-02
9.919400000000000439e-02
1.119560799999999995e-01
1.589803200000000083e-01
1.959391099999999997e-01
3.202866899999999850e-01
3.730898200000000164e-01
4.084634500000000057e-01
3.809847499999999831e-01
3.156006900000000170e-01
3.075120199999999970e-01
2.509113000000000038e-01
1.906275199999999947e-01
9.879960000000000131e-02
7.340000000000000691e-02
7.052000999999999409e-02
7.348490000000000577e-02
7.799477000000000493e-02
8.583467000000000180e-02
9.248014000000000234e-02
5.988456999999999808e-02
