6.073436000000000112e-02
7.511647000000000463e-02
7.586366999999999416e-02
8.268572999999999895e-02
1.115599699999999944e-01
9.767330999999999930e-02
1.053996499999999975e-01
9.032568000000000541e-02
8.439987000000000184e-02
6.954459999999999809e-02
6.804839000000000027e-02
7.133104999999999307e-02
8.394677000000000389e-02
1.031058100000000061e-01
1.160509499999999999e-01
1.092392400000000013e-01
1.055747400000000003e-01
1.159638800000000053e-01
1.229512499999999980e-01
1.290374499999999980e-01
1.120029800000000020e-01
7.770491999999999677e-02
9.194062999999999541e-02
1.437838700000000081e-01
2.163442799999999999e-01
2.872909900000000238e-01
3.351037800000000177e-01
3.181793700000000169e-01
3.010457799999999851e-01
1.926477400000000118e-01
1.285845800000000039e-01
9.696380000000000277e-02
8.439752999999999838e-02
7.119680999999999926e-02
7.957226000000000576e-02
8.741836000000000051e-02
8.746130000000000571e-02
1.246263199999999988e-01
1.304073199999999932e-01
1.226216299999999954e-01
1.175209499999999990e-01
9.326521000000000117e-02
8.471884000000000359e-02
7.383109999999999673e-02
7.181087999999999361e-02
7.494243999999999906e-02
7.542938999999999894e-02
9.253414999999999557e-02
7.383994000000000668e-02
7.900527999999999718e-02
7.487586999999999715e-02
6.886124999999999885e-02
7.144622999999999946e-02
7.563496000000000108e-02
7.874480999999999842e-02
7.353563000000000460e-02
7.001580999999999777e-02
6.921658999999999451e-02
6.793833999999999984e-02
6.819319999999999549e-02
6.735112000000000043e-02
7.437438999999999856e-02
7.786353000000000024e-02
5.627758000000000066e-02
