5.059310000000000196e-02
6.545987000000000333e-02
6.642399000000000220e-02
6.785863999999999785e-02
7.250752000000000586e-02
7.545164000000000037e-02
6.758454999999999324e-02
6.577850999999999837e-02
6.647988999999999982e-02
6.803310999999999387e-02
6.905458000000000429e-02
6.600364000000000231e-02
6.818710000000000049e-02
6.981139999999999568e-02
7.147952000000000472e-02
6.766982000000000552e-02
6.901981999999999562e-02
6.606336999999999626e-02
6.622838000000000336e-02
6.782362999999999587e-02
7.859472000000000680e-02
7.803804000000000296e-02
7.872793999999999626e-02
8.175161999999999707e-02
7.148158000000000289e-02
6.879453000000000651e-02
6.915238999999999414e-02
7.638664000000000565e-02
7.267162000000000621e-02
7.426512999999999864e-02
7.890742000000000589e-02
8.147910999999999349e-02
9.361687000000000480e-02
7.368631000000000486e-02
7.307210999999999568e-02
7.288311000000000095e-02
7.560287000000000257e-02
9.252757999999999816e-02
1.314256900000000117e-01
1.711421899999999996e-01
1.941696400000000045e-01
2.264743700000000082e-01
2.249303900000000078e-01
2.113063000000000025e-01
1.691921500000000134e-01
1.216424400000000045e-01
9.478301999999999561e-02
8.159466999999999415e-02
7.543938999999999506e-02
6.967078000000000160e-02
6.971658999999999495e-02
6.756515999999999911e-02
7.176325000000000065e-02
9.244942999999999911e-02
9.843486999999999376e-02
1.229588800000000065e-01
1.183585500000000068e-01
1.031270799999999960e-01
8.806049000000000515e-02
8.128348999999999991e-02
7.813367000000000229e-02
6.904016000000000319e-02
7.384324000000000443e-02
5.613401999999999975e-02
