5.723024000000000167e-02
1.096671099999999982e-01
1.377729799999999893e-01
1.402684299999999995e-01
1.337176700000000107e-01
1.934851099999999879e-01
1.328755899999999879e-01
8.820142999999999733e-02
8.091906999999999572e-02
1.024022799999999983e-01
1.259737499999999955e-01
1.824770099999999950e-01
2.795255500000000115e-01
3.527595399999999826e-01
3.955195799999999817e-01
3.978954000000000102e-01
4.080154300000000123e-01
2.848886299999999761e-01
1.970817400000000053e-01
1.045434900000000028e-01
8.214262999999999426e-02
7.209538000000000058e-02
7.642648999999999970e-02
8.368944000000000383e-02
1.033374799999999955e-01
1.120104299999999942e-01
1.304852099999999904e-01
1.461653900000000061e-01
1.400815199999999872e-01
1.234098400000000068e-01
1.035377299999999945e-01
8.231001000000000289e-02
9.183294999999999653e-02
1.005039399999999999e-01
9.913131999999999500e-02
9.885365000000000124e-02
9.251971999999999974e-02
7.527794999999999626e-02
7.690138000000000529e-02
7.484925000000000606e-02
7.817815999999999654e-02
6.834658999999999873e-02
6.945521999999999807e-02
7.557273999999999936e-02
7.635877000000000636e-02
6.859956000000000387e-02
6.918775000000000619e-02
8.896780999999999440e-02
9.714862999999999971e-02
9.973007000000000399e-02
9.189561999999999731e-02
7.360153999999999308e-02
6.996351000000000653e-02
7.451486999999999694e-02
8.406597000000000375e-02
8.951995999999999565e-02
9.128674999999999984e-02
7.879980999999999791e-02
6.951276000000000677e-02
7.524804999999999688e-02
7.728356000000000114e-02
7.575226000000000182e-02
7.787631000000000414e-02
5.847064999999999901e-02
