5.689572999999999853e-02
8.171046999999999338e-02
1.351342399999999888e-01
1.042706099999999997e-01
1.015527900000000039e-01
1.132514599999999982e-01
1.233827499999999994e-01
1.329256099999999996e-01
1.551317700000000022e-01
1.403082499999999955e-01
9.095295999999999936e-02
9.588844000000000534e-02
9.133805000000000396e-02
1.705307500000000087e-01
2.506139600000000245e-01
3.724769099999999944e-01
4.472829999999999862e-01
4.194312700000000227e-01
3.870757499999999962e-01
2.883868499999999724e-01
1.869284700000000132e-01
1.227611799999999975e-01
7.690766000000000269e-02
7.758030000000000481e-02
6.752621000000000318e-02
7.015064000000000022e-02
7.431298000000000070e-02
8.056020999999999321e-02
8.090511999999999704e-02
1.120727400000000040e-01
1.357243399999999989e-01
1.109034299999999973e-01
9.628615000000000090e-02
8.018719000000000541e-02
8.248368000000000366e-02
8.485492999999999508e-02
7.711816999999999978e-02
6.814488000000000489e-02
6.739045999999999925e-02
7.471405000000000407e-02
7.827299000000000062e-02
7.668903000000000525e-02
7.057737999999999512e-02
6.960365999999999775e-02
6.527431000000000205e-02
6.888234000000000024e-02
7.741570000000000396e-02
7.884051999999999727e-02
6.953682999999999392e-02
6.918278999999999401e-02
8.557752000000000414e-02
8.476250999999999924e-02
7.869265000000000287e-02
7.351770000000000527e-02
7.175613999999999604e-02
6.832530000000000547e-02
7.175148000000000637e-02
7.641280999999999768e-02
8.172366999999999826e-02
8.419203999999999577e-02
6.610504000000000380e-02
7.400529999999999609e-02
6.933739999999999348e-02
5.916671999999999904e-02
