4.967076000000000130e-02
6.414006999999999348e-02
6.449037999999999993e-02
6.674260999999999389e-02
6.829428999999999361e-02
6.978049000000000057e-02
7.187403000000000541e-02
6.752516000000000074e-02
6.844292999999999905e-02
6.520378999999999758e-02
6.738652000000000530e-02
6.755274999999999475e-02
6.717542999999999431e-02
6.878939000000000581e-02
6.823017000000000665e-02
6.638136999999999510e-02
6.843488999999999822e-02
7.038458000000000214e-02
7.131619999999999626e-02
6.985226999999999409e-02
6.801503999999999883e-02
6.700538000000000327e-02
6.994346999999999370e-02
7.106722999999999513e-02
6.943931000000000409e-02
7.364985000000000281e-02
6.709850000000000536e-02
7.164151000000000546e-02
7.017961999999999811e-02
6.662063000000000013e-02
6.731800999999999757e-02
6.570020000000000027e-02
6.726648000000000349e-02
7.137601000000000362e-02
7.305454999999999588e-02
7.315027999999999808e-02
6.498536000000000590e-02
6.631929000000000296e-02
7.220266000000000184e-02
7.076958999999999333e-02
6.725868000000000124e-02
6.907808999999999477e-02
7.165481999999999407e-02
7.552093999999999474e-02
8.106304999999999761e-02
7.778453000000000450e-02
7.817578999999999501e-02
7.638396000000000075e-02
6.783693000000000362e-02
7.380767000000000577e-02
8.781492000000000464e-02
8.961792000000000369e-02
9.994459999999999456e-02
1.178430399999999961e-01
1.374976300000000096e-01
1.320046199999999892e-01
1.306650599999999995e-01
1.199838099999999963e-01
1.258462800000000048e-01
1.079048900000000033e-01
7.955827999999999511e-02
7.234137000000000206e-02
6.364902000000000060e-02
5.458278999999999909e-02
