5.409056999999999754e-02
6.582240999999999786e-02
6.619864999999999777e-02
6.758222999999999314e-02
6.768425999999999609e-02
6.862948000000000659e-02
6.727278999999999898e-02
6.382471000000000672e-02
6.549304999999999710e-02
6.592628000000000377e-02
6.880448999999999593e-02
6.619569999999999621e-02
6.617159999999999709e-02
6.670943999999999485e-02
6.802138000000000628e-02
6.767512000000000527e-02
6.736738999999999922e-02
6.690100000000000213e-02
6.522321999999999842e-02
6.624265999999999488e-02
6.945935999999999777e-02
6.890789999999999416e-02
6.903006000000000419e-02
6.758778999999999482e-02
6.629699000000000009e-02
6.790016000000000107e-02
6.679019999999999402e-02
7.010716999999999643e-02
6.799584999999999657e-02
6.689610999999999474e-02
6.751749999999999419e-02
6.860096999999999723e-02
7.040976999999999653e-02
7.127050000000000052e-02
6.656634000000000162e-02
6.719870000000000010e-02
6.747372000000000092e-02
6.775580999999999965e-02
7.154625000000000568e-02
7.064742999999999717e-02
6.821112999999999482e-02
7.156669000000000225e-02
7.661421000000000203e-02
7.674230999999999414e-02
7.227675000000000072e-02
7.145608999999999988e-02
7.153078999999999688e-02
7.045796000000000003e-02
6.802054000000000433e-02
6.989934999999999898e-02
6.869145999999999586e-02
6.845827000000000162e-02
6.820515000000000605e-02
7.268821000000000310e-02
7.236054000000000097e-02
7.095223999999999975e-02
7.327268000000000669e-02
6.950955999999999801e-02
6.725602999999999443e-02
6.658382999999999663e-02
6.608917999999999737e-02
6.634626999999999886e-02
6.982744000000000451e-02
5.458278999999999909e-02
