5.924726999999999771e-02
7.484435000000000393e-02
6.514090999999999632e-02
6.442696000000000534e-02
6.884643000000000013e-02
7.511663000000000368e-02
6.958548999999999984e-02
7.074054000000000453e-02
7.188007000000000424e-02
6.838801999999999381e-02
6.949279999999999347e-02
6.656942000000000415e-02
7.357075999999999893e-02
7.627469000000000610e-02
7.285170000000000534e-02
7.027368999999999977e-02
7.005211999999999550e-02
6.491001999999999883e-02
6.560048000000000268e-02
6.887456000000000134e-02
6.599383999999999806e-02
6.760135999999999923e-02
7.152701000000000198e-02
7.427665999999999435e-02
8.112685000000000035e-02
8.196565999999999574e-02
6.966672000000000142e-02
7.636444000000000565e-02
7.995523999999999687e-02
8.723728000000000038e-02
7.538424000000000513e-02
6.359289999999999388e-02
6.726271999999999807e-02
7.017002999999999435e-02
7.656664000000000525e-02
8.311733999999999789e-02
7.603290999999999522e-02
8.354931999999999637e-02
9.922738000000000391e-02
9.663753999999999400e-02
9.675235000000000085e-02
8.059078000000000075e-02
7.190825000000000689e-02
8.119047000000000069e-02
9.690211999999999437e-02
1.227225700000000030e-01
1.905116000000000032e-01
2.271517700000000028e-01
2.920236600000000182e-01
2.790157200000000226e-01
2.704945200000000161e-01
2.576461099999999838e-01
1.824119800000000013e-01
1.661458299999999944e-01
9.884484999999999799e-02
8.332518999999999343e-02
6.994838000000000444e-02
7.420163999999999926e-02
6.896106999999999931e-02
7.481245999999999730e-02
8.036028000000000615e-02
8.027985999999999456e-02
8.420958000000000609e-02
5.636730000000000212e-02
