5.844051000000000107e-02
7.836532000000000220e-02
7.052961000000000646e-02
7.074593999999999328e-02
6.958968000000000098e-02
7.202741999999999478e-02
7.125818000000000429e-02
8.041608000000000089e-02
8.678526999999999769e-02
9.008763999999999661e-02
8.062700999999999896e-02
7.346492999999999773e-02
6.945226000000000177e-02
7.071415000000000339e-02
7.381769000000000525e-02
8.976541000000000381e-02
8.082156000000000062e-02
6.974629000000000245e-02
6.671277000000000457e-02
7.058108000000000437e-02
7.703604999999999481e-02
9.506232000000000570e-02
9.517230000000000134e-02
7.306909999999999794e-02
6.882420999999999678e-02
7.410944999999999339e-02
8.196298000000000472e-02
7.323006999999999433e-02
7.173978000000000299e-02
6.707059999999999411e-02
6.664746000000000559e-02
6.951366999999999963e-02
7.463190999999999575e-02
7.754405999999999799e-02
7.263200000000000212e-02
7.725228000000000650e-02
7.605091999999999408e-02
9.085382999999999654e-02
8.182712000000000319e-02
6.937989999999999435e-02
6.633806000000000425e-02
6.640429000000000470e-02
8.012304000000000648e-02
8.694375000000000020e-02
8.583095999999999781e-02
8.640092000000000605e-02
9.441873000000000626e-02
1.041775300000000043e-01
9.878689000000000220e-02
9.729949000000000237e-02
8.307665999999999662e-02
8.080062999999999829e-02
6.592204000000000119e-02
7.225724999999999509e-02
9.365777999999999603e-02
1.162520300000000062e-01
1.429360100000000022e-01
1.589425499999999880e-01
1.956454099999999918e-01
2.066012299999999968e-01
1.942880499999999899e-01
1.882685100000000000e-01
1.427379400000000076e-01
5.592924999999999980e-02
