7.044148000000000076e-02
8.737069000000000085e-02
7.246956999999999705e-02
6.763576999999999784e-02
8.996695999999999860e-02
9.644542000000000392e-02
8.759633000000000003e-02
8.519105000000000427e-02
9.204031999999999492e-02
1.553602699999999948e-01
1.648275899999999961e-01
1.501480199999999932e-01
1.185514000000000012e-01
1.306570599999999915e-01
8.070491000000000470e-02
8.894931999999999839e-02
9.711590000000000500e-02
1.564281299999999986e-01
2.635266800000000131e-01
3.376791800000000232e-01
3.844697799999999832e-01
3.130609100000000256e-01
2.898829600000000228e-01
1.897828699999999924e-01
1.424343999999999888e-01
9.122012999999999650e-02
6.997185000000000210e-02
7.183689999999999520e-02
7.448796000000000583e-02
9.646536000000000000e-02
1.025804700000000069e-01
1.155735999999999986e-01
1.466612099999999863e-01
1.403670899999999999e-01
1.254356100000000029e-01
8.323239000000000332e-02
8.610088000000000463e-02
8.004298999999999442e-02
8.211580000000000268e-02
7.990827000000000346e-02
8.128130999999999551e-02
7.790439999999999865e-02
8.159821000000000435e-02
7.903472999999999749e-02
6.737704999999999389e-02
6.608323000000000669e-02
6.531175999999999648e-02
6.736506999999999912e-02
6.847938000000000636e-02
7.077854000000000090e-02
7.017516000000000032e-02
7.184580999999999606e-02
7.485635999999999679e-02
8.517078000000000149e-02
7.994877000000000233e-02
8.150678999999999563e-02
7.439146000000000647e-02
7.238123999999999947e-02
6.771554999999999935e-02
7.332724999999999660e-02
7.129009000000000040e-02
7.824235000000000217e-02
7.742744000000000015e-02
5.807247000000000103e-02
