6.262173999999999519e-02
1.089463999999999988e-01
1.269719900000000068e-01
1.169984699999999933e-01
1.101389799999999974e-01
1.234966700000000028e-01
8.244759999999999589e-02
6.636311999999999767e-02
7.045116999999999352e-02
9.781307000000000196e-02
1.319408699999999879e-01
1.694235099999999994e-01
1.793366499999999863e-01
2.041775399999999907e-01
1.649650500000000020e-01
1.482316599999999873e-01
1.429005000000000136e-01
1.132443000000000061e-01
8.689692999999999723e-02
6.956421999999999606e-02
6.892756999999999357e-02
6.585362999999999634e-02
6.923532999999999771e-02
6.922214999999999618e-02
8.186880000000000546e-02
8.898886000000000296e-02
1.097534000000000010e-01
1.183693799999999963e-01
1.335031799999999991e-01
1.032373800000000036e-01
9.123812000000000588e-02
9.649370999999999643e-02
7.725675999999999377e-02
1.212140200000000057e-01
9.229407000000000583e-02
1.062256399999999962e-01
1.083644500000000011e-01
7.429194000000000075e-02
8.143888000000000515e-02
7.901705000000000534e-02
8.794802000000000175e-02
7.084169999999999356e-02
6.906387999999999416e-02
7.808449000000000639e-02
6.986362999999999601e-02
6.856745999999999674e-02
7.207423000000000302e-02
8.973607000000000111e-02
9.886398999999999881e-02
1.047820200000000035e-01
1.045134300000000044e-01
7.286961000000000133e-02
6.575219999999999676e-02
7.513093999999999328e-02
7.736194000000000404e-02
8.102243000000000639e-02
8.598480999999999486e-02
7.617517999999999512e-02
6.786551999999999862e-02
7.065369000000000510e-02
7.118897000000000419e-02
6.931685999999999404e-02
7.172372000000000469e-02
5.534466999999999859e-02
