5.300239000000000339e-02
9.786438000000000081e-02
1.831334799999999874e-01
2.493668500000000010e-01
3.768611599999999728e-01
4.228254300000000021e-01
4.268013800000000080e-01
4.207640300000000111e-01
3.937899200000000155e-01
3.769182899999999892e-01
3.299140600000000090e-01
2.008705100000000021e-01
1.381345999999999963e-01
8.657070999999999517e-02
8.186941000000000357e-02
8.232314000000000298e-02
8.587841000000000224e-02
9.645114999999999938e-02
1.106194399999999994e-01
1.118947700000000045e-01
1.419476400000000138e-01
1.552462699999999918e-01
1.274943799999999905e-01
9.488950000000000162e-02
9.399778000000000300e-02
8.979070999999999581e-02
9.482509999999999550e-02
8.929729000000000139e-02
9.462452000000000363e-02
1.047502000000000016e-01
8.282278999999999336e-02
8.104867000000000321e-02
7.626404000000000516e-02
7.345150000000000290e-02
7.023957000000000117e-02
7.329483000000000525e-02
7.559918999999999667e-02
8.445107999999999782e-02
7.867201000000000055e-02
8.087107000000000323e-02
7.349827000000000443e-02
7.993749999999999467e-02
9.097191000000000305e-02
7.818688000000000027e-02
7.109382000000000201e-02
8.073281999999999681e-02
8.514099999999999446e-02
8.184373000000000342e-02
7.797358999999999540e-02
8.292381000000000058e-02
7.116599999999999315e-02
6.693619000000000652e-02
7.870372000000000479e-02
9.194948999999999484e-02
1.012437300000000040e-01
8.226896999999999682e-02
8.391592999999999969e-02
7.840658999999999823e-02
7.918777000000000454e-02
7.619832999999999468e-02
8.416577000000000086e-02
7.252422999999999509e-02
8.383050999999999697e-02
6.408320000000000682e-02
