6.108287999999999912e-02
8.142963999999999758e-02
6.840121999999999869e-02
6.926823000000000008e-02
6.751891000000000143e-02
6.755445000000000200e-02
6.399897000000000225e-02
6.757203000000000515e-02
7.039413999999999394e-02
7.232629000000000141e-02
7.008920000000000428e-02
6.777141000000000415e-02
7.179478999999999722e-02
7.604291999999999996e-02
7.398836000000000301e-02
6.787959999999999827e-02
6.758588000000000096e-02
6.728457999999999661e-02
6.876063000000000314e-02
6.852742000000000555e-02
6.818966999999999390e-02
7.343441000000000551e-02
6.944683999999999580e-02
6.837735999999999814e-02
7.038563999999999932e-02
7.113144999999999885e-02
6.858551999999999704e-02
7.356123999999999996e-02
7.594605000000000106e-02
7.931117999999999502e-02
7.581648000000000553e-02
6.984345999999999610e-02
7.153210999999999598e-02
6.803138000000000241e-02
6.669824000000000586e-02
7.327326000000000672e-02
8.065658000000000549e-02
8.031504000000000421e-02
7.856971999999999567e-02
7.607577000000000089e-02
7.927576000000000067e-02
8.339109000000000105e-02
8.204554000000000014e-02
8.440783000000000313e-02
8.032108000000000303e-02
7.958750000000000546e-02
8.593870000000000675e-02
9.052490000000000536e-02
1.112767999999999952e-01
1.431995799999999930e-01
1.685250600000000043e-01
1.599312300000000076e-01
1.438023099999999888e-01
1.402952799999999944e-01
1.365221100000000021e-01
9.858432000000000306e-02
7.637565999999999800e-02
7.008865000000000234e-02
7.116849999999999565e-02
6.651506000000000085e-02
6.769527999999999657e-02
7.348151999999999462e-02
7.041016999999999415e-02
5.691308999999999951e-02
