5.486861999999999989e-02
6.668008000000000268e-02
7.332830999999999377e-02
7.233340000000000602e-02
7.683929000000000453e-02
7.919971000000000649e-02
6.598165999999999753e-02
6.377465999999999691e-02
6.497158999999999573e-02
7.201894000000000351e-02
8.532244999999999413e-02
6.733140999999999432e-02
6.716874000000000455e-02
7.696525999999999368e-02
8.502123000000000319e-02
1.049858000000000041e-01
9.628480999999999845e-02
9.939362000000000197e-02
7.343705000000000371e-02
6.504891999999999619e-02
6.836396999999999613e-02
8.205518000000000534e-02
1.047686300000000015e-01
9.382498000000000227e-02
8.267724999999999380e-02
8.866469999999999907e-02
1.087222899999999992e-01
1.607440300000000100e-01
1.131816999999999962e-01
7.790887000000000506e-02
7.193499000000000421e-02
8.709806000000000492e-02
1.174965599999999999e-01
2.710452700000000048e-01
2.865855700000000117e-01
3.806345500000000159e-01
4.274279200000000167e-01
3.581877399999999767e-01
2.960925099999999754e-01
1.908783199999999902e-01
9.934128999999999876e-02
7.092605000000000437e-02
6.853808000000000122e-02
7.053597000000000339e-02
7.398040999999999645e-02
8.431036000000000086e-02
1.274710400000000077e-01
1.227917699999999945e-01
1.061393100000000006e-01
1.439754699999999943e-01
1.336069099999999954e-01
1.567927400000000138e-01
1.142870500000000011e-01
1.173207200000000033e-01
9.439456999999999709e-02
9.626750000000000584e-02
8.598532999999999871e-02
1.070785999999999960e-01
1.001368599999999942e-01
7.654727999999999533e-02
1.091283299999999956e-01
1.045371699999999987e-01
1.015078400000000020e-01
5.911667000000000310e-02
