5.570731999999999767e-02
7.860443999999999765e-02
6.961891000000000607e-02
6.839486000000000177e-02
6.888381000000000365e-02
6.945326000000000277e-02
6.759374999999999412e-02
6.856887000000000398e-02
7.174284999999999690e-02
6.939162000000000108e-02
6.578712999999999922e-02
6.801049000000000677e-02
7.316599999999999493e-02
8.198561999999999517e-02
7.747795999999999850e-02
6.866142999999999552e-02
6.621578999999999660e-02
6.612112000000000545e-02
6.980606000000000311e-02
7.127360000000000639e-02
6.755126999999999660e-02
6.891315000000000635e-02
6.786720000000000252e-02
6.890654999999999697e-02
7.675771000000000677e-02
7.417008999999999408e-02
7.087764000000000564e-02
7.305506999999999973e-02
7.617622000000000282e-02
8.918856999999999480e-02
8.635096999999999912e-02
6.927732000000000334e-02
6.896233999999999698e-02
6.825496000000000341e-02
7.175798999999999372e-02
7.639255000000000351e-02
8.221812000000000564e-02
7.985744999999999649e-02
8.124649999999999928e-02
9.168447999999999876e-02
9.397516999999999676e-02
9.276579000000000075e-02
7.625817999999999486e-02
7.358597000000000055e-02
7.489566999999999752e-02
9.410080999999999307e-02
1.117982899999999946e-01
1.370052800000000071e-01
1.564730400000000077e-01
1.522410499999999889e-01
1.482994699999999888e-01
1.364881099999999958e-01
1.174923900000000021e-01
1.126931999999999934e-01
9.139616000000000406e-02
8.069576000000000526e-02
6.945669999999999622e-02
6.568736999999999493e-02
6.801313999999999971e-02
6.848306999999999312e-02
6.855941000000000118e-02
6.848368000000000511e-02
6.805166999999999466e-02
5.349518000000000328e-02
