5.159351000000000215e-02
6.691205999999999543e-02
6.479648999999999825e-02
6.599085999999999841e-02
6.576580999999999400e-02
6.786907000000000356e-02
6.742528000000000410e-02
6.719200000000000172e-02
7.074302000000000368e-02
6.985890999999999629e-02
6.683247999999999966e-02
6.411646000000000012e-02
6.543522000000000227e-02
6.826588999999999574e-02
6.838951999999999531e-02
7.234011999999999387e-02
7.020266999999999480e-02
6.565791999999999462e-02
6.480587000000000153e-02
6.768710000000000004e-02
6.953214000000000616e-02
7.096367000000000647e-02
7.404990000000000183e-02
6.745337999999999334e-02
6.600817000000000490e-02
6.876551999999999665e-02
7.080143999999999327e-02
7.053858999999999824e-02
6.844392000000000531e-02
6.547806000000000459e-02
6.680526000000000519e-02
6.798355000000000370e-02
6.875507000000000146e-02
7.055661000000000571e-02
6.990905999999999509e-02
7.354470000000000451e-02
6.961058000000000523e-02
7.772297000000000233e-02
7.346711000000000213e-02
6.968357000000000023e-02
6.742958999999999758e-02
6.722825000000000328e-02
7.078428000000000497e-02
7.540442999999999452e-02
7.991813999999999862e-02
8.553484999999999561e-02
9.662779999999999980e-02
1.055315899999999946e-01
9.409729999999999484e-02
8.480345999999999718e-02
7.243486000000000369e-02
7.373602999999999408e-02
8.375017999999999352e-02
1.098233500000000001e-01
1.587272100000000075e-01
1.713413299999999861e-01
1.910707799999999956e-01
2.106061899999999987e-01
2.205163499999999999e-01
2.103529700000000002e-01
1.881670500000000024e-01
1.765768500000000074e-01
1.079071800000000053e-01
5.709506999999999777e-02
