7.275365999999999778e-02
1.265467899999999923e-01
1.628980800000000007e-01
1.375820600000000060e-01
1.535517600000000094e-01
1.780958500000000000e-01
9.861778000000000211e-02
7.399224999999999552e-02
9.334705999999999559e-02
1.621043699999999976e-01
2.084561400000000120e-01
2.695804500000000270e-01
3.740977300000000172e-01
4.192954600000000087e-01
3.755585000000000173e-01
3.551151499999999905e-01
3.422104699999999888e-01
2.440586999999999895e-01
1.625417200000000006e-01
8.185062999999999367e-02
7.660588999999999593e-02
7.187256999999999674e-02
8.099257999999999458e-02
9.068816999999999851e-02
1.178497700000000065e-01
1.318468299999999982e-01
1.631034799999999951e-01
1.686803699999999961e-01
1.277883200000000108e-01
1.100307900000000033e-01
1.053082099999999993e-01
8.764563999999999688e-02
8.441434999999999911e-02
1.026810900000000026e-01
9.359423999999999522e-02
1.030640300000000009e-01
9.443786999999999321e-02
7.339147000000000032e-02
7.653487999999999958e-02
7.728316000000000352e-02
7.802804000000000684e-02
7.260943000000000258e-02
6.974760000000000681e-02
7.288160000000000471e-02
7.418740000000000057e-02
6.956102000000000118e-02
7.361331999999999598e-02
9.040020999999999474e-02
9.844717999999999525e-02
9.245085000000000108e-02
8.499747000000000552e-02
7.182239999999999458e-02
7.389007999999999687e-02
7.814577999999999802e-02
8.482844999999999969e-02
8.386209000000000024e-02
8.484801000000000148e-02
7.356366000000000294e-02
6.851129999999999720e-02
6.980711000000000555e-02
8.200206999999999635e-02
7.681214000000000097e-02
7.728857000000000088e-02
6.135725000000000207e-02
