6.366019000000000538e-02
9.009899000000000380e-02
7.940677999999999626e-02
8.882031999999999428e-02
8.145420000000000438e-02
7.173450000000000659e-02
6.731689999999999896e-02
6.708416000000000379e-02
6.973901999999999879e-02
8.547053000000000289e-02
9.660338000000000258e-02
7.809404000000000345e-02
6.974760000000000681e-02
7.244480000000000364e-02
8.583546000000000231e-02
7.364692999999999934e-02
8.501303000000000332e-02
7.787826000000000470e-02
7.485002000000000322e-02
6.975040000000000406e-02
6.994464000000000237e-02
8.482219000000000564e-02
9.308144000000000140e-02
7.357374999999999332e-02
7.741277000000000574e-02
7.451304999999999734e-02
7.783304000000000611e-02
8.699386000000000618e-02
8.213521999999999490e-02
7.978045000000000275e-02
9.174114999999999354e-02
9.029811999999999561e-02
9.019151999999999725e-02
8.255964000000000358e-02
7.209849999999999592e-02
7.895309000000000355e-02
1.048533400000000032e-01
1.140641599999999978e-01
1.071324899999999969e-01
8.885951000000000266e-02
9.208275000000000488e-02
1.032003199999999982e-01
1.109638399999999941e-01
1.295787200000000083e-01
1.095708700000000008e-01
8.175058000000000324e-02
1.180359099999999939e-01
1.370763000000000120e-01
2.416540699999999986e-01
2.727464399999999789e-01
2.993695699999999738e-01
2.744514299999999962e-01
2.593202299999999849e-01
2.529008999999999840e-01
1.802678100000000005e-01
1.325793100000000058e-01
9.068637000000000226e-02
7.458278999999999603e-02
8.018037000000000081e-02
7.325592999999999688e-02
7.426272999999999902e-02
6.816917999999999589e-02
6.792064999999999908e-02
5.626476999999999867e-02
