5.386950000000000072e-02
6.519110000000000182e-02
6.463692000000000049e-02
6.375770999999999522e-02
6.594856000000000329e-02
6.924310999999999661e-02
7.172757000000000438e-02
7.187056999999999474e-02
7.408124000000000653e-02
6.631478000000000372e-02
6.390761999999999832e-02
6.459006999999999943e-02
6.803428000000000253e-02
7.017661999999999511e-02
6.907773999999999859e-02
7.016759999999999664e-02
6.581995999999999680e-02
6.522538999999999421e-02
6.887334999999999985e-02
7.597265999999999742e-02
7.330006999999999495e-02
6.802603999999999596e-02
6.809250000000000025e-02
6.848036000000000401e-02
6.864211000000000618e-02
7.932986000000000204e-02
6.975177999999999934e-02
6.746808999999999445e-02
6.565819999999999990e-02
6.539954000000000600e-02
6.714444999999999442e-02
6.733677000000000412e-02
6.938080000000000636e-02
7.067903999999999853e-02
7.579342000000000024e-02
7.865158999999999345e-02
7.081922000000000217e-02
7.077076999999999674e-02
6.934927999999999926e-02
6.658456000000000097e-02
6.646971999999999603e-02
7.007125999999999633e-02
7.828836000000000128e-02
8.996329000000000131e-02
9.464408000000000543e-02
9.297584000000000404e-02
9.748175000000000590e-02
1.061908000000000019e-01
8.809219000000000077e-02
7.418081999999999454e-02
7.466366000000000669e-02
7.777349000000000068e-02
1.104759399999999947e-01
1.423417899999999958e-01
1.962036299999999900e-01
2.074313200000000024e-01
2.123887100000000083e-01
2.275363699999999878e-01
2.201182499999999875e-01
2.140604399999999907e-01
1.475582300000000124e-01
1.020563399999999954e-01
7.764804999999999624e-02
5.699048000000000308e-02
