5.575407000000000279e-02
6.707443999999999906e-02
6.773574999999999735e-02
7.392593000000000081e-02
8.286554999999999616e-02
8.715744000000000269e-02
8.687495000000000633e-02
9.853712000000000582e-02
1.208607299999999996e-01
1.700022200000000094e-01
1.647208199999999900e-01
1.370823999999999931e-01
7.526099999999999457e-02
7.195334000000000452e-02
8.988756999999999997e-02
1.592382599999999926e-01
2.325706300000000004e-01
2.802382700000000115e-01
3.432892599999999850e-01
3.872862499999999986e-01
3.922488399999999875e-01
3.516391799999999956e-01
2.537981899999999791e-01
1.886934000000000111e-01
9.599457999999999602e-02
7.473378999999999439e-02
7.537244999999999362e-02
7.484535000000000493e-02
9.718830999999999998e-02
1.539019299999999923e-01
1.512695400000000079e-01
1.572818300000000113e-01
2.041749999999999954e-01
1.740524200000000132e-01
1.839664699999999931e-01
9.194164999999999976e-02
7.263764000000000332e-02
7.849177999999999711e-02
9.256736999999999604e-02
9.637231000000000269e-02
1.008258199999999966e-01
8.246370999999999563e-02
9.920389000000000290e-02
8.827917000000000403e-02
7.109424000000000299e-02
7.668840999999999852e-02
7.285777000000000225e-02
8.017950999999999551e-02
7.059935000000000516e-02
7.489484999999999892e-02
8.446299999999999641e-02
9.891803999999999875e-02
9.557480000000000142e-02
1.045606099999999983e-01
8.774933999999999512e-02
9.260852999999999446e-02
8.136401000000000050e-02
7.663011000000000128e-02
7.117007000000000194e-02
7.571592000000000600e-02
8.578162000000000287e-02
1.069236400000000003e-01
9.603383000000000058e-02
6.613389999999999547e-02
