5.718826999999999938e-02
7.331522000000000039e-02
8.043693999999999844e-02
8.037589000000000539e-02
6.912687000000000692e-02
7.066733000000000042e-02
7.340460000000000040e-02
8.710962999999999345e-02
9.912263000000000324e-02
1.060891699999999965e-01
1.657729400000000075e-01
2.006988500000000120e-01
2.108468099999999956e-01
2.108501299999999967e-01
1.576984200000000058e-01
1.393842299999999979e-01
1.056716199999999939e-01
7.543408000000000058e-02
6.566439000000000303e-02
6.492265999999999315e-02
6.844814000000000453e-02
6.759600999999999804e-02
7.171278000000000374e-02
7.596775999999999529e-02
8.279672999999999894e-02
9.085674000000000528e-02
8.057643999999999918e-02
7.861414999999999376e-02
7.577425000000000133e-02
6.808100999999999736e-02
7.017002999999999435e-02
7.087121999999999866e-02
7.644647000000000248e-02
8.025435999999999681e-02
7.972137999999999447e-02
8.298962000000000006e-02
7.698525000000000507e-02
6.570550999999999475e-02
6.938639000000000612e-02
6.868665000000000187e-02
6.820350999999999497e-02
6.993642999999999388e-02
6.447915999999999370e-02
6.839886000000000577e-02
6.766326999999999758e-02
7.275217000000000489e-02
7.311784000000000339e-02
8.122833000000000137e-02
7.764506000000000185e-02
6.978964000000000001e-02
6.897340999999999889e-02
7.107542000000000026e-02
7.602279000000000675e-02
7.914287999999999879e-02
8.270597000000000365e-02
7.387391000000000096e-02
7.043281999999999321e-02
6.606660999999999784e-02
6.764820000000000555e-02
7.469612000000000473e-02
7.774324999999999986e-02
8.283008999999999511e-02
7.646883000000000152e-02
5.672695999999999988e-02
