6.008944000000000091e-02
9.913283999999999985e-02
1.085015200000000041e-01
1.135577599999999937e-01
1.116566600000000048e-01
1.528757400000000100e-01
1.303777399999999920e-01
1.182087599999999961e-01
1.515017600000000131e-01
1.730393500000000084e-01
1.556530100000000083e-01
8.905907999999999880e-02
9.745291999999999843e-02
1.599025000000000030e-01
2.456682000000000032e-01
3.039849399999999813e-01
3.997185500000000058e-01
3.992221400000000031e-01
3.707090599999999792e-01
3.199671800000000177e-01
2.802445000000000075e-01
1.697517500000000068e-01
1.269790399999999875e-01
9.052556000000000491e-02
7.247686000000000406e-02
8.144458000000000253e-02
9.017550000000000565e-02
9.112505999999999384e-02
9.795555999999999708e-02
1.495038900000000004e-01
1.982831200000000071e-01
1.564943900000000110e-01
1.412244599999999961e-01
1.016616899999999990e-01
1.025428399999999962e-01
9.793514000000000386e-02
8.559949999999999504e-02
8.329006999999999383e-02
7.724677000000000626e-02
8.674400000000000166e-02
7.841992000000000407e-02
8.083994999999999376e-02
7.491802000000000183e-02
6.921275000000000344e-02
6.593383999999999356e-02
7.486721000000000348e-02
7.666947000000000345e-02
7.721492000000000633e-02
6.897538000000000280e-02
7.923976000000000630e-02
9.812489000000000627e-02
1.028382899999999989e-01
9.140247999999999429e-02
8.798301000000000038e-02
7.348593000000000486e-02
7.079111999999999905e-02
7.234493999999999647e-02
7.670815000000000272e-02
8.857632000000000005e-02
7.897827999999999793e-02
6.702450999999999548e-02
7.815041000000000349e-02
7.216857000000000133e-02
6.077558999999999739e-02
