5.434255000000000335e-02
7.220150999999999653e-02
6.909933999999999521e-02
6.811482000000000647e-02
7.956584999999999352e-02
7.928433999999999482e-02
6.765540000000000442e-02
6.741179999999999395e-02
6.706197999999999326e-02
6.599475999999999953e-02
6.833026000000000377e-02
7.422159000000000395e-02
7.843300999999999745e-02
7.077651000000000081e-02
6.865991000000000455e-02
6.795423999999999909e-02
6.814573999999999632e-02
7.366037000000000279e-02
7.300822999999999341e-02
6.844448999999999672e-02
9.420288000000000272e-02
9.620104999999999629e-02
9.157503999999999644e-02
8.522446000000000188e-02
7.803290999999999700e-02
7.347315999999999570e-02
7.393547000000000313e-02
7.625814999999999677e-02
7.064903999999999629e-02
7.375212999999999908e-02
8.208374999999999699e-02
1.063820500000000058e-01
1.327104299999999903e-01
8.730372999999999606e-02
7.653089999999999893e-02
7.352622000000000324e-02
8.992741999999999403e-02
8.993036000000000085e-02
1.355941900000000033e-01
1.330961099999999897e-01
1.153019099999999936e-01
9.038865999999999568e-02
7.855850000000000333e-02
8.230200999999999489e-02
8.513336000000000514e-02
7.379992000000000496e-02
7.404056000000000526e-02
7.833086999999999689e-02
7.115249999999999353e-02
6.737248999999999322e-02
6.845461999999999381e-02
6.918220999999999399e-02
7.886142999999999625e-02
1.018606400000000023e-01
9.759091000000000293e-02
9.542776999999999510e-02
8.656532000000000115e-02
7.203785999999999523e-02
7.363392000000000548e-02
8.047418000000000626e-02
7.580952000000000524e-02
7.281115999999999977e-02
6.440435999999999384e-02
5.436650999999999984e-02
