5.060532999999999698e-02
1.012617299999999942e-01
7.914214999999999445e-02
7.742118000000000611e-02
7.167553000000000119e-02
6.906112999999999835e-02
6.656763999999999737e-02
7.589355999999999880e-02
9.353980000000000627e-02
8.625051000000000245e-02
7.906172999999999673e-02
7.012844999999999496e-02
8.981319999999999582e-02
9.250635999999999581e-02
8.831268999999999925e-02
7.601470999999999922e-02
7.703949000000000213e-02
7.311660999999999855e-02
7.697735999999999468e-02
8.120091000000000114e-02
7.641757000000000410e-02
8.397324000000000455e-02
7.412003000000000341e-02
8.437266999999999684e-02
9.484098000000000528e-02
9.489833999999999770e-02
7.570947999999999567e-02
9.204777999999999571e-02
9.589817000000000480e-02
1.220015700000000036e-01
1.335659899999999956e-01
8.769701000000000579e-02
8.010636000000000145e-02
7.363590000000000413e-02
8.476245000000000307e-02
1.210633700000000035e-01
1.450422700000000009e-01
1.461721400000000060e-01
1.122401799999999950e-01
9.928389999999999438e-02
1.723558000000000034e-01
1.784853799999999990e-01
1.418494299999999986e-01
1.414912799999999971e-01
1.368354999999999988e-01
1.500166099999999947e-01
3.398911399999999805e-01
3.862009900000000218e-01
5.014288999999999552e-01
4.360835299999999970e-01
4.396325600000000056e-01
4.597915100000000144e-01
3.320338400000000245e-01
3.165579399999999821e-01
1.887808900000000067e-01
1.125125000000000014e-01
8.362094000000000471e-02
7.859913999999999790e-02
7.720074000000000380e-02
8.047856000000000454e-02
9.676999999999999491e-02
1.018022700000000003e-01
1.300465500000000107e-01
6.808458000000000565e-02
