5.482976999999999990e-02
6.855371999999999855e-02
6.698819999999999775e-02
7.398794999999999678e-02
8.175899000000000361e-02
7.574728000000000017e-02
7.098453000000000401e-02
6.625201000000000007e-02
6.418446999999999347e-02
7.531256999999999535e-02
8.408274000000000303e-02
7.197910000000000419e-02
6.724810999999999983e-02
7.268932999999999645e-02
7.451061999999999963e-02
9.001650999999999403e-02
1.028310000000000057e-01
1.099607699999999993e-01
7.754519999999999469e-02
6.968960000000000432e-02
6.608042000000000082e-02
7.550497999999999932e-02
9.509344000000000130e-02
1.029324199999999967e-01
9.560694999999999610e-02
9.290826000000000640e-02
9.500192000000000359e-02
1.147060399999999952e-01
9.921172000000000324e-02
8.878228000000000508e-02
7.875335999999999448e-02
6.944301999999999420e-02
1.019817699999999994e-01
1.494134099999999965e-01
1.528503700000000132e-01
1.705506900000000048e-01
1.791161599999999965e-01
1.726890700000000001e-01
1.713098100000000068e-01
1.301033900000000132e-01
9.652866999999999698e-02
8.092085000000000250e-02
7.248348000000000291e-02
7.096402999999999739e-02
6.749612000000000667e-02
7.341493999999999798e-02
7.314814000000000038e-02
7.488641000000000048e-02
7.841523999999999717e-02
9.238382000000000538e-02
8.602029999999999399e-02
9.415342000000000156e-02
8.105287999999999382e-02
8.290369999999999684e-02
8.199161000000000643e-02
8.027919000000000027e-02
7.597046000000000354e-02
7.434124999999999761e-02
7.029042000000000623e-02
7.295993000000000617e-02
7.661331999999999864e-02
9.162246000000000279e-02
9.123407000000000044e-02
5.558810000000000140e-02
