5.577093000000000328e-02
6.802402000000000448e-02
6.908472000000000224e-02
6.658769999999999967e-02
6.607876999999999501e-02
7.715167000000000552e-02
8.675362999999999825e-02
9.442575000000000274e-02
9.412009000000000347e-02
7.459546999999999706e-02
7.054161000000000459e-02
6.968138000000000110e-02
7.961403999999999703e-02
8.316605999999999999e-02
7.631027999999999423e-02
7.965524999999999689e-02
6.930949000000000138e-02
7.296511999999999443e-02
8.942651000000000072e-02
9.799210999999999339e-02
9.227087999999999957e-02
7.522136999999999574e-02
8.370519999999999350e-02
1.035630000000000023e-01
1.015439600000000026e-01
1.153053700000000042e-01
8.618096999999999563e-02
8.399154999999999816e-02
7.717403999999999931e-02
7.634709000000000634e-02
7.604792999999999970e-02
7.566614000000000673e-02
7.765498999999999319e-02
9.478150000000000464e-02
1.271229799999999965e-01
1.269620200000000088e-01
7.817032999999999621e-02
7.918572999999999584e-02
1.003902599999999951e-01
1.229087900000000039e-01
9.759734999999999938e-02
8.414936000000000638e-02
1.043791200000000058e-01
1.481887699999999974e-01
1.792556499999999886e-01
1.733328600000000053e-01
1.478373400000000115e-01
1.385844200000000137e-01
9.451123000000000163e-02
9.554540999999999729e-02
1.252434000000000047e-01
1.420659300000000069e-01
2.580288099999999973e-01
3.659006399999999992e-01
4.875692400000000148e-01
4.399295400000000078e-01
4.579623299999999730e-01
4.420503700000000258e-01
4.154947999999999975e-01
3.398581999999999992e-01
2.326445699999999950e-01
1.476569299999999918e-01
9.030858999999999415e-02
6.712996999999999714e-02
