5.467375000000000013e-02
7.802626999999999480e-02
8.136031000000000513e-02
9.710042000000000673e-02
1.086191999999999991e-01
8.677410000000000678e-02
7.630457999999999685e-02
7.001664000000000498e-02
7.196415999999999924e-02
7.833126999999999451e-02
8.049101000000000172e-02
7.767282999999999826e-02
8.053374000000000643e-02
8.932526000000000355e-02
1.046364600000000006e-01
1.092281300000000066e-01
1.160265399999999975e-01
1.038991999999999971e-01
9.814032999999999785e-02
9.013561000000000489e-02
8.314926999999999735e-02
7.614426000000000527e-02
1.279015799999999869e-01
1.440325500000000092e-01
1.920675500000000036e-01
2.486521200000000043e-01
2.436141500000000015e-01
2.198063000000000100e-01
1.834297900000000092e-01
1.231193000000000010e-01
9.853038999999999548e-02
7.392361000000000071e-02
7.211140000000000605e-02
7.324709000000000081e-02
7.144610999999999323e-02
7.494169000000000525e-02
8.651672000000000529e-02
1.114767599999999942e-01
1.039214400000000038e-01
1.007084800000000030e-01
7.852976999999999874e-02
7.731374000000000579e-02
6.931326999999999627e-02
7.147512000000000310e-02
7.854400999999999744e-02
7.464783999999999309e-02
6.696839000000000264e-02
7.680301000000000489e-02
7.306543000000000065e-02
7.997028000000000469e-02
6.976572000000000329e-02
7.128336000000000394e-02
6.489952999999999694e-02
7.008080999999999339e-02
7.224160000000000303e-02
7.358238000000000278e-02
6.666953999999999936e-02
6.990343000000000251e-02
6.607103000000000281e-02
6.878228999999999593e-02
6.509437999999999336e-02
6.749520000000000519e-02
7.867589999999999306e-02
5.490872000000000114e-02
