6.626861000000000557e-02
9.457538000000000056e-02
8.365928000000000253e-02
7.053695999999999577e-02
7.319715999999999723e-02
8.415462999999999416e-02
7.639047999999999672e-02
7.580093000000000247e-02
7.030387999999999915e-02
7.133536000000000044e-02
6.772736999999999508e-02
6.745705000000000451e-02
7.326319000000000581e-02
7.338925000000000309e-02
7.904484000000000510e-02
7.331680000000000141e-02
6.993069999999999842e-02
7.214637999999999607e-02
7.259793999999999969e-02
7.144636999999999516e-02
8.105698999999999543e-02
8.871063999999999339e-02
9.156432999999999933e-02
1.307269199999999965e-01
1.205409499999999939e-01
1.057253199999999976e-01
8.988711000000000617e-02
7.747540999999999456e-02
8.002180000000000404e-02
7.640323999999999727e-02
9.375401999999999347e-02
1.211354399999999970e-01
1.406498999999999944e-01
1.221814700000000004e-01
1.311274000000000051e-01
1.366646300000000092e-01
1.165286199999999994e-01
9.297295999999999339e-02
1.100043400000000060e-01
1.301006799999999963e-01
1.508854000000000029e-01
2.758498799999999918e-01
3.169746999999999981e-01
3.839187900000000098e-01
4.023378799999999811e-01
3.314108000000000054e-01
2.419992800000000110e-01
1.831288000000000082e-01
1.403819000000000039e-01
8.090642000000000666e-02
7.411183000000000354e-02
8.152842999999999896e-02
9.043909999999999449e-02
9.829010000000000524e-02
1.265815000000000135e-01
1.892043200000000092e-01
1.681459100000000095e-01
1.384381199999999978e-01
1.369580200000000136e-01
1.756724699999999972e-01
1.552476700000000043e-01
1.029333300000000034e-01
9.042564999999999631e-02
6.013207999999999748e-02
