5.380188000000000331e-02
7.626138000000000361e-02
8.407639000000000085e-02
7.730135999999999952e-02
7.348609000000000391e-02
7.286534000000000066e-02
7.470200000000000451e-02
7.061514000000000679e-02
7.246097999999999428e-02
8.009262000000000326e-02
1.061809100000000033e-01
9.269415999999999767e-02
8.202152999999999528e-02
7.755434999999999413e-02
8.432957000000000647e-02
9.641418000000000210e-02
1.041539699999999985e-01
7.086423999999999501e-02
6.463219000000000602e-02
6.998719000000000467e-02
7.510421000000000458e-02
7.422165000000000012e-02
8.784891999999999701e-02
7.964572000000000318e-02
9.499944999999999917e-02
1.158410299999999976e-01
1.220038499999999970e-01
1.034262100000000045e-01
9.127187999999999968e-02
8.584714999999999707e-02
8.244687000000000543e-02
1.249176300000000017e-01
1.396427600000000047e-01
1.218644799999999973e-01
1.242965300000000023e-01
1.495003000000000026e-01
1.733795599999999881e-01
2.234036899999999881e-01
1.937529699999999966e-01
1.077611599999999947e-01
8.249591000000000562e-02
1.555669899999999883e-01
2.767413599999999918e-01
3.880055499999999769e-01
4.604275500000000187e-01
5.028972000000000442e-01
5.059009799999999446e-01
4.591403000000000012e-01
3.890275999999999734e-01
1.773964799999999953e-01
1.312872499999999942e-01
1.366865300000000005e-01
8.167175999999999603e-02
7.402243999999999491e-02
7.466596999999999817e-02
8.512037000000000075e-02
1.046883599999999942e-01
1.132961100000000054e-01
1.259159900000000054e-01
1.308804199999999973e-01
1.466319000000000095e-01
1.274622800000000111e-01
1.044720700000000002e-01
6.685111000000000525e-02
