8.065767999999999549e-02
1.252463799999999905e-01
1.649442899999999934e-01
1.320078500000000099e-01
1.273863899999999882e-01
1.659899200000000130e-01
1.497503199999999923e-01
1.404071299999999911e-01
1.579724799999999985e-01
8.551867000000000496e-02
8.758625000000000438e-02
8.756812999999999403e-02
2.165277200000000069e-01
2.850857700000000161e-01
3.511113200000000045e-01
4.345100800000000207e-01
4.538144800000000201e-01
3.596224199999999982e-01
2.643584600000000173e-01
1.785820899999999989e-01
1.234264000000000056e-01
9.489859999999999962e-02
7.451528999999999792e-02
6.720872999999999431e-02
7.232539999999999802e-02
8.190832000000000668e-02
8.724418000000000450e-02
9.071519999999999584e-02
9.172172000000000658e-02
9.705529000000000239e-02
9.916896000000000044e-02
8.148764999999999481e-02
8.362121999999999611e-02
7.597452000000000372e-02
7.754001000000000643e-02
7.782616000000000533e-02
7.627229000000000647e-02
6.972717000000000498e-02
7.065465999999999414e-02
6.974486000000000574e-02
6.716864999999999641e-02
6.789974000000000010e-02
6.700430999999999748e-02
6.609811999999999632e-02
6.538897999999999933e-02
6.653307999999999445e-02
6.626608999999999972e-02
6.650828999999999769e-02
6.578290999999999999e-02
6.700994000000000395e-02
6.998980999999999952e-02
6.780867000000000144e-02
6.796198000000000516e-02
6.605714999999999504e-02
6.769920999999999578e-02
6.886195999999999984e-02
6.917571999999999610e-02
6.669993000000000449e-02
7.086805000000000188e-02
7.138912000000000035e-02
6.645064000000000526e-02
6.804950999999999361e-02
6.354332999999999509e-02
5.511104000000000003e-02
