6.349001999999999424e-02
9.847074999999999578e-02
7.428020999999999929e-02
7.070901999999999743e-02
6.688760000000000538e-02
6.905822000000000349e-02
6.705091000000000523e-02
6.957462999999999842e-02
8.062157000000000351e-02
7.628351999999999355e-02
7.403553000000000217e-02
7.069332000000000393e-02
7.541989999999999805e-02
9.118624000000000174e-02
9.099814000000000513e-02
7.218376999999999433e-02
6.816638999999999338e-02
7.000481000000000065e-02
7.582595000000000307e-02
8.156384999999999330e-02
7.346263000000000098e-02
8.483880000000000587e-02
7.232135000000000646e-02
7.540312000000000403e-02
8.991551000000000404e-02
8.353842999999999686e-02
7.673963999999999785e-02
7.838246000000000102e-02
8.721366999999999314e-02
1.077245200000000042e-01
1.139613399999999943e-01
8.417669999999999320e-02
8.574207000000000356e-02
7.111022999999999650e-02
7.098026999999999809e-02
7.845599999999999796e-02
9.622426000000000590e-02
9.881262999999999852e-02
8.947961000000000109e-02
8.003163000000000638e-02
9.189083000000000667e-02
1.050129699999999972e-01
9.778402999999999401e-02
9.517559000000000435e-02
8.986640999999999380e-02
7.521413999999999878e-02
9.005472999999999950e-02
1.016894099999999940e-01
1.272950899999999996e-01
1.495310199999999867e-01
1.761189300000000069e-01
1.777913299999999974e-01
1.565153400000000028e-01
1.551866399999999868e-01
1.180259399999999959e-01
1.041274400000000017e-01
7.474656999999999829e-02
6.877289999999999792e-02
6.770395999999999359e-02
6.406175999999999537e-02
6.587426000000000392e-02
7.069314999999999627e-02
6.838047999999999349e-02
5.519547999999999816e-02
