7.222272999999999887e-02
1.828031800000000096e-01
2.924930800000000164e-01
3.563455899999999898e-01
4.380753600000000247e-01
4.832982699999999743e-01
5.091300600000000509e-01
4.839262699999999917e-01
4.190562400000000243e-01
3.036404600000000009e-01
2.596951399999999910e-01
1.319493700000000103e-01
1.051576699999999948e-01
8.364365999999999468e-02
8.305730999999999531e-02
9.221601999999999577e-02
9.816410999999999887e-02
1.246630299999999941e-01
1.330652099999999893e-01
1.169369100000000050e-01
1.548120099999999999e-01
1.475841400000000025e-01
1.100515299999999946e-01
8.622638000000000524e-02
7.644307999999999659e-02
7.596922999999999870e-02
7.049268999999999674e-02
7.931433999999999707e-02
7.917396999999999629e-02
8.097087999999999508e-02
6.934452000000000671e-02
6.513222000000000456e-02
6.854122999999999466e-02
6.824581000000000397e-02
6.913426999999999767e-02
7.040870999999999935e-02
6.864004999999999412e-02
7.163218000000000363e-02
7.954608000000000512e-02
8.721366999999999314e-02
7.392967000000000288e-02
8.029743999999999771e-02
7.642902000000000029e-02
7.386127000000000664e-02
7.500102999999999631e-02
8.862828999999999846e-02
8.595405999999999880e-02
7.584670999999999774e-02
6.978475000000000650e-02
6.712828999999999324e-02
7.139529000000000014e-02
8.390654000000000168e-02
8.422670999999999630e-02
8.463922999999999586e-02
7.693265999999999993e-02
7.225481000000000265e-02
7.367218999999999851e-02
8.378687999999999414e-02
8.620094000000000367e-02
7.349543000000000048e-02
7.194984999999999575e-02
6.728654000000000579e-02
6.728879000000000110e-02
5.868944000000000244e-02
