6.545270999999999728e-02
8.584182999999999397e-02
6.698236999999999941e-02
6.786559000000000341e-02
7.465576000000000156e-02
7.521313000000000304e-02
8.520397999999999861e-02
8.906269999999999465e-02
7.991856999999999434e-02
7.126950999999999425e-02
7.939664999999999917e-02
7.504948999999999648e-02
8.384345999999999466e-02
9.244890999999999526e-02
8.863514000000000115e-02
7.560005999999999671e-02
8.006278000000000006e-02
9.898785999999999696e-02
9.805974000000000634e-02
9.604819000000000551e-02
9.578293000000000224e-02
7.924839000000000189e-02
9.430431000000000230e-02
1.079567699999999936e-01
9.322025999999999923e-02
1.027419499999999986e-01
8.896081999999999601e-02
1.348417600000000049e-01
1.406353599999999870e-01
1.502657799999999877e-01
1.352898800000000012e-01
9.544561999999999491e-02
8.846170999999999895e-02
1.210074099999999958e-01
1.873566200000000015e-01
2.340966899999999962e-01
2.887114299999999911e-01
3.470645199999999875e-01
3.649172199999999866e-01
2.947390400000000077e-01
1.768515099999999896e-01
1.123439100000000052e-01
9.037718000000000140e-02
8.275702000000000058e-02
7.182336999999999749e-02
7.630678999999999934e-02
7.942436999999999414e-02
1.019913900000000012e-01
1.184733699999999945e-01
1.655486700000000089e-01
1.563186500000000034e-01
1.819528900000000060e-01
1.115339000000000053e-01
9.630473000000000505e-02
8.566269999999999440e-02
7.860066999999999748e-02
8.826143000000000183e-02
9.267040000000000000e-02
7.316219999999999668e-02
7.617243999999999404e-02
8.875291000000000430e-02
9.809370000000000589e-02
1.179145800000000049e-01
5.878450000000000342e-02
