5.509233000000000186e-02
7.297960000000000558e-02
7.197676999999999548e-02
6.655226000000000197e-02
7.411312000000000455e-02
9.183481000000000283e-02
1.049812600000000068e-01
1.051643399999999950e-01
1.147104099999999988e-01
7.968466999999999911e-02
6.842479999999999396e-02
6.665915000000000035e-02
8.064032000000000144e-02
9.898221000000000103e-02
9.102374000000000576e-02
9.123654000000000486e-02
7.207504000000000688e-02
7.633307999999999760e-02
8.776957999999999982e-02
1.189350400000000058e-01
1.035818800000000012e-01
7.946248000000000200e-02
9.456460999999999339e-02
1.043342399999999948e-01
8.981366999999999823e-02
1.268091399999999869e-01
9.478540000000000576e-02
9.041146999999999379e-02
8.005089999999999428e-02
7.833002999999999494e-02
8.913846999999999743e-02
8.709195999999999604e-02
7.550898999999999806e-02
8.810534000000000421e-02
1.276255500000000043e-01
1.215509800000000029e-01
8.346051999999999638e-02
1.057911500000000005e-01
7.768558999999999881e-02
1.021914599999999979e-01
8.887475999999999710e-02
8.532405999999999324e-02
1.017553499999999944e-01
1.369053000000000075e-01
1.544067100000000026e-01
1.212534200000000006e-01
1.422779600000000089e-01
1.594973500000000100e-01
1.134854799999999997e-01
8.902177999999999480e-02
1.073338499999999945e-01
1.260815600000000092e-01
2.234385000000000121e-01
2.804082600000000203e-01
4.488822800000000224e-01
4.192600499999999952e-01
4.589554399999999923e-01
4.329116599999999759e-01
4.242485200000000178e-01
3.465328500000000034e-01
2.804288899999999862e-01
2.252711500000000033e-01
1.304646700000000048e-01
7.360629999999999951e-02
