5.116492999999999736e-02
6.606074000000000668e-02
7.660541999999999352e-02
7.816441000000000361e-02
1.031905000000000044e-01
1.096289899999999956e-01
7.507919999999999872e-02
6.833878999999999648e-02
6.673893000000000186e-02
6.786746999999999919e-02
7.239975999999999356e-02
8.133706000000000269e-02
7.266441999999999346e-02
7.268602999999999870e-02
7.335502000000000689e-02
7.363630999999999649e-02
7.442076000000000247e-02
6.790325999999999307e-02
7.420351000000000030e-02
8.714882999999999658e-02
1.201458900000000052e-01
1.235757600000000067e-01
1.097756500000000024e-01
1.048174600000000012e-01
7.594916000000000167e-02
6.783851000000000464e-02
7.599865000000000093e-02
1.080524999999999958e-01
8.326213999999999837e-02
9.153601999999999572e-02
1.015225599999999978e-01
1.353365599999999946e-01
1.547616400000000059e-01
1.207978499999999983e-01
9.429991000000000068e-02
8.827319999999999611e-02
9.796323999999999310e-02
1.232095700000000044e-01
2.951145499999999755e-01
3.324827599999999883e-01
3.278674799999999889e-01
4.005002400000000073e-01
3.711892099999999917e-01
3.113503499999999979e-01
1.724502400000000046e-01
1.743645400000000123e-01
8.645260999999999918e-02
6.979417999999999733e-02
7.067846999999999325e-02
7.253115000000000256e-02
7.849850999999999357e-02
8.607539999999999636e-02
1.322951800000000122e-01
1.595915099999999920e-01
1.789891700000000030e-01
2.173022000000000009e-01
1.671232300000000115e-01
1.045221100000000014e-01
8.360504000000000546e-02
6.950436999999999588e-02
7.127645999999999982e-02
6.934864000000000306e-02
7.210204000000000613e-02
5.890714999999999840e-02
