5.976781999999999928e-02
7.503851999999999745e-02
6.874028000000000083e-02
7.361238000000000503e-02
8.065279000000000198e-02
7.747004999999999864e-02
9.072230000000000572e-02
7.732833999999999541e-02
7.445525000000000060e-02
6.845337999999999423e-02
7.989569000000000532e-02
7.425872999999999502e-02
7.753324000000000327e-02
8.485729999999999662e-02
8.245143000000000610e-02
7.643642999999999965e-02
8.784237000000000295e-02
1.165145600000000031e-01
9.541233000000000353e-02
8.108477000000000046e-02
7.416680000000000494e-02
7.359121999999999886e-02
9.816133999999999971e-02
1.183499199999999973e-01
1.159594800000000037e-01
1.122097700000000003e-01
1.169109299999999962e-01
1.607665699999999975e-01
1.652685100000000074e-01
1.486010399999999898e-01
1.180967500000000003e-01
9.083687999999999485e-02
1.000599400000000000e-01
2.392413300000000020e-01
3.222944699999999996e-01
4.385383400000000265e-01
4.964025899999999769e-01
4.899081299999999972e-01
4.542900300000000113e-01
3.056754799999999994e-01
1.889795800000000081e-01
1.242680500000000049e-01
1.082014699999999940e-01
9.871551000000000631e-02
8.233767999999999643e-02
9.167350999999999972e-02
1.074567399999999950e-01
1.313777399999999929e-01
1.412992899999999941e-01
1.826143899999999876e-01
1.864752299999999918e-01
2.219597500000000112e-01
1.384315299999999971e-01
1.150244700000000037e-01
9.862843999999999778e-02
1.234042899999999998e-01
1.133173900000000039e-01
1.353571600000000041e-01
9.600778000000000090e-02
9.227309000000000205e-02
9.016564000000000523e-02
9.416824000000000028e-02
1.263472300000000048e-01
6.054941999999999963e-02
