1.261524599999999940e-01
3.550313099999999888e-01
4.511081299999999961e-01
4.642622800000000272e-01
4.240924400000000150e-01
4.204032699999999956e-01
4.046808199999999967e-01
3.266210299999999789e-01
2.695482399999999945e-01
1.930409200000000047e-01
1.575013399999999897e-01
9.320048000000000221e-02
8.253921000000000174e-02
8.274689000000000350e-02
8.896698000000000106e-02
1.150960000000000039e-01
1.199917600000000029e-01
1.747278300000000006e-01
1.741530900000000104e-01
1.309867100000000062e-01
1.280512400000000106e-01
1.065197199999999983e-01
8.655082000000000053e-02
8.028604000000000296e-02
8.429151000000000005e-02
9.496230999999999423e-02
6.895660000000000678e-02
7.919507000000000629e-02
8.265239000000000613e-02
9.450458999999999943e-02
7.204496999999999984e-02
7.034727000000000341e-02
7.251291999999999460e-02
6.971737999999999547e-02
7.183820999999999957e-02
7.325204999999999911e-02
6.725979999999999459e-02
7.358789999999999776e-02
9.126924999999999621e-02
9.657443999999999751e-02
7.407692999999999917e-02
8.777625999999999484e-02
7.983115000000000350e-02
9.648742999999999903e-02
1.028908800000000040e-01
1.057703100000000063e-01
8.078048000000000173e-02
6.901137999999999717e-02
7.018718999999999653e-02
6.936818999999999624e-02
7.655489000000000044e-02
8.557352999999999488e-02
8.463310000000000277e-02
7.838249999999999384e-02
7.758663000000000365e-02
7.940626000000000628e-02
8.205479999999999718e-02
9.501740999999999659e-02
9.132766999999999968e-02
7.548990999999999341e-02
7.010094999999999521e-02
6.917373000000000272e-02
6.348291000000000350e-02
5.942802999999999974e-02
