5.323926999999999826e-02
8.768642999999999577e-02
7.535977000000000647e-02
7.224788999999999517e-02
6.908200999999999925e-02
7.427372000000000141e-02
7.099268999999999719e-02
6.868794000000000288e-02
7.117576999999999932e-02
8.600969999999999449e-02
8.259384999999999644e-02
9.180006999999999751e-02
1.147564100000000031e-01
9.289047000000000276e-02
8.745524000000000353e-02
7.354492999999999447e-02
6.899138999999999966e-02
7.145920999999999523e-02
9.871744000000000352e-02
1.319934000000000107e-01
1.675706100000000087e-01
1.981261500000000009e-01
1.979124499999999898e-01
1.798007799999999934e-01
1.444764600000000010e-01
1.258235400000000115e-01
9.186113999999999391e-02
7.568350999999999551e-02
6.847654999999999714e-02
7.152042999999999595e-02
7.280752000000000057e-02
8.363550000000000151e-02
9.135488999999999415e-02
9.125771000000000577e-02
1.126427900000000065e-01
9.630692000000000419e-02
8.499948999999999699e-02
8.351746000000000170e-02
7.639042999999999528e-02
7.372794000000000569e-02
7.759778000000000509e-02
7.626160999999999357e-02
7.977006999999999848e-02
6.997346000000000121e-02
6.804834999999999356e-02
6.901851999999999987e-02
6.937857000000000052e-02
6.661731999999999376e-02
6.590712999999999433e-02
6.793351000000000250e-02
7.125412999999999886e-02
7.634367000000000236e-02
7.137472999999999734e-02
6.712316000000000116e-02
6.640659000000000145e-02
7.209214999999999374e-02
7.280976000000000115e-02
7.847580999999999307e-02
8.830926000000000053e-02
8.720215000000000605e-02
6.923891000000000073e-02
6.624621999999999455e-02
6.578981999999999886e-02
5.362435000000000118e-02
