5.364636999999999878e-02
7.454626000000000308e-02
7.094830000000000580e-02
7.022270999999999375e-02
6.685415999999999581e-02
7.414877000000000273e-02
8.297757999999999523e-02
8.882650999999999741e-02
9.158283000000000396e-02
8.291777000000000175e-02
7.678313999999999973e-02
7.236766000000000032e-02
6.814805000000000168e-02
7.873017999999999683e-02
8.146657999999999678e-02
9.352270999999999501e-02
8.186730999999999869e-02
7.322860999999999954e-02
6.777590999999999477e-02
7.836181000000000396e-02
8.010578999999999616e-02
8.892434000000000449e-02
8.878387999999999558e-02
7.885040000000000104e-02
7.264495999999999454e-02
8.934925999999999979e-02
8.729945000000000066e-02
8.041811000000000098e-02
7.374023000000000383e-02
7.029038999999999426e-02
7.499224999999999641e-02
7.002018000000000131e-02
9.189685000000000215e-02
8.645750000000000657e-02
8.397119000000000111e-02
1.152075000000000043e-01
8.755466000000000637e-02
9.471076999999999968e-02
8.264652999999999583e-02
8.536784999999999513e-02
7.066177999999999348e-02
7.645254999999999412e-02
1.040984100000000023e-01
1.295978299999999972e-01
1.245566500000000049e-01
1.062793399999999999e-01
1.180958000000000008e-01
1.516830899999999926e-01
1.355159599999999909e-01
1.273674800000000051e-01
1.000256300000000043e-01
9.795573000000000474e-02
1.035090800000000033e-01
1.628284000000000120e-01
2.491223200000000082e-01
3.075682499999999875e-01
3.448785799999999901e-01
3.646297800000000144e-01
3.718529300000000259e-01
3.733426899999999771e-01
3.133494099999999949e-01
2.533561300000000127e-01
1.380122300000000135e-01
5.896966000000000013e-02
