5.558636000000000132e-02
7.157075000000000242e-02
7.109804000000000124e-02
7.038125000000000631e-02
7.089552000000000354e-02
8.010377999999999943e-02
8.079999999999999682e-02
8.481616000000000155e-02
8.769055000000000599e-02
7.456200999999999801e-02
7.173140000000000072e-02
6.726429999999999909e-02
6.955633999999999428e-02
7.500023000000000106e-02
8.300259000000000109e-02
9.091549000000000158e-02
8.504362000000000033e-02
7.569741000000000664e-02
8.267441000000000373e-02
9.909328000000000580e-02
1.123723799999999939e-01
9.259454999999999769e-02
7.328423000000000576e-02
6.989826000000000372e-02
8.322090999999999517e-02
1.338263299999999933e-01
1.787006700000000059e-01
2.017290999999999945e-01
1.951379599999999992e-01
1.548577800000000004e-01
1.346541599999999950e-01
1.024104400000000054e-01
9.225229999999999542e-02
7.436650000000000205e-02
7.298024000000000178e-02
7.612267000000000339e-02
7.680568000000000117e-02
7.721435000000000104e-02
1.046888700000000033e-01
1.032684900000000044e-01
7.941689999999999861e-02
1.298225799999999930e-01
1.100055100000000008e-01
7.509652999999999468e-02
8.011635999999999758e-02
6.818061000000000260e-02
6.916972999999999872e-02
7.180261999999999756e-02
6.982085000000000374e-02
7.822700000000000486e-02
7.501207000000000014e-02
7.203695999999999711e-02
7.055327000000000126e-02
7.195529000000000508e-02
8.153659000000000601e-02
7.561112000000000388e-02
6.784192000000000000e-02
7.422091999999999579e-02
7.311661999999999328e-02
7.129483999999999821e-02
7.241285999999999556e-02
7.206656999999999647e-02
6.435876000000000097e-02
5.522240999999999955e-02
