5.676006000000000107e-02
7.016882000000000674e-02
6.650129000000000457e-02
6.643187000000000397e-02
6.422418000000000571e-02
6.711586999999999414e-02
6.726200999999999708e-02
6.997301999999999689e-02
7.260447999999999902e-02
7.334612000000000076e-02
7.020666000000000406e-02
6.650905999999999485e-02
6.506059000000000148e-02
6.698882999999999921e-02
6.963666999999999774e-02
7.428693999999999575e-02
7.037379000000000551e-02
6.709761000000000197e-02
6.536612999999999452e-02
6.670995999999999870e-02
6.820497999999999839e-02
7.272061999999999971e-02
7.328514999999999335e-02
6.672885000000000622e-02
6.586261999999999672e-02
6.898735999999999757e-02
7.137519999999999976e-02
7.094053999999999638e-02
6.780775999999999470e-02
6.477178999999999576e-02
6.560132999999999937e-02
6.760703999999999325e-02
6.912870999999999599e-02
6.968183999999999489e-02
6.698049000000000364e-02
6.911997000000000280e-02
6.821191999999999533e-02
7.269195000000000517e-02
7.261913000000000395e-02
6.736495000000000677e-02
6.472985000000000544e-02
6.637366000000000099e-02
6.890379000000000642e-02
6.831819999999999560e-02
6.922214000000000145e-02
7.323425000000000074e-02
8.102481000000000266e-02
8.186327999999999661e-02
7.557614999999999472e-02
7.317152999999999852e-02
6.877822000000000102e-02
6.843918000000000224e-02
6.527030000000000332e-02
6.983573999999999338e-02
7.825232000000000021e-02
8.345368000000000230e-02
9.530940000000000245e-02
1.008951000000000015e-01
1.141578099999999985e-01
1.220707099999999989e-01
1.197653300000000032e-01
1.191231700000000004e-01
1.044260600000000011e-01
5.445871000000000045e-02
