5.698206000000000104e-02
6.977046000000000636e-02
6.697374999999999856e-02
6.691661000000000137e-02
6.658331000000000666e-02
6.826759000000000299e-02
6.743221000000000631e-02
6.757620999999999767e-02
6.730558999999999847e-02
6.753072999999999715e-02
6.849492000000000080e-02
6.889473000000000125e-02
7.581089000000000577e-02
7.725791999999999382e-02
7.539308000000000121e-02
7.253181999999999685e-02
6.786857000000000306e-02
6.837785999999999864e-02
7.254995999999999667e-02
7.379906999999999440e-02
7.443566000000000071e-02
7.544884000000000313e-02
8.051339000000000412e-02
8.212050999999999379e-02
8.352374999999999383e-02
8.154535000000000255e-02
8.031818999999999764e-02
7.291330000000000033e-02
7.410078000000000498e-02
8.227188000000000556e-02
1.046630199999999955e-01
1.300085900000000072e-01
1.429633600000000115e-01
1.731911499999999882e-01
1.262243700000000024e-01
1.220083200000000034e-01
1.138417800000000035e-01
8.370700000000000363e-02
7.959238000000000424e-02
7.105580000000000229e-02
7.178202999999999667e-02
7.923465000000000369e-02
8.485022000000000397e-02
7.515573999999999866e-02
7.924061000000000299e-02
7.820768999999999638e-02
8.640325999999999562e-02
8.821787999999999852e-02
7.141367999999999328e-02
6.746834999999999638e-02
6.813410999999999773e-02
6.837917000000000300e-02
7.143061000000000549e-02
7.351433999999999747e-02
7.312599000000000182e-02
7.059782000000000557e-02
7.518336999999999937e-02
7.563720999999999639e-02
7.527068000000000647e-02
7.159427999999999626e-02
6.650221000000000604e-02
6.802052999999999572e-02
6.826976999999999351e-02
5.391411000000000120e-02
