5.231954999999999939e-02
6.471314000000000233e-02
6.378040000000000098e-02
6.738333000000000517e-02
6.902978999999999365e-02
7.146859999999999324e-02
6.604967000000000477e-02
6.217978999999999867e-02
6.369051000000000573e-02
6.450039000000000466e-02
6.824578000000000588e-02
6.920775999999999317e-02
6.775212999999999375e-02
6.714135000000000242e-02
6.774969000000000130e-02
6.540179999999999605e-02
6.761494999999999311e-02
6.478565000000000018e-02
6.501052000000000219e-02
6.776727000000000445e-02
7.556129999999999791e-02
7.625566000000000288e-02
7.983012999999999915e-02
8.270913000000000570e-02
7.174568000000000612e-02
6.836454000000000142e-02
7.138123000000000384e-02
7.809837000000000029e-02
7.244678999999999702e-02
7.768398999999999444e-02
8.209297999999999595e-02
8.931068999999999813e-02
1.078472399999999970e-01
9.403377999999999737e-02
9.295565999999999551e-02
8.010322999999999749e-02
7.312374000000000651e-02
9.851458999999999910e-02
1.714729399999999904e-01
1.955236499999999933e-01
2.573704700000000178e-01
3.125760300000000047e-01
3.447021800000000247e-01
3.228007600000000199e-01
2.809449700000000161e-01
2.125821900000000042e-01
1.442670400000000130e-01
1.184509799999999974e-01
8.211983000000000477e-02
7.126372999999999736e-02
7.439964000000000299e-02
7.786862999999999424e-02
9.582346999999999393e-02
1.054195599999999955e-01
1.352461600000000042e-01
2.000460000000000016e-01
1.638410399999999933e-01
1.259149599999999924e-01
1.125508900000000007e-01
1.092694300000000007e-01
9.640778999999999321e-02
7.531203999999999676e-02
7.363956000000000668e-02
5.722594999999999765e-02
