5.099507000000000345e-02
7.091211999999999516e-02
8.014942999999999373e-02
7.676639999999999853e-02
7.827041999999999333e-02
7.790070000000000328e-02
7.069939000000000084e-02
6.510741000000000445e-02
6.464720999999999662e-02
7.448356000000000421e-02
8.542987000000000497e-02
8.252610000000000501e-02
7.605061999999999933e-02
7.796147999999999967e-02
7.049445999999999490e-02
9.255057999999999341e-02
9.350482000000000238e-02
7.227482999999999824e-02
6.749152999999999403e-02
7.231363999999999848e-02
7.203353999999999313e-02
7.576185000000000558e-02
9.014740999999999727e-02
8.432159000000000182e-02
9.294183999999999779e-02
1.006717099999999976e-01
1.128615500000000049e-01
1.073316200000000026e-01
9.572149000000000629e-02
9.707517999999999703e-02
7.752546000000000437e-02
7.943322999999999356e-02
9.648982000000000392e-02
1.115879599999999999e-01
1.076923199999999942e-01
1.090205499999999939e-01
1.147105800000000064e-01
1.364236299999999902e-01
1.563452499999999912e-01
1.474325400000000008e-01
1.290750699999999862e-01
1.145644499999999982e-01
1.850914200000000065e-01
2.450211499999999931e-01
3.393824699999999916e-01
4.228720999999999730e-01
4.872404599999999864e-01
5.020618399999999815e-01
4.862091800000000186e-01
3.519242399999999993e-01
3.116942300000000166e-01
2.641987199999999980e-01
1.541622099999999940e-01
1.518262900000000026e-01
7.322462999999999889e-02
7.475329000000000002e-02
8.655456000000000261e-02
8.255574999999999719e-02
9.857340000000000546e-02
1.283191999999999944e-01
1.599980099999999961e-01
1.513377899999999998e-01
1.331875799999999999e-01
6.400337000000000387e-02
