5.648808999999999775e-02
7.538095999999999686e-02
8.398503999999999692e-02
7.734607999999999761e-02
6.683414999999999495e-02
7.525975000000000026e-02
7.439983999999999487e-02
9.379969999999999974e-02
9.421519000000000421e-02
1.014292499999999986e-01
8.648401000000000005e-02
8.095120000000000093e-02
6.830624999999999891e-02
7.188335999999999337e-02
8.120349999999999790e-02
9.445409999999999917e-02
1.046020000000000005e-01
7.409348000000000323e-02
7.352625999999999606e-02
1.077156100000000033e-01
1.539918799999999977e-01
1.142705499999999985e-01
9.470220999999999500e-02
8.173052999999999568e-02
6.744403999999999677e-02
1.110318599999999961e-01
1.894258600000000015e-01
2.902068500000000162e-01
3.284316400000000247e-01
2.607476100000000185e-01
2.850456499999999838e-01
2.265256800000000070e-01
2.159705000000000097e-01
1.111600699999999997e-01
1.207802699999999951e-01
1.287719900000000028e-01
1.171607300000000046e-01
8.765396999999999772e-02
1.028498899999999994e-01
1.230853199999999981e-01
1.227059399999999995e-01
1.554323300000000074e-01
9.637089999999999546e-02
1.064149399999999995e-01
9.008929000000000242e-02
8.917558000000000429e-02
7.643091000000000468e-02
7.406559999999999533e-02
7.689798999999999940e-02
8.349562000000000650e-02
8.284716000000000302e-02
8.926620999999999861e-02
7.041898000000000601e-02
8.998465999999999410e-02
8.426691999999999516e-02
7.319517000000000384e-02
7.601459000000000688e-02
7.666033999999999349e-02
7.499759000000000286e-02
6.834714000000000067e-02
7.555879000000000068e-02
7.413690000000000557e-02
6.854469000000000534e-02
5.836409000000000041e-02
