6.439040999999999515e-02
8.610898999999999637e-02
8.335958000000000256e-02
7.336057999999999468e-02
6.717244999999999466e-02
7.155889000000000000e-02
7.902472000000000663e-02
8.693281999999999399e-02
7.900385000000000046e-02
8.716279000000000388e-02
7.401736999999999900e-02
6.892607000000000594e-02
6.636469999999999869e-02
7.971256999999999648e-02
9.074232999999999605e-02
8.113077000000000483e-02
7.880507000000000484e-02
6.979684999999999362e-02
7.026456999999999842e-02
7.617920999999999720e-02
9.203730000000000244e-02
7.003582999999999337e-02
7.399379999999999846e-02
8.234962999999999311e-02
1.041914500000000049e-01
1.174783699999999986e-01
1.171450899999999934e-01
8.164011000000000184e-02
7.907981000000000038e-02
7.321769999999999667e-02
8.708847000000000116e-02
1.286001999999999978e-01
1.477448600000000056e-01
1.380396000000000123e-01
1.671090000000000075e-01
1.619895199999999980e-01
1.502339699999999945e-01
1.590638299999999894e-01
1.036240199999999972e-01
8.818473000000000284e-02
1.329323400000000099e-01
2.679282100000000000e-01
4.314976600000000051e-01
5.119441200000000025e-01
5.409390299999999874e-01
4.869551999999999770e-01
3.978121900000000100e-01
3.590847600000000028e-01
2.299939799999999868e-01
1.199207300000000032e-01
8.821771999999999947e-02
7.624192999999999942e-02
7.942348999999999937e-02
9.972074999999999689e-02
1.340259500000000048e-01
1.436610399999999899e-01
1.406665599999999960e-01
1.556642099999999973e-01
1.454841600000000013e-01
1.804953400000000041e-01
1.846812399999999965e-01
1.407443300000000008e-01
9.469639000000000528e-02
6.203082000000000040e-02
