7.449266999999999694e-02
1.497951100000000091e-01
1.672840600000000122e-01
1.484838099999999939e-01
1.069033000000000067e-01
1.022749899999999962e-01
8.418568999999999358e-02
1.050195899999999960e-01
1.831024900000000066e-01
3.144371799999999828e-01
3.767675799999999908e-01
3.913310799999999978e-01
4.353339399999999748e-01
4.269216399999999911e-01
3.270643899999999826e-01
2.752470100000000142e-01
2.330848299999999929e-01
1.007494099999999976e-01
9.217021000000000241e-02
7.709169000000000438e-02
7.621145000000000003e-02
7.246806000000000081e-02
8.600673000000000346e-02
1.177673899999999996e-01
1.517523199999999961e-01
1.617828799999999900e-01
1.425683299999999931e-01
1.114574200000000015e-01
9.520267999999999786e-02
8.115574999999999872e-02
8.812369000000000452e-02
9.284712000000000520e-02
9.320133999999999364e-02
1.044712000000000002e-01
9.572714999999999697e-02
9.276958999999999900e-02
7.956394999999999440e-02
7.327382000000000339e-02
7.572737000000000218e-02
7.306577000000000210e-02
7.117682000000000175e-02
7.322689000000000281e-02
6.499462000000000295e-02
6.980975000000000374e-02
7.085204000000000502e-02
7.766422000000000603e-02
8.086517000000000011e-02
8.092523000000000077e-02
8.143453000000000497e-02
7.092716000000000298e-02
7.650722000000000078e-02
7.937524999999999442e-02
8.568164999999999809e-02
8.026563000000000447e-02
7.754339000000000370e-02
6.997755999999999421e-02
6.750066000000000399e-02
6.962094000000000615e-02
7.842448000000000474e-02
8.271008000000000526e-02
8.365124000000000171e-02
7.916054999999999620e-02
6.859139000000000208e-02
5.682617000000000224e-02
