5.927918000000000076e-02
1.038350799999999963e-01
8.279366000000000503e-02
7.504953000000000318e-02
8.097701999999999678e-02
1.074933899999999942e-01
1.709405200000000125e-01
3.031528299999999843e-01
3.999735700000000005e-01
4.688326099999999830e-01
4.805071399999999993e-01
4.096771799999999741e-01
4.030741500000000199e-01
3.313083600000000239e-01
2.003241900000000131e-01
1.249338299999999957e-01
9.832040999999999698e-02
7.598797999999999664e-02
7.034223000000000559e-02
8.520257000000000525e-02
8.935766000000000542e-02
1.046019400000000044e-01
1.277806300000000062e-01
1.408170300000000097e-01
1.776398600000000105e-01
1.639861900000000039e-01
1.078368299999999946e-01
7.307494000000000489e-02
7.396126999999999563e-02
7.839846999999999788e-02
8.968714999999999327e-02
7.826017000000000390e-02
8.018408999999999953e-02
8.451316000000000384e-02
7.750603999999999827e-02
7.367319999999999425e-02
7.310685000000000100e-02
8.090778999999999332e-02
7.862537999999999472e-02
7.299719000000000346e-02
6.671642999999999324e-02
7.206482000000000165e-02
7.759037000000000572e-02
8.876689999999999581e-02
8.081768000000000285e-02
8.175192000000000569e-02
8.110175000000000023e-02
6.876967999999999970e-02
6.765305000000000624e-02
7.819392999999999483e-02
8.799316999999999556e-02
9.292657999999999474e-02
7.924380999999999786e-02
7.136489000000000027e-02
6.707156999999999702e-02
7.605592999999999382e-02
7.550001000000000628e-02
7.535968999999999307e-02
8.431376999999999622e-02
8.445632999999999613e-02
7.372209000000000401e-02
7.601241999999999721e-02
7.596928000000000014e-02
5.991239999999999760e-02
