6.085466999999999960e-02
9.735441000000000233e-02
9.874613999999999614e-02
9.546710999999999392e-02
1.013667699999999949e-01
9.897119999999999529e-02
7.512188999999999672e-02
7.189534999999999676e-02
8.431395999999999336e-02
1.194195299999999960e-01
1.365602800000000061e-01
1.798261899999999969e-01
2.026624200000000098e-01
1.896592099999999947e-01
1.648071399999999909e-01
1.526570600000000111e-01
1.410260600000000086e-01
1.005306799999999973e-01
8.045383999999999869e-02
6.918620000000000325e-02
6.802376999999999729e-02
6.926036000000000692e-02
7.065907000000000437e-02
7.073707999999999385e-02
8.104838000000000320e-02
8.980414000000000452e-02
9.412191000000000307e-02
8.964463000000000292e-02
8.833805000000000129e-02
7.750492999999999966e-02
7.595818000000000014e-02
7.567545999999999995e-02
7.778735999999999984e-02
8.339522000000000601e-02
8.070430000000000659e-02
8.452774999999999872e-02
7.637035999999999825e-02
6.797620999999999525e-02
7.034759000000000151e-02
6.858930000000000582e-02
6.911992999999999610e-02
6.744149000000000671e-02
6.891426000000000496e-02
6.867117000000000360e-02
6.735383999999999816e-02
6.917927000000000104e-02
7.054813000000000056e-02
7.445438000000000056e-02
7.347286999999999568e-02
7.336756999999999307e-02
6.776223000000000662e-02
6.514100999999999919e-02
6.575242000000000586e-02
6.877266999999999408e-02
7.171963000000000643e-02
6.796443000000000623e-02
6.638652000000000442e-02
6.609102000000000032e-02
6.639954000000000689e-02
6.634001000000000481e-02
6.693743000000000609e-02
6.643765000000000087e-02
6.629611000000000531e-02
5.247965000000000269e-02
