9.171656999999999726e-02
1.671979000000000104e-01
1.031529800000000052e-01
8.132775999999999894e-02
9.922316000000000469e-02
1.484315800000000074e-01
2.535976799999999920e-01
3.412323899999999965e-01
4.020940100000000017e-01
4.372703399999999796e-01
4.414561100000000127e-01
3.984643199999999830e-01
3.773101600000000055e-01
3.101435000000000164e-01
1.813022900000000048e-01
1.342616399999999877e-01
1.012839199999999995e-01
7.453115999999999908e-02
7.283784999999999565e-02
8.032074999999999632e-02
7.977380000000000582e-02
8.216735000000000011e-02
8.953927000000000413e-02
9.495649999999999924e-02
1.116747500000000032e-01
1.152182800000000062e-01
9.189893999999999841e-02
7.207278000000000295e-02
7.371223000000000358e-02
7.466899999999999926e-02
7.312804000000000526e-02
7.955895000000000328e-02
7.425524000000000013e-02
7.568503999999999510e-02
7.427612000000000103e-02
7.237419000000000491e-02
7.133652000000000049e-02
7.315715000000000412e-02
7.108288000000000106e-02
6.652529999999999555e-02
6.507195999999999814e-02
6.756618000000000346e-02
6.911725999999999981e-02
7.472149000000000152e-02
7.206849999999999368e-02
6.783783000000000174e-02
6.800493999999999983e-02
6.621464000000000516e-02
6.551213999999999649e-02
6.996636000000000521e-02
7.962850000000000483e-02
7.943297000000000552e-02
7.573030999999999513e-02
6.846502999999999617e-02
6.787717000000000056e-02
7.373981000000000285e-02
7.264581000000000510e-02
6.797981999999999636e-02
7.292530999999999319e-02
7.226477000000000595e-02
7.049832999999999794e-02
7.254099999999999437e-02
6.971439000000000108e-02
5.498048999999999992e-02
