6.603177999999999825e-02
1.081422900000000020e-01
9.530813000000000479e-02
1.073247900000000032e-01
9.099749999999999506e-02
8.904963999999999935e-02
7.133108000000000504e-02
6.828154999999999641e-02
7.331398000000000081e-02
9.302251000000000269e-02
9.893361000000000516e-02
8.094756000000000173e-02
7.103128000000000219e-02
7.605594000000000243e-02
8.855378999999999334e-02
7.333101999999999676e-02
1.001519000000000020e-01
1.049682599999999938e-01
9.990888000000000546e-02
7.278150999999999371e-02
7.098933000000000326e-02
1.074531299999999939e-01
9.797335000000000071e-02
7.818819000000000463e-02
7.597065999999999542e-02
6.835694999999999966e-02
9.467936000000000407e-02
1.288566399999999945e-01
9.273062999999999445e-02
9.899428999999999867e-02
8.757070000000000132e-02
8.852168000000000536e-02
1.049580700000000005e-01
8.878228999999999982e-02
9.468403000000000236e-02
8.235744000000000398e-02
1.266281200000000107e-01
1.431298400000000082e-01
1.054256900000000025e-01
8.537870999999999655e-02
9.296266999999999725e-02
1.301463800000000059e-01
1.292841999999999880e-01
1.412530499999999911e-01
1.191886699999999966e-01
9.600696999999999703e-02
7.099070999999999854e-02
7.579566000000000081e-02
1.340136100000000052e-01
2.743287699999999996e-01
4.040288000000000213e-01
4.264177100000000054e-01
4.107710700000000159e-01
4.214475200000000199e-01
3.774682599999999999e-01
2.966655500000000001e-01
2.021742900000000065e-01
1.685725600000000102e-01
1.109283600000000036e-01
8.228288000000000268e-02
6.645634999999999737e-02
7.358254999999999657e-02
8.981107000000000673e-02
6.024750000000000244e-02
