5.748720000000000219e-02
7.301942000000000155e-02
7.644816999999999585e-02
6.820566000000000129e-02
6.841650999999999982e-02
8.162376000000000353e-02
7.873660999999999854e-02
8.592805000000000581e-02
8.530994999999999551e-02
8.128109999999999502e-02
7.858173999999999715e-02
6.910056000000000531e-02
6.985821999999999865e-02
7.235361999999999350e-02
7.931129000000000651e-02
8.921318000000000303e-02
1.009488600000000014e-01
7.846546000000000076e-02
7.901302000000000325e-02
1.038892399999999938e-01
1.138470599999999999e-01
9.035031000000000312e-02
7.720019999999999660e-02
6.957351999999999981e-02
7.790136999999999756e-02
1.304670900000000078e-01
1.977704799999999985e-01
2.485783699999999929e-01
2.101613900000000035e-01
1.989124700000000079e-01
1.849332900000000002e-01
1.243809800000000021e-01
1.097024500000000069e-01
7.942572999999999994e-02
6.711628000000000038e-02
7.022133999999999321e-02
7.613582000000000682e-02
7.383499999999999786e-02
9.334568000000000032e-02
1.102221099999999981e-01
7.937465999999999966e-02
9.432975000000000387e-02
1.289027299999999931e-01
8.847505999999999426e-02
7.309416999999999998e-02
7.218041000000000040e-02
6.942615000000000591e-02
6.830495999999999790e-02
7.010732000000000075e-02
7.576235000000000608e-02
8.209128999999999732e-02
7.248322999999999572e-02
7.720306000000000390e-02
7.446126999999999607e-02
6.871070999999999429e-02
7.008272000000000113e-02
7.367935000000000456e-02
6.689014000000000071e-02
7.180831000000000020e-02
7.751774000000000164e-02
7.289884000000000641e-02
7.104797000000000196e-02
6.676065999999999945e-02
5.684202000000000005e-02
