5.131933000000000328e-02
6.495196000000000303e-02
6.757124000000000463e-02
7.907071999999999712e-02
7.570011999999999575e-02
9.311361999999999417e-02
6.793280999999999625e-02
6.498518999999999823e-02
6.942363999999999480e-02
6.511651999999999718e-02
7.227529000000000592e-02
7.421366999999999547e-02
7.240668999999999578e-02
7.005783000000000149e-02
6.518725000000000214e-02
7.406369000000000147e-02
7.841626999999999625e-02
7.371165000000000356e-02
7.731578999999999535e-02
7.621157000000000625e-02
1.233205899999999938e-01
1.355618500000000115e-01
1.269799199999999961e-01
1.068189900000000025e-01
7.756965000000000388e-02
7.730360000000000009e-02
8.959649999999999559e-02
1.061723700000000020e-01
9.020612999999999548e-02
1.028118400000000016e-01
1.094579400000000036e-01
1.375836000000000003e-01
1.675807400000000058e-01
1.099232900000000068e-01
9.125063999999999398e-02
8.284429000000000098e-02
1.162549799999999939e-01
2.021409399999999912e-01
4.623023600000000233e-01
4.973860399999999737e-01
5.255775999999999781e-01
5.712462099999999765e-01
4.838845700000000138e-01
3.784455700000000089e-01
1.819909399999999899e-01
1.178889000000000048e-01
8.221370000000000067e-02
8.585848999999999565e-02
8.166241000000000472e-02
8.769499999999999518e-02
1.051447199999999971e-01
1.191852500000000065e-01
1.833649300000000093e-01
2.265240400000000098e-01
2.357030699999999868e-01
2.686369100000000065e-01
2.406588799999999917e-01
1.204411100000000040e-01
1.158270799999999989e-01
8.296815000000000440e-02
7.637499000000000371e-02
1.001678399999999941e-01
1.064209299999999969e-01
6.186429000000000233e-02
