5.611387999999999793e-02
6.750818999999999570e-02
6.828629999999999423e-02
8.080257999999999885e-02
7.907213000000000436e-02
9.227404999999999635e-02
6.990668999999999356e-02
6.656884000000000412e-02
7.087097000000000535e-02
6.801910999999999374e-02
7.344936000000000520e-02
7.846459000000000072e-02
7.223791999999999713e-02
6.805537000000000392e-02
6.764050000000000618e-02
7.194493999999999889e-02
7.179792000000000118e-02
6.731523999999999841e-02
7.046231999999999496e-02
8.293200000000000571e-02
9.989641999999999966e-02
1.013719299999999990e-01
9.556900000000000117e-02
7.850756000000000401e-02
7.016131000000000451e-02
7.226464000000000498e-02
8.529992999999999603e-02
1.046707399999999982e-01
9.371401000000000037e-02
9.047603999999999369e-02
1.006886399999999959e-01
1.174980600000000014e-01
1.364729100000000028e-01
8.227544999999999997e-02
7.420851000000000530e-02
7.935560999999999310e-02
1.155843399999999938e-01
1.717259600000000108e-01
2.830932400000000237e-01
2.814638300000000259e-01
2.959162900000000263e-01
3.216760200000000069e-01
2.722956500000000002e-01
2.161910200000000115e-01
1.375306099999999976e-01
1.018927500000000042e-01
7.180623999999999341e-02
7.566470999999999614e-02
6.879050999999999916e-02
7.405520000000000158e-02
9.464398000000000255e-02
1.033399200000000018e-01
1.528389800000000132e-01
1.650912800000000069e-01
1.702579899999999979e-01
1.952199000000000018e-01
1.580223000000000044e-01
1.005772899999999997e-01
8.893347000000000058e-02
7.281788000000000149e-02
7.529980999999999480e-02
7.249329000000000189e-02
7.797582000000000124e-02
5.881536999999999876e-02
