6.741700000000000470e-02
1.196561500000000028e-01
1.471829600000000016e-01
1.456451099999999943e-01
1.770636100000000102e-01
2.295799099999999981e-01
1.410679200000000133e-01
7.759125000000000050e-02
8.596043999999999907e-02
9.533286000000000537e-02
1.453751799999999927e-01
2.321786000000000127e-01
4.570375400000000199e-01
4.763768299999999734e-01
4.682705699999999971e-01
4.559388799999999908e-01
4.165245000000000197e-01
3.331403399999999793e-01
2.129807900000000032e-01
1.002394000000000063e-01
8.219629999999999992e-02
7.501180000000000347e-02
8.030041000000000262e-02
8.908766999999999381e-02
1.109274600000000055e-01
1.282060600000000106e-01
1.598734400000000055e-01
1.789686400000000122e-01
1.574394600000000033e-01
1.293395599999999923e-01
1.128294199999999997e-01
8.921281000000000350e-02
9.853968999999999923e-02
1.098988300000000029e-01
9.622384000000000492e-02
1.016129100000000007e-01
1.043650299999999975e-01
7.160653000000000157e-02
8.160573999999999606e-02
7.839512999999999343e-02
8.005579000000000167e-02
6.846596000000000626e-02
6.989626000000000172e-02
7.449893999999999961e-02
7.362472000000000460e-02
6.730237000000000025e-02
7.508276999999999313e-02
8.857937000000000449e-02
9.084617999999999860e-02
8.963474999999999915e-02
8.630039999999999933e-02
7.105092000000000352e-02
7.041572000000000109e-02
7.364550000000000263e-02
8.356510000000000327e-02
8.152141000000000248e-02
8.293525999999999676e-02
7.312548000000000659e-02
6.678480000000000527e-02
7.190528999999999671e-02
8.144519000000000064e-02
7.910657999999999579e-02
8.049747999999999626e-02
5.932060000000000111e-02
