6.257342000000000459e-02
9.569142999999999399e-02
8.746489999999999820e-02
1.055817599999999967e-01
1.139573100000000061e-01
1.003910199999999975e-01
9.410042999999999880e-02
7.454410000000000203e-02
7.518895000000000439e-02
8.863324999999999676e-02
1.161750599999999967e-01
1.091333000000000025e-01
8.523137999999999548e-02
7.691531000000000062e-02
7.869956999999999647e-02
7.425355000000000150e-02
1.185751699999999936e-01
1.174791200000000063e-01
9.725588999999999762e-02
7.735530999999999657e-02
8.161317999999999351e-02
9.105555999999999373e-02
1.129247200000000062e-01
1.072092000000000045e-01
7.605866000000000016e-02
7.850564000000000153e-02
8.936526999999999665e-02
1.393752199999999941e-01
1.416732800000000125e-01
8.389454000000000355e-02
9.459077000000000457e-02
1.061241700000000038e-01
1.190489500000000006e-01
1.306580599999999925e-01
1.374093000000000120e-01
1.137452000000000046e-01
9.403177000000000063e-02
1.170623499999999956e-01
1.299451000000000078e-01
1.087253100000000056e-01
9.420773000000000341e-02
1.170864600000000033e-01
1.481555999999999984e-01
1.841052499999999981e-01
1.994226600000000016e-01
1.211427199999999954e-01
1.120861199999999974e-01
1.098568000000000044e-01
1.316044899999999906e-01
2.061604400000000004e-01
3.301284600000000125e-01
3.791781699999999811e-01
4.057167500000000149e-01
4.222884800000000216e-01
4.166397199999999912e-01
3.030111200000000227e-01
2.461557099999999998e-01
1.978513699999999986e-01
1.402014500000000052e-01
9.814860000000000251e-02
8.151094999999999868e-02
7.265033999999999381e-02
7.007022000000000250e-02
5.519340999999999831e-02
