5.548738999999999755e-02
7.085062999999999778e-02
6.521736999999999673e-02
6.727297999999999611e-02
6.796765000000000445e-02
6.785520999999999914e-02
6.643121999999999916e-02
6.568707999999999492e-02
6.638038999999999745e-02
6.606982999999999606e-02
6.866701000000000055e-02
7.223975000000000535e-02
7.976677000000000073e-02
8.323495999999999673e-02
8.010188000000000030e-02
7.353806000000000231e-02
6.896238000000000368e-02
7.073168000000000510e-02
7.646612999999999327e-02
8.181346000000000451e-02
7.760643000000000402e-02
8.268868000000000051e-02
8.896535999999999333e-02
8.570294999999999996e-02
8.584703999999999946e-02
8.216595999999999622e-02
8.012075999999999920e-02
7.073859999999999870e-02
7.737963999999999953e-02
1.068244299999999980e-01
1.426958100000000063e-01
1.596690699999999963e-01
1.910497999999999919e-01
2.086912700000000120e-01
1.795895100000000078e-01
1.746018799999999871e-01
1.630310000000000092e-01
1.047195300000000051e-01
7.809362000000000248e-02
7.045240999999999310e-02
7.555067000000000033e-02
7.827119999999999911e-02
7.706538999999999751e-02
8.019315000000000471e-02
8.554728000000000332e-02
8.699790000000000301e-02
9.883155999999999886e-02
1.008030599999999999e-01
7.382611000000000034e-02
7.077258999999999634e-02
6.914040999999999937e-02
6.963460000000000483e-02
7.469552999999999610e-02
7.029362000000000110e-02
7.411708999999999659e-02
7.425515000000000587e-02
7.664229000000000180e-02
7.687644999999999895e-02
8.425942000000000154e-02
7.480288999999999688e-02
6.925306999999999991e-02
7.099273000000000389e-02
6.684524999999999495e-02
5.441648999999999792e-02
