5.409624999999999850e-02
8.893779999999999741e-02
8.055954999999999366e-02
9.635146999999999462e-02
9.522895000000000665e-02
8.555229999999999779e-02
7.191195000000000226e-02
6.799914999999999432e-02
6.807497999999999327e-02
8.293509000000000297e-02
9.899434999999999485e-02
9.682401000000000202e-02
7.487478000000000189e-02
6.987517000000000034e-02
7.674894999999999634e-02
7.699804000000000370e-02
1.033901299999999968e-01
9.487118999999999414e-02
8.300581999999999405e-02
7.338825999999999683e-02
7.573135000000000283e-02
9.432728999999999420e-02
1.028265700000000060e-01
8.425765999999999811e-02
7.291387000000000562e-02
7.547030999999999878e-02
9.696278999999999315e-02
1.131428200000000051e-01
1.053371099999999977e-01
7.941624999999999379e-02
1.040565700000000010e-01
1.044560300000000053e-01
1.106171499999999974e-01
1.024143500000000012e-01
9.734618999999999911e-02
7.809634999999999494e-02
1.194694599999999995e-01
1.234617199999999970e-01
1.217157400000000028e-01
9.810267000000000293e-02
9.590179000000000065e-02
1.136628799999999939e-01
1.609845199999999921e-01
1.655422900000000086e-01
1.613217700000000032e-01
1.055287699999999940e-01
1.166470599999999969e-01
1.546400199999999892e-01
2.484223200000000020e-01
3.354453399999999808e-01
4.636237899999999801e-01
4.904797399999999974e-01
4.777039299999999988e-01
4.828640200000000049e-01
4.729191699999999998e-01
3.072596200000000111e-01
2.126571999999999907e-01
1.813084899999999888e-01
1.364033099999999998e-01
9.159101999999999522e-02
8.157177999999999651e-02
9.662313000000000152e-02
7.035705999999999904e-02
6.385454000000000130e-02
