5.763009000000000187e-02
7.173883999999999816e-02
7.794271999999999312e-02
8.502015000000000267e-02
8.877955999999999348e-02
8.522604999999999764e-02
7.291005000000000402e-02
6.626687000000000549e-02
6.763465999999999922e-02
7.034210000000000462e-02
7.858676000000000550e-02
8.167365000000000042e-02
8.848111000000000170e-02
8.530073999999999990e-02
8.052728000000000663e-02
8.268992999999999483e-02
8.458345000000000447e-02
6.896465000000000234e-02
6.715628999999999349e-02
7.022496000000000294e-02
6.775457000000000007e-02
7.313669999999999893e-02
7.301842000000000055e-02
7.582049999999999901e-02
7.093259000000000369e-02
8.960965999999999376e-02
1.009178500000000034e-01
1.101524900000000057e-01
1.055062600000000045e-01
1.013129799999999969e-01
9.394220000000000348e-02
1.026465200000000050e-01
1.001793799999999984e-01
1.090900800000000059e-01
1.532622899999999955e-01
1.248555300000000062e-01
1.451705500000000093e-01
1.847387000000000057e-01
1.824760599999999955e-01
1.575691700000000084e-01
1.086458200000000041e-01
8.287440999999999558e-02
1.259147499999999920e-01
1.706467100000000070e-01
3.083344100000000032e-01
3.872267300000000190e-01
3.574095400000000256e-01
3.777675899999999864e-01
3.392088999999999799e-01
2.385232399999999975e-01
1.960961099999999901e-01
1.741053800000000040e-01
9.631045000000000578e-02
9.635127999999999748e-02
7.157971999999999946e-02
7.413086000000000675e-02
7.554523999999999961e-02
7.533589000000000258e-02
8.742498999999999409e-02
1.202315500000000065e-01
1.314636899999999942e-01
1.291889999999999983e-01
9.356913999999999509e-02
6.262682999999999445e-02
