5.394043999999999922e-02
6.432219999999999605e-02
6.584059000000000439e-02
6.494300000000000073e-02
6.633596999999999411e-02
6.684199999999999864e-02
6.866060000000000219e-02
7.049233000000000582e-02
7.088682999999999790e-02
6.725657000000000163e-02
6.551695999999999909e-02
6.378565999999999403e-02
6.760997000000000534e-02
7.003845000000000209e-02
6.962495000000000489e-02
6.913107999999999753e-02
6.696264999999999856e-02
6.686256000000000144e-02
7.046951999999999383e-02
7.397887999999999686e-02
7.338358000000000381e-02
6.850436000000000025e-02
6.897364999999999746e-02
6.923256999999999328e-02
7.164484999999999604e-02
8.235884000000000260e-02
7.092500000000000193e-02
6.932998999999999412e-02
6.738969000000000209e-02
6.533693000000000140e-02
6.746855000000000213e-02
6.548210999999999615e-02
6.838178999999999785e-02
7.186863999999999753e-02
7.548024000000000400e-02
8.197778999999999483e-02
7.027342000000000311e-02
7.220640000000000391e-02
7.022936000000000456e-02
6.807096999999999454e-02
6.841104000000000629e-02
6.894187000000000232e-02
7.723006000000000315e-02
8.477033000000000484e-02
8.890610000000000179e-02
8.958911999999999431e-02
1.026252299999999978e-01
1.112319499999999961e-01
8.301310000000000633e-02
7.717485999999999791e-02
8.237492999999999899e-02
9.455273000000000150e-02
1.188394900000000060e-01
1.426149499999999903e-01
2.096972000000000003e-01
2.256159199999999976e-01
2.437084300000000037e-01
2.450582400000000105e-01
2.526277000000000106e-01
2.267447999999999964e-01
1.593296499999999893e-01
1.175594900000000026e-01
8.481412000000000673e-02
5.914906000000000330e-02
