6.328190000000000204e-02
9.486688999999999539e-02
1.201529699999999978e-01
9.036117999999999928e-02
1.252886199999999894e-01
1.703514499999999876e-01
1.473422899999999869e-01
8.173634999999999928e-02
8.651883999999999963e-02
9.935566999999999316e-02
1.310591299999999959e-01
2.295915299999999881e-01
3.309794999999999821e-01
3.551979699999999740e-01
3.904708000000000068e-01
4.478850099999999723e-01
4.542307899999999954e-01
3.431612600000000235e-01
1.893712300000000015e-01
1.110455500000000068e-01
8.678574000000000011e-02
8.892063000000000050e-02
8.277355999999999603e-02
7.818840999999999986e-02
9.370164000000000271e-02
9.881637000000000060e-02
9.156269999999999687e-02
1.154125700000000060e-01
1.226908699999999935e-01
9.701722000000000123e-02
9.742420000000000246e-02
7.835164999999999491e-02
7.573929000000000078e-02
8.394417999999999325e-02
8.342463999999999436e-02
9.195267000000000024e-02
8.749424000000000090e-02
7.328627000000000058e-02
7.502607999999999500e-02
7.117584999999999884e-02
7.107304999999999873e-02
7.014056000000000457e-02
6.877503999999999562e-02
6.843056999999999612e-02
6.695505999999999680e-02
6.935320000000000373e-02
6.726094000000000517e-02
7.325251000000000678e-02
7.325624999999999498e-02
6.911884000000000083e-02
6.973532000000000342e-02
6.772675000000000223e-02
6.540894999999999349e-02
6.844015999999999988e-02
7.430443000000000464e-02
7.957992999999999317e-02
7.354513000000000023e-02
7.233235999999999832e-02
6.743216999999999961e-02
7.113980999999999777e-02
7.158451999999999871e-02
6.993402999999999425e-02
6.755861000000000505e-02
5.398440999999999657e-02
