5.636995000000000200e-02
8.746015000000000039e-02
7.926672999999999358e-02
7.186997000000000524e-02
6.750480999999999843e-02
6.968573999999999602e-02
7.892826999999999482e-02
7.600413999999999781e-02
7.134896999999999767e-02
7.633705000000000351e-02
7.477707000000000104e-02
6.950491999999999782e-02
6.574929999999999664e-02
6.732272000000000256e-02
8.493014000000000119e-02
8.422796999999999923e-02
8.684319999999999540e-02
6.825375999999999665e-02
7.358502000000000098e-02
7.844407000000000463e-02
7.242851999999999624e-02
6.831882000000000232e-02
7.876065000000000149e-02
7.117722999999999411e-02
9.019681000000000226e-02
1.048927399999999982e-01
9.593108000000000191e-02
8.252520000000000688e-02
8.580313999999999997e-02
7.225753000000000037e-02
1.049298000000000036e-01
1.072066099999999939e-01
8.120096000000000258e-02
8.327012000000000302e-02
1.208463800000000032e-01
1.738561399999999924e-01
1.523695700000000097e-01
1.211895199999999950e-01
8.905109999999999415e-02
7.153421999999999559e-02
8.702527999999999653e-02
1.745706599999999886e-01
3.191487199999999969e-01
3.979355099999999923e-01
3.965326000000000128e-01
3.207762800000000247e-01
3.157050900000000215e-01
3.237453699999999768e-01
2.446504100000000126e-01
1.316693700000000078e-01
9.232250999999999652e-02
8.479962000000000610e-02
7.850055999999999701e-02
9.953159999999999785e-02
1.459305399999999975e-01
1.231678400000000007e-01
1.032795999999999992e-01
1.176913500000000001e-01
1.230446500000000054e-01
1.804255999999999915e-01
1.728346000000000049e-01
1.494683199999999879e-01
9.623149999999999760e-02
6.459919999999999551e-02
