1.133516999999999997e-01
2.262342300000000084e-01
2.088858799999999960e-01
1.863713999999999926e-01
1.498368200000000094e-01
1.387495400000000045e-01
1.063294999999999935e-01
8.847797000000000300e-02
6.913682000000000161e-02
7.139347000000000054e-02
7.579515000000000557e-02
7.695190999999999837e-02
8.510507000000000488e-02
1.173668999999999962e-01
1.477774799999999888e-01
1.345188499999999954e-01
1.136244500000000018e-01
1.052488200000000068e-01
9.198402999999999441e-02
7.996454999999999536e-02
7.533175000000000288e-02
7.285798000000000274e-02
7.011900000000000077e-02
6.689285000000000370e-02
7.077506000000000075e-02
7.696756999999999904e-02
7.321170000000000455e-02
7.185898999999999759e-02
7.319817000000000684e-02
6.895113999999999410e-02
7.169809000000000598e-02
7.288624000000000491e-02
7.110674999999999635e-02
6.830711999999999895e-02
7.005569000000000379e-02
7.331195000000000073e-02
7.200246999999999897e-02
7.306902999999999315e-02
7.211655999999999622e-02
7.029892999999999559e-02
7.318560999999999817e-02
7.256350999999999773e-02
8.449687000000000170e-02
7.594910000000000549e-02
7.627277000000000362e-02
7.229336000000000095e-02
7.672057000000000182e-02
8.260704000000000657e-02
7.520269999999999733e-02
7.224015000000000297e-02
6.866510000000000669e-02
6.760304999999999787e-02
6.908627999999999991e-02
7.589587999999999890e-02
7.366002000000000660e-02
7.122784000000000060e-02
7.269950000000000023e-02
7.290315999999999463e-02
7.369267000000000178e-02
7.159906000000000603e-02
7.244635000000000657e-02
7.263181000000000498e-02
7.009308000000000205e-02
5.835039999999999671e-02
