5.673998999999999709e-02
7.275449000000000499e-02
6.633120000000000682e-02
6.702226000000000017e-02
6.807973000000000496e-02
6.757702999999999627e-02
6.577851999999999311e-02
6.590416999999999803e-02
6.716250999999999471e-02
6.538475000000000537e-02
6.957233999999999641e-02
6.972847999999999546e-02
7.172810000000000297e-02
7.522025000000000239e-02
7.562707000000000457e-02
7.381980999999999959e-02
6.758894000000000013e-02
6.704205000000000580e-02
6.940356000000000303e-02
7.421848999999999807e-02
7.329436000000000284e-02
7.107845999999999609e-02
7.298553000000000679e-02
7.340460000000000040e-02
7.205325999999999398e-02
7.850427999999999573e-02
8.398645000000000416e-02
7.808299999999999963e-02
6.861293000000000253e-02
7.417729000000000683e-02
9.765649999999999331e-02
1.216778500000000041e-01
1.377836199999999955e-01
1.782117599999999968e-01
1.381037499999999973e-01
1.290086699999999920e-01
1.161237400000000031e-01
1.005439600000000017e-01
7.787976000000000620e-02
6.671248999999999929e-02
6.565899000000000041e-02
6.745093000000000616e-02
6.993989000000000456e-02
7.383924000000000043e-02
7.486447999999999714e-02
8.259663999999999895e-02
9.282047000000000214e-02
9.306098000000000148e-02
8.041624999999999468e-02
7.038326999999999778e-02
6.902642999999999973e-02
7.355662999999999785e-02
6.856626999999999861e-02
7.225594999999999934e-02
7.115143999999999636e-02
7.438865999999999534e-02
7.523262000000000005e-02
7.854199000000000597e-02
7.909597000000000155e-02
7.567802999999999336e-02
6.842064000000000479e-02
7.131824000000000496e-02
6.497524000000000355e-02
5.511788000000000104e-02
