5.043633000000000144e-02
6.880553000000000363e-02
7.160202999999999707e-02
6.841853999999999991e-02
6.519853000000000454e-02
7.139721000000000262e-02
7.846330999999999445e-02
7.644818000000000446e-02
8.209658999999999707e-02
8.007812000000000263e-02
7.337978000000000556e-02
6.968836000000000475e-02
7.050003000000000519e-02
7.181627000000000149e-02
7.255042999999999909e-02
8.024905999999999706e-02
7.542098999999999331e-02
7.102524000000000337e-02
6.591629000000000238e-02
7.556514999999999760e-02
7.885778000000000232e-02
8.288260999999999545e-02
7.644652000000000391e-02
7.006428000000000655e-02
6.414380999999999555e-02
8.325723999999999625e-02
7.687534000000000034e-02
7.394019000000000286e-02
7.311007999999999396e-02
6.681832000000000049e-02
6.887430999999999415e-02
6.682831000000000188e-02
7.677628000000000230e-02
7.888902000000000414e-02
6.750757000000000285e-02
7.585698000000000440e-02
8.005494000000000498e-02
8.898116000000000358e-02
7.300020999999999594e-02
7.233373999999999360e-02
7.902826999999999769e-02
7.914079999999999726e-02
8.819974999999999343e-02
1.037171000000000065e-01
1.069775300000000012e-01
9.010263000000000300e-02
1.026983900000000005e-01
1.253315399999999913e-01
1.204649099999999945e-01
1.116713399999999939e-01
7.532576000000000549e-02
8.922420000000000351e-02
9.491963000000000483e-02
1.619228900000000138e-01
2.509060200000000074e-01
2.663265499999999952e-01
2.990083099999999994e-01
3.020437100000000208e-01
3.211526299999999945e-01
3.091128799999999788e-01
2.498112899999999914e-01
1.999029700000000132e-01
1.351446799999999893e-01
6.045153000000000332e-02
