5.817471999999999921e-02
7.358336999999999517e-02
6.677542000000000200e-02
7.016635999999999707e-02
7.569362999999999786e-02
7.664981999999999351e-02
6.595563999999999594e-02
6.623358999999999497e-02
7.054784000000000055e-02
7.481013000000000246e-02
7.806778000000000328e-02
8.535537999999999459e-02
7.452649999999999553e-02
6.730505000000000515e-02
7.428936999999999347e-02
8.838221999999999745e-02
8.142277000000000542e-02
7.340465000000000184e-02
6.962662000000000018e-02
6.562911999999999912e-02
7.465892000000000361e-02
9.714420999999999473e-02
1.203089900000000045e-01
8.195086999999999511e-02
6.896230999999999889e-02
7.043478000000000239e-02
8.420291000000000581e-02
8.583569000000000615e-02
9.205407999999999646e-02
7.653698999999999919e-02
6.762542000000000553e-02
7.274880000000000235e-02
8.028238000000000041e-02
7.201258000000000659e-02
6.703786999999999940e-02
7.404597999999999736e-02
8.137444000000000621e-02
9.799170000000000103e-02
9.767035000000000300e-02
8.059985000000000066e-02
6.735217999999999761e-02
6.660481999999999514e-02
8.106662000000000590e-02
9.429456999999999423e-02
1.057881999999999989e-01
1.009490900000000052e-01
9.150075000000000569e-02
1.012808500000000056e-01
8.948074000000000305e-02
9.372284999999999644e-02
8.519501000000000157e-02
9.040409000000000639e-02
7.215154000000000012e-02
8.357394999999999408e-02
1.186194700000000046e-01
1.461868699999999965e-01
2.131261700000000037e-01
2.729931199999999780e-01
3.071455699999999789e-01
3.252987900000000043e-01
2.985641399999999779e-01
2.907173299999999960e-01
2.273069199999999956e-01
5.852340999999999793e-02
