6.597081999999999946e-02
8.663751999999999565e-02
7.334968000000000043e-02
7.705025999999999542e-02
7.162767999999999913e-02
6.986659000000000619e-02
6.574236999999999442e-02
6.784935000000000271e-02
7.182178999999999647e-02
7.695193000000000172e-02
7.506993000000000693e-02
7.099447999999999870e-02
6.916479000000000377e-02
7.391150000000000497e-02
8.113309999999999966e-02
6.942387999999999337e-02
7.559354999999999547e-02
7.079177000000000386e-02
7.124355999999999745e-02
6.877371999999999652e-02
6.719793000000000294e-02
7.797787000000000468e-02
7.541992999999999614e-02
6.880859999999999754e-02
7.370543000000000233e-02
7.428600999999999954e-02
7.500856000000000190e-02
7.765951999999999578e-02
8.274658000000000013e-02
8.320015999999999523e-02
9.057297000000000264e-02
8.098096000000000461e-02
8.430227999999999333e-02
7.671989999999999366e-02
7.225964999999999472e-02
6.721583999999999892e-02
8.615188000000000013e-02
9.155770000000000575e-02
9.164543999999999468e-02
7.924261000000000499e-02
8.396190000000000597e-02
9.169096000000000191e-02
9.051982999999999557e-02
9.516922999999999355e-02
9.226665000000000560e-02
6.861599999999999644e-02
7.431619000000000419e-02
8.657146999999999759e-02
1.138328799999999974e-01
1.687293900000000069e-01
1.917263600000000123e-01
1.936858999999999942e-01
1.725521799999999994e-01
1.607853800000000055e-01
1.278734800000000116e-01
1.049757199999999946e-01
8.459621000000000501e-02
7.273880000000000623e-02
6.987838000000000382e-02
6.696678999999999826e-02
6.657714000000000687e-02
6.691384999999999694e-02
6.592578999999999800e-02
5.391813000000000161e-02
