5.630886999999999698e-02
7.405233999999999428e-02
7.072359000000000284e-02
6.500055999999999889e-02
6.552895999999999721e-02
7.109635000000000260e-02
7.165228999999999349e-02
7.209957000000000171e-02
6.637307000000000623e-02
6.917449999999999988e-02
6.598155999999999466e-02
6.606365000000000154e-02
6.642502999999999602e-02
7.090849000000000457e-02
7.807641999999999360e-02
7.475017999999999940e-02
6.888152999999999637e-02
6.592879000000000100e-02
6.989639000000000268e-02
7.215153000000000538e-02
8.055555000000000354e-02
7.045709999999999473e-02
7.650063000000000002e-02
8.891628999999999505e-02
8.455326999999999982e-02
8.772538000000000558e-02
8.611660000000000148e-02
7.398003000000000218e-02
7.161391000000000284e-02
7.488933999999999869e-02
8.541962999999999639e-02
1.032051699999999989e-01
1.229103700000000049e-01
1.185594400000000020e-01
1.246943699999999988e-01
1.393164500000000083e-01
1.267411400000000021e-01
1.117519200000000046e-01
8.566535000000000122e-02
8.461979999999999502e-02
1.182011099999999981e-01
2.046645599999999954e-01
3.288883599999999907e-01
3.570275900000000058e-01
3.767918100000000048e-01
3.407759100000000152e-01
2.956454499999999763e-01
2.371319199999999960e-01
1.839608299999999919e-01
1.034179900000000013e-01
7.129375999999999769e-02
7.557870999999999340e-02
7.038242999999999583e-02
7.681984000000000035e-02
9.872055000000000413e-02
9.113053000000000126e-02
9.791872999999999549e-02
1.039854899999999999e-01
1.064059499999999991e-01
1.246465699999999982e-01
1.284812800000000033e-01
1.072762700000000069e-01
8.219772999999999663e-02
5.891049000000000285e-02
