5.935700000000000004e-02
1.079407599999999967e-01
1.294806900000000094e-01
1.200965600000000050e-01
1.379733399999999999e-01
1.631920500000000052e-01
1.552630100000000068e-01
1.506220299999999901e-01
1.442151799999999984e-01
8.858675000000000577e-02
9.023008000000000417e-02
1.243971700000000014e-01
2.292578799999999972e-01
2.860309200000000218e-01
3.336495800000000012e-01
3.947323300000000201e-01
4.432904100000000236e-01
3.784685400000000199e-01
3.161346600000000118e-01
1.976430600000000093e-01
1.321244400000000097e-01
8.398635999999999602e-02
7.409557999999999423e-02
7.848924000000000178e-02
9.321748000000000534e-02
1.017907400000000046e-01
1.280595800000000062e-01
1.576156300000000066e-01
1.481353199999999870e-01
1.474955099999999963e-01
1.608783799999999875e-01
9.293208999999999498e-02
8.165174999999999517e-02
8.264726000000000017e-02
8.644483000000000028e-02
9.779055000000000386e-02
9.109270999999999341e-02
7.154082999999999970e-02
7.121231999999999562e-02
7.706219999999999737e-02
8.368430000000000313e-02
7.435184999999999711e-02
6.983881000000000117e-02
7.098667000000000171e-02
6.896235000000000559e-02
6.730099999999999971e-02
7.044119000000000075e-02
7.969175000000000564e-02
8.272322999999999482e-02
9.533966000000000662e-02
1.020398200000000033e-01
7.792843000000000686e-02
7.186483999999999928e-02
7.000879000000000130e-02
7.412454999999999739e-02
8.050496999999999514e-02
9.011698999999999404e-02
7.900313000000000474e-02
7.917444999999999344e-02
8.341663000000000550e-02
6.918934000000000195e-02
6.918196000000000068e-02
7.538190000000000168e-02
6.129281000000000312e-02
