5.394224000000000241e-02
1.548194400000000026e-01
9.402963999999999767e-02
7.524047999999999847e-02
8.675512999999999975e-02
1.196587999999999957e-01
2.162340600000000057e-01
3.769415899999999930e-01
4.692313699999999810e-01
4.726840299999999773e-01
5.123871599999999527e-01
4.372254300000000260e-01
3.985331999999999764e-01
3.531204199999999904e-01
1.846049899999999966e-01
1.319833800000000112e-01
1.497957299999999881e-01
7.995995999999999659e-02
7.811524999999999719e-02
8.894614000000000686e-02
9.493276999999999965e-02
8.779436999999999658e-02
1.267188200000000098e-01
1.235195000000000043e-01
1.860881600000000025e-01
1.665797099999999920e-01
1.304041999999999979e-01
7.828340999999999772e-02
9.157236000000000542e-02
9.016406999999999894e-02
8.646843999999999364e-02
9.371617000000000142e-02
8.435707000000000622e-02
8.157359000000000138e-02
9.304397999999999835e-02
8.411783999999999928e-02
7.855054000000000203e-02
8.669211999999999751e-02
8.981628999999999308e-02
7.913916999999999480e-02
6.895711999999999675e-02
7.710469999999999824e-02
8.399399999999999922e-02
9.254697000000000617e-02
8.265580000000000149e-02
8.332132999999999901e-02
7.482081000000000148e-02
6.587416999999999578e-02
6.871417999999999970e-02
8.617734000000000505e-02
9.365895000000000470e-02
9.564380000000000104e-02
7.974538000000000459e-02
6.720500000000000085e-02
6.761272000000000115e-02
9.475746999999999642e-02
1.017977699999999958e-01
7.649828000000000183e-02
8.557317999999999869e-02
8.637936000000000225e-02
6.875984000000000262e-02
7.438171999999999839e-02
7.811287999999999565e-02
5.860318999999999945e-02
