5.360862999999999740e-02
8.383580999999999672e-02
7.359475999999999518e-02
7.195970000000000144e-02
6.764396000000000297e-02
7.639039999999999719e-02
7.716934000000000293e-02
7.174577999999999511e-02
7.210793000000000064e-02
6.555370000000000641e-02
6.940456000000000403e-02
6.878818999999999906e-02
7.117996000000000045e-02
8.360821999999999699e-02
8.113219000000000680e-02
6.966329000000000271e-02
6.886952000000000351e-02
8.820857999999999477e-02
9.169393000000000682e-02
8.846800000000000497e-02
8.219746999999999471e-02
7.002073999999999798e-02
8.011609999999999565e-02
9.584816000000000169e-02
1.013852400000000015e-01
1.017731399999999981e-01
8.885081000000000229e-02
1.302883599999999920e-01
1.269193299999999969e-01
1.351755000000000040e-01
1.198493499999999934e-01
9.250658999999999965e-02
1.011037500000000061e-01
1.653679299999999963e-01
2.076334200000000130e-01
3.351588200000000239e-01
4.139142900000000180e-01
4.674537500000000012e-01
4.890503600000000173e-01
3.796191500000000163e-01
2.787028300000000125e-01
2.091187800000000041e-01
1.388122699999999876e-01
1.083894999999999997e-01
7.442782000000000564e-02
7.236742000000000175e-02
7.829779000000000599e-02
8.818402999999999659e-02
9.354118000000000155e-02
1.365786200000000117e-01
1.511735499999999899e-01
1.852441999999999978e-01
1.553901099999999980e-01
1.452496100000000012e-01
1.147507700000000019e-01
1.011119500000000060e-01
9.678388000000000269e-02
1.026281299999999980e-01
8.233139000000000429e-02
9.391961000000000059e-02
9.344829999999999803e-02
9.661090999999999429e-02
1.216358000000000023e-01
5.913195000000000257e-02
