8.970340000000000258e-02
2.190805799999999970e-01
2.600619800000000259e-01
2.782425000000000037e-01
2.515318100000000223e-01
2.496095200000000014e-01
2.317902599999999980e-01
1.691286700000000087e-01
1.102821199999999974e-01
8.880172999999999539e-02
8.803337999999999441e-02
7.453034999999999521e-02
7.330192000000000652e-02
8.374824999999999631e-02
8.475987000000000104e-02
1.001673899999999950e-01
9.339762000000000064e-02
1.187105499999999980e-01
9.853140999999999983e-02
8.527242999999999629e-02
7.769911000000000179e-02
7.005118999999999929e-02
7.237322999999999673e-02
6.984097999999999695e-02
7.511433000000000693e-02
7.848979000000000372e-02
6.933441999999999383e-02
6.950095000000000578e-02
7.162283999999999318e-02
7.554560999999999915e-02
6.855516999999999861e-02
7.244968000000000241e-02
7.230053000000000174e-02
6.874513000000000151e-02
6.858073000000000641e-02
6.627188000000000523e-02
6.681784000000000334e-02
6.861599999999999644e-02
7.163534000000000568e-02
6.946249999999999647e-02
6.348470000000000502e-02
6.597716000000000691e-02
7.060323999999999767e-02
7.272546000000000566e-02
7.390860000000000485e-02
7.205897999999999470e-02
6.687250999999999612e-02
6.712621000000000560e-02
6.659392999999999563e-02
6.808909000000000489e-02
6.916708000000000578e-02
6.927687999999999902e-02
6.529893999999999976e-02
6.644487000000000310e-02
6.764599000000000306e-02
6.901337999999999917e-02
6.923287000000000191e-02
6.858216000000000312e-02
7.086254000000000164e-02
6.699663000000000146e-02
6.609758999999999773e-02
6.673503999999999547e-02
6.678557000000000243e-02
5.508144999999999708e-02
