5.452768000000000198e-02
7.454526000000000208e-02
7.559999000000000580e-02
7.514004999999999990e-02
7.121112999999999749e-02
8.009702999999999962e-02
7.126807000000000281e-02
6.900949000000000666e-02
7.218268999999999380e-02
8.851088000000000011e-02
8.921057000000000292e-02
1.011184900000000053e-01
9.186880000000000046e-02
9.132308999999999566e-02
7.815727999999999565e-02
7.487370000000000136e-02
9.747124999999999539e-02
9.214418000000000608e-02
9.290832999999999731e-02
9.109238999999999531e-02
9.512236999999999776e-02
1.128788399999999942e-01
1.076554200000000017e-01
9.130238999999999716e-02
8.799780999999999576e-02
7.746303000000000216e-02
7.660098999999999381e-02
9.961464000000000429e-02
1.800267700000000026e-01
2.693718099999999893e-01
3.240267900000000090e-01
3.495343000000000200e-01
3.555807799999999852e-01
3.117846499999999965e-01
1.773907100000000070e-01
1.256608399999999959e-01
1.244048299999999940e-01
9.013960999999999502e-02
8.742821000000000620e-02
7.912437999999999416e-02
8.133150999999999575e-02
8.752812000000000092e-02
1.509137299999999959e-01
1.422958800000000135e-01
1.526984299999999961e-01
1.424646800000000102e-01
1.127553699999999937e-01
1.092300600000000038e-01
1.034075200000000028e-01
7.322360999999999454e-02
8.173687999999999787e-02
7.707203999999999444e-02
7.461263999999999397e-02
7.593474999999999531e-02
9.073554999999999815e-02
9.000218999999999581e-02
1.145382800000000062e-01
9.244752999999999998e-02
8.855367000000000099e-02
8.014670000000000127e-02
7.541654999999999887e-02
7.973497000000000223e-02
8.732323000000000168e-02
5.538223999999999925e-02
