1.446474899999999897e-01
3.712571599999999750e-01
4.104700399999999805e-01
3.890041699999999825e-01
3.510859900000000144e-01
3.387929499999999816e-01
2.814300100000000082e-01
1.507266200000000056e-01
9.781829999999999692e-02
8.674054999999999960e-02
8.643496999999999986e-02
7.416685000000000638e-02
8.565554000000000223e-02
8.849308999999999648e-02
8.835239999999999760e-02
1.143145299999999975e-01
1.244804199999999944e-01
1.575683800000000079e-01
1.285258999999999985e-01
1.001075399999999949e-01
8.506257999999999875e-02
7.710922000000000609e-02
7.440449000000000368e-02
7.761738999999999444e-02
8.779713000000000100e-02
8.708008000000000415e-02
7.077116999999999436e-02
7.024318999999999702e-02
7.359710999999999337e-02
7.432656999999999459e-02
6.978832999999999565e-02
7.655080000000000218e-02
7.383525000000000504e-02
6.739230000000000220e-02
7.310216999999999410e-02
7.121858999999999829e-02
7.137255000000000682e-02
7.647096000000000449e-02
7.975828999999999558e-02
7.348108999999999891e-02
6.528707000000000260e-02
7.520970999999999906e-02
9.313077999999999634e-02
1.001584300000000066e-01
1.042010800000000015e-01
8.039208999999999938e-02
6.826108000000000176e-02
7.381756999999999902e-02
7.874119999999999731e-02
7.997572000000000014e-02
8.126487999999999767e-02
7.808463000000000209e-02
6.788020000000000165e-02
6.742687999999999460e-02
7.172301000000000371e-02
7.960161000000000320e-02
8.498443999999999443e-02
8.140252000000000598e-02
7.958711999999999731e-02
7.106619999999999604e-02
6.958248000000000211e-02
8.200670999999999655e-02
7.424822000000000366e-02
6.140463000000000171e-02
