5.494247000000000020e-02
6.752893000000000090e-02
7.166084999999999816e-02
6.823385999999999341e-02
8.214087000000000471e-02
1.047320699999999966e-01
1.229862899999999981e-01
1.167823199999999950e-01
1.134813499999999947e-01
7.950886000000000065e-02
7.354649000000000603e-02
7.690284999999999482e-02
9.123923999999999923e-02
1.079067999999999972e-01
9.251884000000000496e-02
8.967854999999999577e-02
8.038742999999999583e-02
9.076228000000000073e-02
1.133830400000000044e-01
1.285004299999999988e-01
1.129954100000000045e-01
8.470382999999999385e-02
9.288301000000000196e-02
1.255156099999999997e-01
1.136531999999999959e-01
1.589062499999999989e-01
9.570828000000000668e-02
8.910616000000000370e-02
7.980038999999999882e-02
7.837217999999999962e-02
8.373935999999999880e-02
8.861181999999999392e-02
7.943711999999999995e-02
1.183520799999999984e-01
1.510035399999999917e-01
1.466868100000000008e-01
8.846471000000000195e-02
8.338064000000000586e-02
9.175487999999999700e-02
1.139183400000000068e-01
1.117026400000000058e-01
9.514896999999999938e-02
1.130672699999999975e-01
1.575556999999999930e-01
1.882863300000000017e-01
1.503696599999999883e-01
1.620359700000000014e-01
1.837764100000000012e-01
1.070547300000000007e-01
8.913836999999999455e-02
1.421532000000000073e-01
1.766001600000000060e-01
2.845003600000000077e-01
3.666399399999999975e-01
5.015182500000000543e-01
4.691173100000000096e-01
4.457645399999999869e-01
4.308708600000000222e-01
4.228080200000000066e-01
3.034768999999999939e-01
2.073521299999999956e-01
1.471060999999999896e-01
1.222719099999999975e-01
6.755724999999999925e-02
