5.682907000000000236e-02
6.851831999999999367e-02
6.876493999999999662e-02
6.561201999999999313e-02
6.548357000000000483e-02
7.430151999999999590e-02
8.600844000000000544e-02
8.701883000000000534e-02
9.734407000000000476e-02
7.768060999999999716e-02
6.859798999999999758e-02
6.552049000000000067e-02
7.269970000000000598e-02
8.129189000000000553e-02
7.561795000000000322e-02
8.213544000000000400e-02
6.941202000000000483e-02
7.191480999999999568e-02
7.157843999999999318e-02
9.116839999999999666e-02
8.282090000000000285e-02
7.775181999999999927e-02
8.078117999999999410e-02
9.342756000000000671e-02
7.238364999999999383e-02
9.033462999999999909e-02
8.640499999999999570e-02
7.749876999999999461e-02
6.963465000000000626e-02
7.329518999999999618e-02
7.803799999999999626e-02
7.263969000000000675e-02
7.481308000000000402e-02
8.012126999999999444e-02
9.055003999999999831e-02
1.060157600000000006e-01
7.808165999999999718e-02
8.825803000000000120e-02
8.058751999999999582e-02
7.239916000000000407e-02
8.068804000000000254e-02
8.403787999999999536e-02
9.665972000000000453e-02
9.435143999999999476e-02
9.379482000000000097e-02
1.120606700000000011e-01
1.193349699999999985e-01
1.362277600000000033e-01
9.464685999999999932e-02
8.348882000000000525e-02
8.994443000000000576e-02
9.730247000000000202e-02
1.259172600000000031e-01
1.639664500000000136e-01
2.642533499999999980e-01
2.532476200000000066e-01
2.781180400000000108e-01
2.987351999999999785e-01
2.952306599999999781e-01
2.503754200000000152e-01
1.908271900000000076e-01
1.456185899999999922e-01
9.314400999999999931e-02
5.782964000000000160e-02
