6.340930000000000177e-02
8.167236999999999414e-02
7.475982999999999934e-02
6.758338999999999319e-02
6.699969999999999537e-02
7.764970999999999679e-02
7.254721000000000086e-02
7.155633999999999606e-02
6.756974000000000313e-02
6.910557000000000505e-02
7.057285000000000641e-02
6.805518000000000678e-02
6.928805000000000380e-02
7.607698000000000238e-02
7.779337000000000057e-02
6.989602000000000315e-02
6.950312999999999630e-02
6.914370999999999712e-02
7.197725000000000650e-02
7.049194999999999767e-02
7.084949000000000108e-02
6.959123000000000392e-02
8.120700000000000141e-02
9.287839000000000511e-02
8.657922999999999314e-02
8.864885000000000126e-02
9.097660999999999942e-02
6.978562000000000654e-02
7.051319999999999810e-02
7.101585000000000536e-02
7.775732000000000477e-02
8.594187000000000354e-02
1.186328499999999980e-01
1.230376299999999951e-01
1.267671300000000056e-01
1.316722899999999974e-01
1.164557499999999968e-01
1.108704199999999973e-01
8.966090999999999644e-02
8.736903999999999504e-02
1.427214099999999930e-01
2.444923999999999986e-01
3.206266199999999733e-01
3.479605299999999901e-01
3.428995599999999921e-01
3.196840599999999921e-01
2.463360300000000114e-01
2.163306500000000132e-01
1.335784600000000100e-01
8.890652999999999750e-02
8.235774999999999346e-02
7.710037000000000140e-02
7.595148999999999651e-02
8.962333999999999579e-02
1.194670599999999999e-01
1.601149099999999992e-01
1.405082199999999892e-01
1.422294199999999953e-01
1.283530999999999977e-01
1.485910599999999970e-01
1.356693099999999874e-01
1.149307600000000068e-01
8.100235999999999548e-02
5.819909000000000193e-02
