5.705605999999999872e-02
7.482717999999999314e-02
7.177360000000000684e-02
7.448987999999999443e-02
7.498365999999999365e-02
7.746205999999999925e-02
6.885990000000000166e-02
6.805137999999999465e-02
7.327928000000000219e-02
8.675736000000000558e-02
8.610521000000000147e-02
1.056063299999999983e-01
9.848516000000000215e-02
9.751300999999999719e-02
8.813909000000000327e-02
7.245646999999999505e-02
8.605759000000000325e-02
9.150891999999999360e-02
9.563647000000000120e-02
8.577845000000000608e-02
8.784443999999999586e-02
1.074346000000000051e-01
1.162251100000000065e-01
1.061905600000000033e-01
9.539509000000000183e-02
8.417294999999999638e-02
7.965677999999999648e-02
1.068268299999999976e-01
2.015749500000000027e-01
2.588581699999999985e-01
3.357683699999999827e-01
3.743354700000000035e-01
4.233352200000000121e-01
3.797184499999999852e-01
2.864231799999999994e-01
2.494173600000000046e-01
1.798378099999999868e-01
8.075045999999999613e-02
7.456387000000000431e-02
7.325742999999999838e-02
8.607784999999999742e-02
8.077157000000000087e-02
1.363402800000000081e-01
1.257386799999999916e-01
1.745856699999999984e-01
1.363663800000000093e-01
1.116576600000000058e-01
1.369193200000000110e-01
1.012140700000000032e-01
7.645511000000000668e-02
7.287465999999999389e-02
6.846288000000000373e-02
7.866797000000000373e-02
9.257980000000000376e-02
9.714016000000000317e-02
1.094382200000000027e-01
1.066822500000000062e-01
9.407500000000000584e-02
1.000310600000000050e-01
8.880902000000000240e-02
7.571885999999999894e-02
8.230105999999999533e-02
7.473148999999999764e-02
5.741107000000000155e-02
