5.295553000000000066e-02
7.229984999999999884e-02
8.364077999999999791e-02
9.904873000000000149e-02
9.954807999999999713e-02
1.000453500000000051e-01
7.115585000000000659e-02
7.043984000000000356e-02
6.628330000000000333e-02
8.003349999999999353e-02
1.098629599999999956e-01
8.107583000000000151e-02
6.992347999999999619e-02
8.315944999999999587e-02
9.702135000000000620e-02
1.201237700000000047e-01
1.030649200000000043e-01
9.282305000000000417e-02
7.148835000000000606e-02
6.808026999999999829e-02
6.729364999999999652e-02
8.472454000000000096e-02
1.027688199999999968e-01
1.000822600000000062e-01
8.550842999999999638e-02
8.962098999999999760e-02
1.231107000000000035e-01
1.528210200000000019e-01
1.225590200000000046e-01
8.458398999999999779e-02
8.091779999999999806e-02
9.290561999999999432e-02
1.698857099999999953e-01
3.256472899999999782e-01
3.189545300000000139e-01
3.613521499999999831e-01
3.942602599999999735e-01
3.678196699999999875e-01
2.385597700000000043e-01
1.379936599999999902e-01
8.440158999999999856e-02
6.672570999999999364e-02
6.881130000000000579e-02
7.511481999999999881e-02
8.265492000000000672e-02
9.848888000000000087e-02
1.203815599999999986e-01
1.445879599999999876e-01
1.213568500000000022e-01
1.505211100000000135e-01
1.188050100000000026e-01
1.107860999999999985e-01
7.590154000000000345e-02
8.594145999999999730e-02
1.017782200000000026e-01
1.096623199999999937e-01
8.837229000000000612e-02
1.000030300000000066e-01
1.063759799999999950e-01
9.028250999999999638e-02
1.150998800000000016e-01
1.192658600000000013e-01
1.006452099999999988e-01
5.941849999999999909e-02
