5.096525999999999834e-02
6.766901000000000166e-02
6.714525999999999828e-02
7.373264999999999680e-02
7.388195000000000179e-02
7.498243000000000269e-02
7.910638000000000392e-02
7.389110000000000122e-02
7.157882999999999607e-02
6.643005000000000437e-02
6.789101000000000163e-02
6.802695999999999743e-02
7.132515000000000382e-02
7.866976999999999998e-02
7.527615999999999474e-02
7.857968999999999371e-02
7.510366999999999738e-02
7.679988999999999566e-02
8.078952000000000355e-02
9.060332000000000108e-02
9.366154999999999620e-02
7.239049999999999652e-02
6.723250000000000060e-02
7.499458999999999986e-02
9.041085999999999567e-02
1.202339899999999989e-01
1.206739200000000040e-01
1.281284799999999890e-01
1.183492800000000011e-01
1.036336900000000005e-01
8.617368000000000250e-02
7.551689000000000318e-02
7.286536999999999875e-02
6.813893999999999507e-02
6.700913999999999482e-02
6.850011999999999768e-02
6.872040000000000093e-02
7.367289000000000476e-02
7.867359999999999631e-02
7.532569000000000070e-02
7.600331999999999921e-02
7.614015000000000366e-02
7.372544000000000319e-02
6.778463999999999323e-02
6.737258000000000135e-02
6.753900000000000181e-02
6.979538000000000408e-02
7.321083999999999925e-02
6.794854000000000172e-02
7.106577999999999506e-02
6.836749999999999772e-02
7.023991999999999736e-02
7.037063999999999819e-02
6.996573999999999849e-02
6.969224999999999726e-02
6.701448000000000127e-02
6.539320999999999329e-02
7.043470999999999760e-02
6.871009999999999618e-02
6.945850000000000635e-02
6.908416000000000556e-02
7.179133999999999516e-02
6.547385000000000010e-02
5.503431999999999769e-02
