5.974905999999999967e-02
9.025379999999999514e-02
7.823433999999999944e-02
6.973601000000000105e-02
8.623234999999999928e-02
9.641507000000000549e-02
7.878000999999999754e-02
7.538166999999999784e-02
7.038146000000000679e-02
6.741099999999999870e-02
7.013845999999999969e-02
7.489964000000000344e-02
8.303650999999999394e-02
7.678295000000000259e-02
7.711212000000000621e-02
6.823756999999999739e-02
6.746372000000000480e-02
6.734365000000000490e-02
7.705607000000000428e-02
7.442885000000000473e-02
7.734615999999999714e-02
7.216097000000000483e-02
7.744173999999999503e-02
8.544572999999999752e-02
8.194224999999999426e-02
8.976145000000000651e-02
8.255716999999999917e-02
7.005068000000000406e-02
7.343984000000000623e-02
8.576485000000000358e-02
1.028424099999999952e-01
9.488314999999999944e-02
1.185725400000000040e-01
1.058607500000000035e-01
1.092941899999999994e-01
1.206663099999999988e-01
1.033539799999999981e-01
8.546719999999999318e-02
7.825675999999999466e-02
9.887016999999999334e-02
1.435573800000000122e-01
2.131150500000000003e-01
2.759714400000000123e-01
2.955658400000000241e-01
2.863316799999999773e-01
2.304398000000000002e-01
1.840159299999999942e-01
1.558194300000000088e-01
1.052301900000000012e-01
7.787378000000000355e-02
7.742142999999999942e-02
7.616555999999999327e-02
8.636302999999999341e-02
1.025180200000000014e-01
1.234972299999999995e-01
1.614914699999999981e-01
1.363864700000000096e-01
1.063753199999999954e-01
1.024187800000000009e-01
1.143878499999999993e-01
8.945899000000000212e-02
8.365756000000000581e-02
7.078275000000000539e-02
5.807027000000000022e-02
