5.163515999999999939e-02
9.137839999999999852e-02
1.395784499999999928e-01
2.310402099999999959e-01
3.072593499999999866e-01
3.799329699999999810e-01
4.323110299999999850e-01
4.243650099999999870e-01
4.103769700000000076e-01
3.664813299999999940e-01
3.825495500000000160e-01
2.477666599999999997e-01
1.897471099999999966e-01
1.174375899999999945e-01
9.373605000000000131e-02
8.719016000000000266e-02
8.372873999999999595e-02
9.109388000000000207e-02
1.019827499999999970e-01
1.136643299999999940e-01
1.373821600000000032e-01
1.574395299999999942e-01
1.262877299999999869e-01
9.232060999999999740e-02
8.616975999999999802e-02
8.111422999999999550e-02
8.861388000000000598e-02
8.524681000000000619e-02
8.930778999999999801e-02
8.659426000000000623e-02
7.049410000000000398e-02
7.113754999999999384e-02
7.155852000000000046e-02
6.980744999999999312e-02
7.056191000000000546e-02
7.002909000000000217e-02
7.988428000000000195e-02
8.720690999999999860e-02
7.686651999999999374e-02
7.125423000000000173e-02
7.085044999999999538e-02
7.562934000000000323e-02
8.353799000000000641e-02
7.807166999999999579e-02
6.984740000000000393e-02
7.640149000000000246e-02
8.011090999999999351e-02
8.000179000000000318e-02
7.917686000000000168e-02
8.680093999999999310e-02
7.325969999999999704e-02
7.088189999999999769e-02
7.239360000000000239e-02
8.391186999999999951e-02
9.426898999999999695e-02
8.285525000000000528e-02
7.877275000000000249e-02
7.314426000000000261e-02
7.375975999999999366e-02
7.231234999999999746e-02
8.282283999999999480e-02
7.220946000000000309e-02
9.417443999999999815e-02
6.121015999999999957e-02
