6.239905999999999925e-02
8.305780999999999581e-02
6.581589999999999663e-02
6.591202999999999645e-02
6.832776000000000127e-02
7.753427999999999709e-02
7.896208000000000393e-02
7.348401000000000238e-02
7.039694999999999980e-02
7.559446000000000221e-02
8.212569000000000119e-02
1.039163300000000012e-01
1.140927399999999980e-01
1.194593000000000044e-01
1.157904500000000031e-01
8.071921999999999431e-02
7.750822999999999741e-02
8.164965999999999891e-02
8.847410999999999470e-02
8.271860999999999797e-02
8.140149000000000690e-02
9.677718999999999905e-02
1.191533500000000051e-01
1.255573200000000000e-01
1.258898999999999990e-01
1.122488199999999992e-01
7.955544000000000504e-02
8.095238000000000433e-02
1.271951600000000016e-01
1.943352100000000082e-01
2.732875300000000007e-01
3.494933199999999962e-01
3.808709100000000070e-01
3.731428099999999914e-01
2.455666400000000027e-01
2.098472999999999866e-01
1.529298900000000128e-01
9.497999999999999499e-02
8.115210999999999952e-02
8.652625999999999373e-02
9.521891999999999856e-02
1.122432899999999956e-01
1.421115699999999926e-01
1.388423099999999966e-01
1.280675799999999864e-01
1.030897399999999992e-01
1.023718799999999984e-01
1.192479099999999986e-01
1.055838000000000054e-01
7.150407999999999764e-02
7.315882999999999414e-02
7.203603000000000089e-02
8.520803999999999878e-02
8.365752999999999384e-02
9.075255999999999601e-02
9.870661000000000018e-02
1.028194699999999961e-01
8.585394000000000359e-02
7.613630000000000397e-02
8.917068000000000216e-02
9.378920000000000312e-02
8.251777000000000417e-02
8.061501000000000083e-02
5.679458999999999896e-02
