5.218089000000000061e-02
6.727101000000000608e-02
6.753992999999999802e-02
6.609666000000000152e-02
6.861327000000000398e-02
7.470150999999999875e-02
7.908943000000000223e-02
7.842169000000000223e-02
7.924322999999999784e-02
6.990552999999999351e-02
6.794000000000000039e-02
6.823798000000000363e-02
7.029916999999999416e-02
7.588483999999999507e-02
7.172441999999999707e-02
7.133325999999999556e-02
6.785731000000000401e-02
6.725217999999999474e-02
7.179953999999999503e-02
8.198421000000000181e-02
7.932696999999999665e-02
7.360231999999999886e-02
7.157434999999999492e-02
7.548586999999999658e-02
7.279916000000000165e-02
8.718080999999999747e-02
7.856892999999999516e-02
7.153956999999999677e-02
6.893190000000000428e-02
6.791208999999999441e-02
6.880160000000000442e-02
6.955216000000000176e-02
6.959864000000000328e-02
7.629639000000000559e-02
8.210554000000000463e-02
9.250598000000000154e-02
7.210980999999999641e-02
7.279173999999999367e-02
7.183958999999999484e-02
7.555594000000000199e-02
7.330678000000000194e-02
7.511882000000000281e-02
8.024800999999999462e-02
8.119136999999999882e-02
8.010436999999999419e-02
7.785298000000000218e-02
8.449885000000000035e-02
9.403810999999999420e-02
7.732400000000000384e-02
7.270608000000000626e-02
7.430404000000000175e-02
8.096204999999999374e-02
1.029021499999999978e-01
1.194264700000000068e-01
1.662022499999999958e-01
1.700138399999999994e-01
1.726111800000000029e-01
1.828015900000000138e-01
1.780557500000000126e-01
1.649734200000000095e-01
1.032671299999999986e-01
9.817745999999999418e-02
7.778002000000000526e-02
5.396998000000000073e-02
