7.107513000000000025e-02
1.345764399999999916e-01
1.674803300000000106e-01
1.593083100000000085e-01
1.390638600000000114e-01
1.282407499999999867e-01
9.175938000000000150e-02
9.902544000000000624e-02
1.272679899999999975e-01
2.424250699999999925e-01
3.128940499999999791e-01
3.867852399999999746e-01
4.797162700000000002e-01
5.184395299999999818e-01
4.199269999999999947e-01
3.736339799999999767e-01
3.341327299999999889e-01
2.175974099999999911e-01
1.271682199999999985e-01
7.575523000000000673e-02
7.721142999999999756e-02
7.707748999999999850e-02
8.844713999999999354e-02
9.628196999999999450e-02
1.154226400000000069e-01
1.440488699999999955e-01
1.712561099999999892e-01
1.621436300000000108e-01
1.281285000000000063e-01
8.584068000000000254e-02
8.244630999999999488e-02
8.535697000000000423e-02
9.988587000000000160e-02
1.287758200000000131e-01
1.042966599999999994e-01
1.190496800000000049e-01
9.990250999999999992e-02
7.716117000000000115e-02
8.129833999999999672e-02
8.006024000000000473e-02
7.760353999999999863e-02
7.661471999999999727e-02
7.050810000000000410e-02
7.261979999999999824e-02
7.227010999999999852e-02
7.733924999999999828e-02
8.231818999999999942e-02
9.621749999999999747e-02
9.197386999999999924e-02
7.862645999999999524e-02
7.880708000000000157e-02
8.006430000000000491e-02
8.477534000000000458e-02
8.975858999999999921e-02
8.777601999999999627e-02
8.046311000000000435e-02
7.322346999999999884e-02
6.836886999999999825e-02
7.167210000000000247e-02
8.246486999999999568e-02
9.077942999999999429e-02
8.759914000000000589e-02
8.320363999999999538e-02
6.293664999999999676e-02
