6.017742000000000230e-02
7.980553999999999426e-02
8.497847000000000039e-02
8.948520000000000085e-02
8.631848999999999772e-02
7.565191000000000277e-02
6.688038999999999790e-02
6.758303999999999701e-02
7.301762000000000530e-02
7.093818999999999819e-02
9.054903000000000257e-02
7.000117000000000145e-02
7.668985999999999859e-02
9.635290999999999995e-02
1.066328299999999979e-01
1.216088800000000025e-01
8.769343999999999750e-02
8.338655999999999846e-02
7.100367999999999957e-02
7.905507000000000506e-02
8.477210000000000301e-02
9.077351999999999643e-02
1.128556299999999984e-01
1.022031500000000065e-01
1.023750499999999952e-01
1.295023999999999897e-01
1.441482600000000003e-01
1.597499099999999950e-01
9.228775999999999646e-02
7.731801000000000645e-02
1.015618400000000005e-01
1.723761900000000125e-01
2.287163899999999916e-01
3.385856400000000210e-01
2.824287999999999799e-01
2.931974800000000103e-01
2.990033300000000116e-01
2.202098500000000125e-01
1.535105700000000128e-01
9.518010999999999833e-02
6.500264999999999516e-02
7.178800999999999932e-02
8.468146000000000007e-02
7.822598999999999525e-02
9.709299000000000401e-02
1.162915300000000041e-01
1.456990400000000019e-01
1.596574799999999905e-01
1.111341799999999991e-01
9.510333999999999455e-02
8.245576999999999768e-02
8.389230999999999772e-02
7.550170000000000492e-02
8.807310000000000139e-02
9.375453999999999732e-02
9.476945999999999981e-02
9.544708999999999832e-02
1.116901899999999948e-01
1.173541699999999938e-01
9.284033999999999343e-02
7.814677999999999902e-02
8.544638000000000233e-02
6.726205000000000378e-02
5.785475000000000340e-02
