6.402855000000000352e-02
8.219445000000000223e-02
7.335041000000000477e-02
6.759460999999999942e-02
8.086324000000000289e-02
9.561440999999999690e-02
7.954020000000000534e-02
7.325560999999999878e-02
6.909110999999999725e-02
6.695033999999999708e-02
6.514002000000000681e-02
6.808957999999999677e-02
7.215451000000000503e-02
7.549556999999999796e-02
7.860341999999999330e-02
6.888500999999999652e-02
6.665637000000000645e-02
6.805954999999999644e-02
7.232423999999999797e-02
7.283981999999999957e-02
7.867659000000000458e-02
7.517131999999999981e-02
8.151948000000000527e-02
1.018394700000000014e-01
9.087074000000000540e-02
8.854378000000000248e-02
8.000807000000000058e-02
6.974576999999999860e-02
7.230918000000000068e-02
8.071570999999999607e-02
9.542837999999999321e-02
1.045321399999999956e-01
1.215710299999999966e-01
1.141732899999999967e-01
1.313502000000000003e-01
1.301404499999999909e-01
9.928370000000000251e-02
9.118118999999999530e-02
1.019549700000000059e-01
1.260566700000000095e-01
1.548192499999999916e-01
2.791265800000000130e-01
3.407007499999999967e-01
3.803375700000000137e-01
3.736017899999999892e-01
2.836297199999999741e-01
2.314909800000000129e-01
1.956674899999999995e-01
1.304896899999999915e-01
8.478059999999999763e-02
7.388588000000000100e-02
7.249593999999999483e-02
7.280643000000000531e-02
8.184260000000000146e-02
1.084668700000000069e-01
1.252372999999999958e-01
1.062020899999999990e-01
1.081126000000000031e-01
9.906647000000000369e-02
1.052970299999999998e-01
8.818616999999999428e-02
8.418026000000000675e-02
7.212390999999999941e-02
5.735454999999999720e-02
