5.294487999999999972e-02
6.512692999999999954e-02
6.588452000000000197e-02
6.778149999999999453e-02
7.144680999999999949e-02
7.488498000000000376e-02
7.426451000000000580e-02
6.880487999999999882e-02
6.771710999999999703e-02
6.556470999999999827e-02
6.731254999999999877e-02
6.799367000000000605e-02
6.808279000000000414e-02
6.812717000000000078e-02
6.601464999999999417e-02
6.743187000000000486e-02
6.687917999999999641e-02
6.654751000000000416e-02
6.827708000000000388e-02
6.726332000000000144e-02
7.029138999999999526e-02
6.659043000000000601e-02
6.613602000000000369e-02
6.660370999999999653e-02
6.577262999999999860e-02
7.024237999999999316e-02
6.917421999999999460e-02
6.666954999999999409e-02
6.601153999999999356e-02
6.449575999999999920e-02
6.478604999999999781e-02
6.433798000000000294e-02
6.559537000000000007e-02
6.741067000000000586e-02
6.669286000000000658e-02
6.644200999999999580e-02
6.480677999999999439e-02
6.477433000000000496e-02
6.700465999999999367e-02
6.539946000000000648e-02
6.537017999999999995e-02
6.596132999999999857e-02
7.635529000000000621e-02
8.322469999999999868e-02
8.419040999999999331e-02
8.056926000000000365e-02
8.124009000000000091e-02
8.008626000000000633e-02
6.878856999999999333e-02
6.594534999999999980e-02
7.492213999999999818e-02
8.248703000000000285e-02
1.053660099999999961e-01
1.271167199999999886e-01
1.809137000000000106e-01
1.928718100000000046e-01
2.038822000000000134e-01
2.050502300000000000e-01
1.969515699999999925e-01
1.811219900000000105e-01
1.126692100000000057e-01
8.322126999999999997e-02
7.070134000000000141e-02
5.827791999999999695e-02
