8.488969999999999849e-02
2.569747000000000003e-01
3.498397500000000049e-01
4.295808999999999878e-01
4.498584600000000155e-01
4.792211399999999899e-01
4.695400000000000129e-01
3.296824999999999894e-01
2.723817499999999781e-01
2.057750999999999886e-01
1.647443899999999906e-01
9.793541999999999526e-02
8.447578000000000031e-02
7.438340000000000229e-02
7.961553000000000380e-02
9.924415000000000320e-02
1.120481100000000063e-01
1.365610200000000052e-01
1.425630999999999982e-01
1.290023899999999946e-01
1.329640900000000070e-01
1.180602300000000021e-01
1.006204500000000002e-01
8.812599999999999600e-02
8.564966000000000246e-02
8.938129000000000213e-02
7.226177999999999768e-02
8.187355999999999800e-02
8.087853999999999877e-02
8.936205999999999317e-02
7.295337000000000349e-02
7.271879000000000537e-02
7.394040000000000334e-02
7.110307000000000432e-02
6.930012000000000671e-02
7.558270999999999740e-02
7.202382000000000228e-02
7.396891999999999356e-02
7.718505000000000504e-02
8.739850000000000396e-02
7.714097999999999788e-02
8.630548000000000386e-02
7.660570999999999353e-02
8.417959999999999332e-02
9.140180000000000526e-02
9.851662999999999393e-02
8.256278000000000228e-02
7.370037000000000116e-02
7.184169999999999445e-02
6.861420999999999493e-02
8.026901000000000175e-02
9.385082000000000146e-02
8.520558999999999772e-02
7.922160999999999786e-02
7.648364000000000551e-02
7.549369000000000218e-02
7.668650999999999940e-02
9.093885000000000163e-02
9.531902999999999904e-02
7.530505999999999311e-02
7.057739000000000373e-02
6.903049999999999464e-02
6.598787999999999876e-02
5.890589999999999715e-02
