5.356410999999999811e-02
7.081937000000000648e-02
7.486310999999999660e-02
8.655973000000000139e-02
9.895531000000000466e-02
1.056142100000000000e-01
1.017430200000000035e-01
8.495761000000000285e-02
8.019052999999999598e-02
7.741932999999999454e-02
8.922964999999999369e-02
8.764164000000000676e-02
8.250396999999999592e-02
8.066892999999999980e-02
7.208539999999999393e-02
7.438285999999999509e-02
8.780427000000000370e-02
9.181453000000000531e-02
9.078896000000000188e-02
8.777695000000000636e-02
7.852174000000000653e-02
7.345338999999999341e-02
8.286398000000000374e-02
8.436129000000000544e-02
7.328668000000000682e-02
7.891602000000000339e-02
7.871240000000000181e-02
8.903281999999999863e-02
8.067114000000000229e-02
6.868138999999999494e-02
7.010484999999999634e-02
7.307202000000000142e-02
7.847500999999999782e-02
8.793602999999999836e-02
9.157482999999999596e-02
8.863516000000000450e-02
7.035900999999999961e-02
7.422929000000000332e-02
8.188758999999999622e-02
7.931472000000000522e-02
7.515845999999999638e-02
7.616323999999999317e-02
8.048068999999999362e-02
8.911863000000000423e-02
8.633859000000000672e-02
7.364595999999999643e-02
7.314334999999999587e-02
7.057621000000000033e-02
6.920128000000000390e-02
8.371101000000000236e-02
9.691186999999999718e-02
9.484130000000000338e-02
1.130099600000000065e-01
1.339982700000000027e-01
1.547974099999999964e-01
1.420374100000000028e-01
1.139054600000000000e-01
9.611414000000000069e-02
8.962470999999999632e-02
8.085717000000000598e-02
7.967910999999999744e-02
7.101282999999999901e-02
6.887276000000000509e-02
5.423876999999999865e-02
