6.903621999999999537e-02
1.447419500000000081e-01
1.023108400000000001e-01
8.439122000000000290e-02
8.482984999999999831e-02
1.068151999999999990e-01
9.546983000000000552e-02
9.658065000000000400e-02
1.001693399999999956e-01
1.341275600000000068e-01
1.502325100000000135e-01
1.665328100000000033e-01
1.587204899999999919e-01
1.762023699999999971e-01
1.540863199999999988e-01
8.410560000000000258e-02
7.567440000000000278e-02
1.011278000000000038e-01
2.057930199999999932e-01
3.292550100000000146e-01
4.181042600000000053e-01
4.892411199999999738e-01
4.582992200000000071e-01
3.826237900000000192e-01
2.965446700000000102e-01
1.918036599999999869e-01
1.317258500000000054e-01
9.355325000000000446e-02
8.308967999999999909e-02
8.837390999999999996e-02
8.512633000000000005e-02
1.134608299999999986e-01
1.305074200000000129e-01
1.464521300000000137e-01
2.081774500000000139e-01
1.293653999999999915e-01
1.262592200000000053e-01
1.032194599999999990e-01
9.455806999999999407e-02
8.594546999999999604e-02
1.004392699999999972e-01
9.440505999999999898e-02
9.310116999999999698e-02
7.688662000000000274e-02
6.828177000000000552e-02
7.594346000000000430e-02
8.079975000000000351e-02
7.282413999999999554e-02
6.874919000000000169e-02
7.669694999999999985e-02
7.881346000000000185e-02
9.199612000000000067e-02
7.399532999999999805e-02
7.195741999999999416e-02
7.443756999999999457e-02
8.264283000000000046e-02
8.523587999999999998e-02
8.364502000000000048e-02
9.694017000000000606e-02
9.126363999999999310e-02
6.894677999999999918e-02
7.505763000000000018e-02
7.979401999999999329e-02
5.798393999999999771e-02
