6.605685999999999503e-02
1.263942000000000121e-01
1.660725200000000013e-01
1.894293599999999911e-01
1.992409099999999933e-01
2.095402600000000060e-01
1.836260000000000114e-01
1.422046299999999985e-01
1.241295800000000032e-01
1.121122400000000019e-01
1.117166099999999940e-01
8.527663000000000604e-02
7.850105000000000277e-02
7.125011000000000538e-02
7.434214999999999574e-02
7.877502999999999589e-02
8.866374999999999951e-02
1.068414899999999973e-01
1.116568299999999986e-01
1.026510399999999990e-01
1.086626100000000067e-01
1.032794800000000068e-01
8.554188999999999543e-02
7.738528999999999547e-02
7.503108999999999473e-02
7.589988999999999764e-02
7.511921000000000570e-02
7.594538000000000677e-02
8.046245000000000480e-02
9.000716000000000272e-02
6.804672999999999972e-02
6.987026999999999821e-02
7.205572000000000366e-02
6.761504999999999599e-02
6.959226999999999774e-02
7.491728999999999750e-02
7.068799000000000610e-02
7.213656999999999708e-02
8.438049000000000244e-02
9.220525999999999722e-02
7.786089000000000204e-02
8.330711999999999839e-02
7.216467000000000021e-02
8.113655000000000173e-02
8.520648999999999584e-02
9.755271999999999555e-02
8.719741999999999771e-02
7.711867000000000028e-02
6.896990000000000065e-02
6.847309000000000034e-02
7.305503000000000691e-02
8.134043000000000523e-02
8.310739999999999794e-02
8.197727999999999959e-02
8.027170999999999612e-02
7.750455000000000538e-02
7.635506999999999711e-02
8.626865999999999701e-02
8.650911999999999491e-02
7.269520999999999622e-02
7.559855000000000047e-02
6.836238999999999510e-02
7.010927000000000131e-02
5.921553000000000233e-02
