5.554777000000000325e-02
6.703781000000000323e-02
9.485578999999999539e-02
8.582990000000000064e-02
7.389961000000000446e-02
7.621767000000000125e-02
7.050950999999999746e-02
8.452700000000000491e-02
8.863406999999999536e-02
1.201515600000000045e-01
1.045604599999999940e-01
1.138024900000000061e-01
7.817377000000000353e-02
7.707295000000000118e-02
9.477280999999999900e-02
9.606307999999999514e-02
1.375571800000000011e-01
1.089606500000000061e-01
1.024850499999999942e-01
1.129581000000000057e-01
1.400884199999999913e-01
1.520207699999999995e-01
1.481098499999999873e-01
1.076410800000000001e-01
7.716686000000000378e-02
7.505969999999999309e-02
1.407775300000000118e-01
2.623582500000000151e-01
4.160453700000000254e-01
4.450186799999999998e-01
4.348655000000000159e-01
4.490334400000000059e-01
4.380503600000000275e-01
3.167639099999999819e-01
1.661019199999999862e-01
1.247510200000000041e-01
1.083027000000000017e-01
8.326211999999999502e-02
7.772112999999999938e-02
9.912097000000000269e-02
1.280392099999999866e-01
1.129253699999999971e-01
1.755755800000000089e-01
1.694437000000000026e-01
1.648494600000000032e-01
1.233335099999999934e-01
9.495634000000000019e-02
8.495104000000000544e-02
1.160651199999999938e-01
9.339187000000000183e-02
9.456675999999999971e-02
8.515272000000000119e-02
8.684567999999999455e-02
9.162723999999999869e-02
8.693647000000000180e-02
1.012158499999999961e-01
1.160820000000000046e-01
9.218932000000000515e-02
7.761213000000000140e-02
8.576454000000000022e-02
9.612076999999999427e-02
8.245281000000000138e-02
8.425575999999999899e-02
5.913551000000000224e-02
