5.351000999999999674e-02
6.882652999999999688e-02
6.527239999999999431e-02
6.807958999999999539e-02
8.482309000000000376e-02
8.929412000000000460e-02
7.091202000000000616e-02
6.550664000000000486e-02
6.432641000000000053e-02
6.687228000000000616e-02
6.883913999999999311e-02
6.964985999999999400e-02
6.768828999999999818e-02
7.053035000000000554e-02
7.093112000000000028e-02
6.969172999999999341e-02
6.895392999999999661e-02
6.823969000000000562e-02
6.960937999999999848e-02
6.576972000000000373e-02
8.144730999999999499e-02
8.339815999999999896e-02
8.487184000000000395e-02
9.106881000000000004e-02
8.024098000000000341e-02
7.306701999999999642e-02
7.233330999999999789e-02
7.325631999999999977e-02
7.155240999999999685e-02
7.962342000000000031e-02
8.703080000000000538e-02
9.801033000000000661e-02
1.293566200000000055e-01
1.058850699999999978e-01
9.984569999999999557e-02
9.835175999999999641e-02
7.912523000000000473e-02
7.882087000000000121e-02
1.248396900000000032e-01
2.068989300000000087e-01
2.557426700000000053e-01
3.778962499999999891e-01
4.243574399999999747e-01
4.129106100000000112e-01
3.810752000000000028e-01
3.183796700000000035e-01
2.386475100000000071e-01
1.580651799999999996e-01
8.835170000000000523e-02
8.508496999999999588e-02
8.093448999999999782e-02
8.255447000000000479e-02
1.008804400000000018e-01
1.166235999999999939e-01
1.443279699999999999e-01
2.063342499999999968e-01
1.544053999999999982e-01
1.223962700000000015e-01
1.011495200000000066e-01
9.244813999999999810e-02
8.664083999999999675e-02
7.446062999999999987e-02
6.673503000000000074e-02
5.698787000000000297e-02
