5.406123000000000178e-02
6.379761999999999933e-02
6.401977000000000362e-02
6.457409000000000066e-02
6.530250999999999417e-02
6.865272999999999515e-02
6.803304999999999769e-02
6.663502999999999787e-02
6.698005999999999405e-02
6.455597999999999892e-02
6.525216000000000349e-02
6.485151999999999584e-02
6.537998000000000420e-02
6.724835999999999314e-02
6.535699000000000369e-02
6.736580000000000346e-02
6.709550000000000236e-02
6.611551000000000233e-02
6.709684000000000481e-02
6.822118000000000626e-02
6.834990999999999983e-02
6.471783000000000396e-02
6.640640999999999905e-02
6.643831999999999516e-02
6.636522000000000254e-02
7.219461000000000628e-02
6.615313000000000443e-02
6.630713000000000579e-02
6.609972999999999543e-02
6.462241999999999986e-02
6.550385999999999709e-02
6.564509999999999790e-02
6.694674000000000458e-02
6.811243000000000158e-02
6.823274999999999479e-02
6.896151999999999838e-02
6.548766999999999783e-02
6.515458999999999834e-02
6.789233999999999547e-02
6.727539999999999909e-02
6.691366999999999454e-02
6.773669000000000218e-02
7.207938999999999319e-02
7.287382000000000581e-02
7.420770000000000144e-02
7.281413999999999942e-02
7.360764000000000196e-02
7.414534999999999876e-02
6.816986999999999353e-02
6.662880999999999665e-02
7.121110999999999414e-02
7.215032000000000389e-02
7.689680000000000126e-02
9.239993000000000511e-02
1.014193899999999982e-01
1.052361899999999933e-01
1.044775200000000043e-01
1.013589899999999960e-01
9.207453000000000165e-02
9.399538000000000337e-02
7.937131000000000047e-02
7.378482000000000096e-02
6.249309000000000114e-02
5.386786999999999825e-02
