2.198576499999999878e-01
3.828724900000000098e-01
3.500182299999999858e-01
3.418097500000000233e-01
2.381257300000000077e-01
2.241664200000000051e-01
1.689796600000000038e-01
1.321378500000000011e-01
8.061630000000000185e-02
8.811209000000000402e-02
9.106274000000000313e-02
8.741358999999999935e-02
1.096656500000000034e-01
1.792452200000000107e-01
2.153337399999999957e-01
1.634039999999999937e-01
1.372583199999999892e-01
1.336447099999999999e-01
1.017731699999999961e-01
9.070003000000000093e-02
8.788294000000000661e-02
8.451216000000000284e-02
7.496527999999999525e-02
6.617188000000000236e-02
7.443426000000000209e-02
8.299650000000000083e-02
8.130328000000000555e-02
8.206713000000000202e-02
7.847368999999999872e-02
7.424933000000000227e-02
7.398356000000000376e-02
7.621176000000000339e-02
7.547347000000000083e-02
7.552433000000000063e-02
7.428753000000000439e-02
7.896412999999999349e-02
7.455641000000000351e-02
7.685835000000000583e-02
7.218864999999999310e-02
7.580818000000000279e-02
7.882129999999999692e-02
7.482144000000000295e-02
8.564518999999999604e-02
7.669882000000000088e-02
8.516643999999999604e-02
7.902394000000000085e-02
8.691754999999999620e-02
9.591692000000000273e-02
8.306117999999999835e-02
7.304705999999999699e-02
6.923469000000000151e-02
7.225175999999999821e-02
7.825919000000000625e-02
8.517993999999999566e-02
7.838921000000000083e-02
7.087643000000000415e-02
7.310431000000000568e-02
7.473354999999999582e-02
7.588659000000000376e-02
7.297262000000000193e-02
7.304181999999999342e-02
6.950634999999999453e-02
6.845983999999999403e-02
5.741421000000000024e-02
