6.201395999999999992e-02
1.067727100000000068e-01
1.417542499999999983e-01
1.202555899999999955e-01
1.389754400000000056e-01
1.808294500000000027e-01
1.587274200000000079e-01
8.594100999999999824e-02
8.239610999999999463e-02
7.073100999999999694e-02
1.063282299999999958e-01
1.828134200000000043e-01
2.724646900000000094e-01
3.549329900000000038e-01
3.943337199999999987e-01
3.997378600000000004e-01
4.156622300000000214e-01
3.174347000000000141e-01
2.349131299999999978e-01
1.287068899999999905e-01
9.710786999999999891e-02
7.808569999999999400e-02
7.593242999999999521e-02
7.537021000000000692e-02
9.109454999999999636e-02
1.117086899999999994e-01
1.456782100000000024e-01
1.599885799999999914e-01
1.403076900000000127e-01
1.374437199999999915e-01
1.303849499999999995e-01
9.499072999999999545e-02
9.844435999999999465e-02
9.996344999999999537e-02
9.597935999999999968e-02
1.088129300000000022e-01
1.001033000000000062e-01
7.588699000000000139e-02
7.940294000000000518e-02
8.026025000000000520e-02
8.319743999999999751e-02
6.840311999999999781e-02
6.723408999999999636e-02
7.293686000000000613e-02
6.902677999999999592e-02
6.830709999999999560e-02
7.235669000000000128e-02
8.590598000000000678e-02
8.997692000000000190e-02
9.641919999999999658e-02
1.021115499999999954e-01
7.687104999999999633e-02
7.047245000000000592e-02
7.285674999999999790e-02
8.147606000000000293e-02
8.276561999999999808e-02
8.626401999999999681e-02
8.064818999999999460e-02
7.546305999999999847e-02
7.650529999999999831e-02
7.108150000000000579e-02
7.200259000000000520e-02
7.724071000000000409e-02
5.969061999999999979e-02
