5.033775000000000055e-02
8.384115000000000317e-02
7.004881000000000302e-02
7.614978999999999498e-02
7.225576999999999694e-02
7.565848999999999491e-02
6.679427999999999754e-02
7.518113999999999353e-02
7.916397999999999491e-02
8.936663000000000245e-02
8.423714000000000202e-02
8.030824000000000296e-02
7.592743999999999882e-02
6.852461999999999442e-02
7.318969999999999643e-02
9.236613999999999935e-02
8.794652000000000025e-02
8.181927999999999424e-02
6.897551000000000376e-02
7.149827999999999739e-02
6.935260999999999509e-02
1.021959600000000024e-01
1.199658100000000061e-01
7.732311999999999519e-02
6.832966000000000040e-02
7.663678000000000157e-02
8.809875000000000345e-02
8.872821000000000180e-02
9.184388999999999748e-02
7.341087999999999780e-02
6.828937000000000201e-02
7.195988000000000384e-02
7.566982999999999349e-02
8.335083000000000075e-02
7.948642000000000207e-02
7.649422999999999639e-02
8.069020999999999832e-02
1.068265600000000010e-01
9.069960999999999995e-02
7.669022999999999812e-02
6.597448999999999675e-02
6.838286999999999838e-02
8.305044000000000315e-02
1.049766000000000032e-01
1.179784400000000039e-01
1.210992899999999983e-01
1.167647899999999933e-01
1.291869700000000121e-01
1.069520800000000049e-01
1.084127000000000007e-01
9.038111999999999535e-02
9.801158000000000092e-02
7.737554000000000654e-02
9.531952999999999954e-02
1.745371400000000073e-01
1.992840300000000009e-01
2.817646300000000159e-01
3.281645200000000151e-01
3.747555300000000034e-01
3.654153600000000224e-01
3.315311400000000019e-01
3.063654299999999941e-01
2.487255600000000122e-01
6.053292999999999868e-02
