5.285321999999999937e-02
6.555576999999999932e-02
6.500933999999999879e-02
7.010225999999999957e-02
7.171964999999999590e-02
6.860586000000000462e-02
6.692757000000000567e-02
6.617220999999999520e-02
6.620341999999999894e-02
6.740003999999999440e-02
7.287311000000000483e-02
6.977766999999999997e-02
6.808769000000000626e-02
6.796588000000000629e-02
6.799170000000000214e-02
6.678560999999999526e-02
7.136657999999999891e-02
7.169279000000000623e-02
7.227844999999999409e-02
6.678128999999999316e-02
6.861504000000000214e-02
6.807407999999999515e-02
7.223659999999999803e-02
7.238124999999999420e-02
6.753562000000000454e-02
6.851076000000000388e-02
6.728262999999999605e-02
7.726708999999999661e-02
7.750065999999999899e-02
6.931102000000000096e-02
6.995033000000000500e-02
6.925320000000000087e-02
7.044443999999999706e-02
8.029131000000000462e-02
8.575747999999999704e-02
7.899873999999999785e-02
6.943647999999999487e-02
6.943407999999999525e-02
7.918276000000000481e-02
7.669533000000000600e-02
7.063200000000000034e-02
7.741193999999999853e-02
1.045027099999999987e-01
1.193710399999999977e-01
1.236297299999999932e-01
1.012124999999999969e-01
8.254994000000000220e-02
8.308224000000000165e-02
8.181570000000000509e-02
1.193574899999999966e-01
1.625861200000000006e-01
1.771096600000000021e-01
2.559083100000000277e-01
3.265955199999999725e-01
3.545799299999999876e-01
3.096633599999999986e-01
2.989593400000000178e-01
2.635920299999999772e-01
2.152221900000000077e-01
1.453981699999999933e-01
1.191238599999999981e-01
8.323560000000000680e-02
7.240009999999999502e-02
6.391834999999999878e-02
