5.789223000000000285e-02
7.567936999999999581e-02
1.348031000000000090e-01
2.760298800000000052e-01
4.427988500000000216e-01
4.692341999999999902e-01
5.336104600000000087e-01
5.627434799999999626e-01
5.492812999999999723e-01
5.713618400000000097e-01
5.671489199999999453e-01
4.750190100000000193e-01
3.752561500000000105e-01
2.873218699999999792e-01
1.379137500000000016e-01
1.027765900000000010e-01
9.512511999999999357e-02
1.133721399999999963e-01
1.164950700000000061e-01
1.330194600000000060e-01
1.987199600000000010e-01
2.377543300000000137e-01
2.188358499999999984e-01
1.463277000000000050e-01
1.340782899999999889e-01
1.017191499999999943e-01
1.106511000000000022e-01
1.031285700000000027e-01
1.109227799999999986e-01
9.372386000000000605e-02
8.135488999999999915e-02
8.626699000000000173e-02
8.109729000000000243e-02
7.374053999999999331e-02
7.387609000000000536e-02
7.169554000000000205e-02
8.543700999999999379e-02
8.931134000000000295e-02
8.504986000000000490e-02
7.010317000000000631e-02
6.990382000000000540e-02
8.106610999999999678e-02
9.425269000000000008e-02
9.452958000000000194e-02
7.717211000000000209e-02
7.821543999999999719e-02
8.329496999999999596e-02
9.074464000000000141e-02
9.023625000000000396e-02
1.104258399999999973e-01
9.479213999999999696e-02
7.676241999999999788e-02
7.164487999999999412e-02
9.038406000000000218e-02
1.080139499999999975e-01
1.035539099999999990e-01
9.727892000000000483e-02
7.515067999999999748e-02
7.239080000000000514e-02
7.014792000000000249e-02
8.209381000000000317e-02
7.786411000000000027e-02
1.292946299999999937e-01
6.821955999999999853e-02
