5.142171000000000242e-02
8.950911999999999757e-02
6.460509000000000390e-02
6.731252000000000069e-02
6.985958999999999919e-02
7.399152000000000506e-02
7.391300000000000647e-02
6.975639999999999619e-02
6.644392000000000353e-02
6.929712999999999845e-02
6.730141000000000595e-02
7.846435000000000215e-02
8.638039000000000134e-02
9.216778999999999944e-02
9.198847999999999747e-02
7.622578000000000686e-02
6.709055999999999353e-02
6.825620000000000298e-02
7.584570999999999674e-02
7.686829000000000578e-02
7.940722000000000058e-02
8.156030000000000224e-02
9.167819000000000662e-02
1.127503400000000044e-01
9.939781999999999784e-02
1.012291399999999952e-01
8.928171999999999497e-02
8.016339000000000103e-02
7.598193000000000308e-02
1.091725600000000018e-01
1.627703799999999923e-01
2.038572100000000109e-01
2.353971300000000100e-01
2.579769499999999827e-01
1.835886700000000094e-01
1.824177700000000069e-01
1.863045100000000065e-01
1.161461000000000021e-01
8.728590999999999434e-02
6.639111999999999791e-02
7.309346999999999372e-02
9.473312999999999873e-02
8.079392000000000518e-02
8.938242999999999883e-02
9.016923000000000299e-02
9.444549000000000694e-02
1.014756799999999987e-01
1.032971399999999956e-01
7.566936000000000495e-02
6.903359000000000578e-02
6.720375000000000654e-02
6.965475000000000139e-02
6.942586000000000590e-02
6.852263999999999577e-02
7.564819999999999878e-02
7.451104999999999534e-02
7.179096000000000088e-02
7.110107999999999706e-02
7.607566000000000328e-02
6.772744999999999460e-02
6.806265999999999705e-02
6.747095999999999649e-02
6.250021999999999522e-02
5.479416000000000148e-02
