5.785843000000000236e-02
7.972147999999999735e-02
7.817920000000000424e-02
7.400727000000000000e-02
7.515652999999999917e-02
8.909177000000000068e-02
8.046667000000000403e-02
7.115907000000000482e-02
6.992339000000000193e-02
6.651542000000000565e-02
6.802220999999999962e-02
8.191948000000000285e-02
8.252341000000000537e-02
7.596137000000000028e-02
8.239568999999999366e-02
6.926277999999999602e-02
6.777505999999999808e-02
7.046616999999999464e-02
7.592928000000000177e-02
7.448103000000000362e-02
9.168666999999999789e-02
8.471596000000000681e-02
9.110247000000000483e-02
1.261002699999999865e-01
9.952310000000000323e-02
8.597821999999999409e-02
7.989746000000000348e-02
8.131818000000000379e-02
7.977718999999999783e-02
9.495228999999999475e-02
1.150590600000000047e-01
1.466251600000000044e-01
1.774028199999999889e-01
1.800621000000000027e-01
1.534618700000000002e-01
1.083609600000000062e-01
1.005011999999999989e-01
9.544603000000000115e-02
1.464636900000000075e-01
2.172575300000000043e-01
2.313096099999999988e-01
3.342777800000000243e-01
3.544666200000000100e-01
3.542052199999999873e-01
2.558431899999999981e-01
2.227271100000000059e-01
1.708898100000000031e-01
1.555447399999999869e-01
1.112988099999999980e-01
8.456487000000000032e-02
8.322936999999999697e-02
8.509358999999999673e-02
1.309434899999999957e-01
1.891540399999999955e-01
2.302700299999999867e-01
3.222518899999999853e-01
2.704725299999999888e-01
1.787801400000000041e-01
1.267344999999999999e-01
1.161011900000000069e-01
8.654850999999999517e-02
8.258319999999999550e-02
7.092835000000000112e-02
5.789608999999999728e-02
