6.043360999999999872e-02
9.278169000000000000e-02
1.256462200000000029e-01
1.321440299999999957e-01
1.209066300000000010e-01
1.432157799999999870e-01
1.020841400000000038e-01
6.925650999999999335e-02
8.165424999999999767e-02
9.755105999999999500e-02
1.459056099999999911e-01
2.427756299999999923e-01
2.857556299999999827e-01
3.250601900000000266e-01
3.050755299999999837e-01
2.743692999999999826e-01
2.603469199999999817e-01
1.667690699999999915e-01
1.093424199999999957e-01
8.393396999999999664e-02
7.105461999999999889e-02
7.206360000000000543e-02
6.928331999999999546e-02
7.331505000000000660e-02
7.883687000000000333e-02
8.556951999999999614e-02
9.864320999999999506e-02
1.183618000000000031e-01
9.936435999999999880e-02
8.763985999999999998e-02
1.074450899999999931e-01
7.506279000000000423e-02
8.353170999999999513e-02
9.331501999999999852e-02
8.261991000000000474e-02
9.754516000000000575e-02
8.197463000000000666e-02
7.131656000000000106e-02
7.600867999999999514e-02
7.278750000000000497e-02
7.708412000000000597e-02
6.842711999999999406e-02
7.106410000000000504e-02
6.882483999999999824e-02
7.067487999999999548e-02
6.592597000000000040e-02
6.788030000000000452e-02
7.800132999999999373e-02
8.042910999999999810e-02
8.099059000000000119e-02
7.980621999999999716e-02
6.902505000000000446e-02
6.810341000000000311e-02
7.016437999999999842e-02
7.338229999999999753e-02
7.371033999999999919e-02
8.022257000000000693e-02
7.096147999999999345e-02
6.873629000000000544e-02
7.169615000000000016e-02
6.954850999999999395e-02
6.535153000000000489e-02
7.647518000000000371e-02
5.696397000000000266e-02
