5.682571000000000150e-02
7.058776999999999413e-02
7.421323000000000503e-02
7.752836000000000449e-02
7.434182999999999764e-02
7.108456000000000496e-02
6.679698000000000579e-02
6.664172999999999625e-02
6.663618999999999792e-02
7.549395000000000411e-02
7.860918000000000072e-02
6.714905000000000179e-02
6.847936999999999774e-02
7.547827999999999482e-02
8.213370000000000393e-02
8.577956000000000469e-02
7.681915000000000271e-02
7.010821000000000414e-02
6.531691000000000580e-02
6.713144999999999529e-02
7.080224999999999713e-02
7.475436000000000580e-02
7.717456999999999789e-02
7.591601000000000599e-02
7.174513999999999891e-02
8.195075000000000276e-02
8.758298000000000472e-02
1.018343599999999988e-01
9.095820000000000294e-02
7.201568999999999332e-02
6.836834999999999440e-02
7.859997999999999985e-02
9.808079000000000103e-02
1.305771000000000015e-01
1.208521899999999982e-01
1.320067600000000008e-01
1.415043800000000129e-01
1.367288100000000062e-01
1.221871699999999977e-01
9.542741999999999891e-02
7.385192000000000145e-02
6.604116000000000153e-02
6.751717999999999609e-02
6.765970000000000317e-02
7.023980000000000501e-02
7.008048000000000055e-02
7.723979999999999735e-02
8.257813999999999433e-02
7.376605999999999441e-02
7.677672000000000663e-02
7.400226000000000026e-02
7.935644999999999505e-02
6.766531000000000629e-02
7.275719999999999410e-02
7.340235000000000509e-02
7.439608000000000332e-02
7.568653000000000186e-02
7.325073000000000001e-02
7.576006000000000407e-02
6.993604000000000487e-02
7.328228000000000519e-02
7.453036000000000383e-02
6.804446999999999579e-02
5.458791999999999811e-02
