6.960816999999999699e-02
1.255338199999999904e-01
1.083089899999999939e-01
7.184061999999999393e-02
8.103035000000000099e-02
7.098580000000000167e-02
8.979718000000000422e-02
1.474001400000000128e-01
1.844941999999999971e-01
2.258450100000000127e-01
2.476662799999999887e-01
2.466152299999999908e-01
2.708678800000000053e-01
2.776842700000000108e-01
1.659535000000000038e-01
1.323297800000000080e-01
9.552489999999999593e-02
7.583405999999999481e-02
7.072546000000000388e-02
7.405026000000000663e-02
7.266649999999999499e-02
7.505554999999999866e-02
8.424265000000000225e-02
9.040169000000000676e-02
1.048901599999999962e-01
1.043387399999999993e-01
9.253579000000000665e-02
7.503964999999999941e-02
7.464166999999999330e-02
7.527883000000000491e-02
7.426905999999999786e-02
7.563282000000000338e-02
7.840186000000000377e-02
8.475641999999999898e-02
8.069698999999999622e-02
8.606038000000000576e-02
7.413616000000000650e-02
7.291466000000000613e-02
7.403629000000000460e-02
7.443627999999999356e-02
6.949487999999999499e-02
7.258388999999999813e-02
6.769334999999999936e-02
7.115688000000000568e-02
7.351997999999999867e-02
7.640265000000000251e-02
7.662268999999999330e-02
7.558299999999999741e-02
7.120898000000000505e-02
6.635889000000000371e-02
7.642525999999999486e-02
7.921612000000000098e-02
7.496397999999999950e-02
7.017884000000000622e-02
6.860454000000000552e-02
6.862342999999999915e-02
6.809671999999999947e-02
6.721391000000000171e-02
7.044393999999999656e-02
7.548601000000000616e-02
7.192086000000000312e-02
7.426707000000000447e-02
6.397811000000000470e-02
5.357337999999999684e-02
