1.079171399999999947e-01
3.061320499999999889e-01
3.934085099999999890e-01
4.204129300000000180e-01
4.258845700000000178e-01
4.256923799999999813e-01
3.851484399999999808e-01
2.801933300000000182e-01
1.759575800000000023e-01
1.390873599999999932e-01
1.176864299999999947e-01
8.697897000000000267e-02
8.340374000000000398e-02
7.773810000000000442e-02
9.480639999999999901e-02
1.134212099999999945e-01
1.156515999999999933e-01
1.571323900000000107e-01
1.436116799999999916e-01
1.110052100000000069e-01
1.112694800000000039e-01
1.030877099999999991e-01
8.781208999999999543e-02
8.416661999999999755e-02
8.348975999999999620e-02
8.509482000000000157e-02
7.217474000000000112e-02
7.788823000000000274e-02
8.341242000000000101e-02
9.308998000000000272e-02
7.101735000000000686e-02
6.848163999999999640e-02
7.146433000000000646e-02
6.724165999999999477e-02
6.855804000000000065e-02
7.103697000000000483e-02
6.742338000000000497e-02
6.994372999999999563e-02
8.150461999999999985e-02
8.847004999999999453e-02
7.103798999999999531e-02
7.714493999999999518e-02
7.510496999999999312e-02
8.591466000000000380e-02
9.247168000000000054e-02
9.142113000000000322e-02
7.157951999999999371e-02
6.935249000000000275e-02
6.946861999999999482e-02
7.267070000000000474e-02
7.347236999999999518e-02
7.469518999999999465e-02
7.251510999999999374e-02
7.214797000000000571e-02
7.133699999999999763e-02
7.041677000000000353e-02
7.328221999999999514e-02
7.907989999999999464e-02
8.157868999999999537e-02
7.034516000000000380e-02
6.928210999999999398e-02
6.817781000000000535e-02
6.524794999999999900e-02
5.811469999999999830e-02
