8.259904999999999331e-02
2.216762600000000139e-01
2.972617699999999807e-01
3.052933500000000189e-01
2.790716599999999992e-01
2.702132800000000001e-01
2.351572100000000054e-01
1.891485800000000106e-01
1.266795800000000138e-01
9.698608999999999702e-02
9.517235000000000278e-02
8.428758999999999557e-02
8.200781000000000043e-02
8.927450000000000663e-02
9.990401999999999616e-02
1.291933799999999966e-01
1.447533799999999871e-01
2.047419799999999901e-01
1.777057099999999890e-01
1.170628999999999975e-01
1.155288099999999957e-01
8.972381000000000106e-02
7.863272999999999791e-02
8.084719999999999407e-02
8.320540999999999354e-02
9.362420000000000464e-02
7.179750999999999495e-02
7.330356999999999845e-02
8.412579000000000584e-02
9.195403000000000604e-02
7.545248999999999706e-02
7.623876999999999737e-02
7.389851999999999532e-02
7.240789000000000253e-02
7.380227999999999788e-02
6.984809999999999630e-02
6.981750000000000456e-02
7.717111999999999583e-02
8.358748000000000566e-02
9.238849999999999840e-02
7.142637999999999765e-02
8.103847000000000134e-02
8.054397000000000639e-02
9.010936999999999419e-02
1.046451199999999943e-01
8.815233000000000096e-02
6.991345000000000198e-02
7.155965000000000242e-02
7.052692000000000683e-02
7.172652000000000194e-02
7.425698000000000021e-02
7.559132999999999825e-02
6.932820000000000649e-02
6.722806000000000615e-02
6.780548000000000131e-02
7.047116999999999964e-02
7.155556999999999890e-02
7.403503000000000167e-02
7.166437000000000501e-02
6.904607000000000105e-02
6.493438999999999461e-02
6.781658000000000130e-02
6.429875999999999647e-02
5.451473999999999903e-02
