1.209996700000000036e-01
3.212381899999999790e-01
3.144672800000000157e-01
2.772794399999999881e-01
2.283768999999999938e-01
2.159991599999999956e-01
1.765693100000000071e-01
1.302083300000000110e-01
8.114069999999999616e-02
7.971316999999999986e-02
9.002522000000000302e-02
9.916276000000000257e-02
1.176143399999999978e-01
1.527424199999999899e-01
1.835263400000000100e-01
2.100048200000000087e-01
1.927380300000000046e-01
2.018583599999999867e-01
1.529754500000000128e-01
1.128582699999999966e-01
8.928511000000000086e-02
7.867696999999999885e-02
7.776041000000000203e-02
7.811788000000000065e-02
8.597446999999999728e-02
9.345451999999999926e-02
7.831945999999999353e-02
7.686411999999999412e-02
7.925395999999999830e-02
7.813889000000000251e-02
8.282846000000000652e-02
8.528296999999999961e-02
8.683691999999999800e-02
7.225412000000000501e-02
7.573230999999999713e-02
7.601194999999999480e-02
7.840381999999999907e-02
8.728956000000000215e-02
8.233247999999999955e-02
7.409182999999999741e-02
7.119614999999999971e-02
8.240654000000000035e-02
1.000785700000000056e-01
8.944997999999999838e-02
8.942608000000000501e-02
7.005556999999999757e-02
7.736817000000000000e-02
8.916216999999999893e-02
8.635830999999999369e-02
7.894152000000000113e-02
7.094058999999999782e-02
6.850327000000000499e-02
6.935784999999999867e-02
7.412953999999999377e-02
7.582476999999999967e-02
7.299994999999999401e-02
7.430994999999999961e-02
7.204093000000000302e-02
7.136628000000000416e-02
7.299369999999999470e-02
7.650967999999999658e-02
8.143509999999999638e-02
7.487336999999999465e-02
6.042277000000000065e-02
