5.766044000000000030e-02
9.797849000000000141e-02
7.851579999999999671e-02
7.593228999999999951e-02
7.063569999999999571e-02
6.649505999999999473e-02
6.781945999999999808e-02
6.866812999999999390e-02
7.683647000000000393e-02
7.651581000000000354e-02
7.119849000000000316e-02
6.758976999999999347e-02
7.191327000000000136e-02
8.689942999999999973e-02
8.660526000000000335e-02
7.153099000000000263e-02
7.111636999999999820e-02
7.093243000000000464e-02
6.953011000000000608e-02
7.962518000000000373e-02
6.583809999999999663e-02
7.875042000000000153e-02
6.925280000000000324e-02
6.823994999999999367e-02
7.717432999999999932e-02
7.660464999999999636e-02
7.195108000000000059e-02
7.098501000000000116e-02
7.507922999999999680e-02
8.039206999999999603e-02
8.478262999999999772e-02
7.514081000000000232e-02
7.874577000000000659e-02
7.183341000000000032e-02
6.665756999999999932e-02
6.811546999999999741e-02
8.134313999999999434e-02
8.834102000000000621e-02
9.408632000000000106e-02
8.197783000000000153e-02
7.866399999999999781e-02
8.987367999999999746e-02
8.686431999999999487e-02
8.135040000000000326e-02
7.508447999999999511e-02
8.080397999999999747e-02
1.063122400000000023e-01
1.452582799999999896e-01
2.008469300000000068e-01
2.290774999999999895e-01
2.640709900000000054e-01
2.583703399999999761e-01
2.314184499999999978e-01
2.231039900000000020e-01
2.092246899999999910e-01
1.433326600000000006e-01
9.698155999999999444e-02
8.019709999999999339e-02
6.874943999999999500e-02
6.772915000000000185e-02
7.283631000000000133e-02
7.873521999999999466e-02
8.735205999999999527e-02
5.971148999999999901e-02
