5.289135999999999838e-02
6.954693000000000680e-02
7.018119000000000440e-02
7.844963000000000630e-02
8.898739999999999428e-02
8.412930000000000408e-02
7.559088999999999392e-02
7.096842000000000428e-02
6.701242999999999783e-02
7.703039999999999887e-02
9.196480999999999406e-02
7.851139000000000034e-02
7.783739000000000630e-02
7.940350000000000186e-02
8.005297999999999581e-02
8.959290999999999783e-02
1.031249600000000016e-01
1.146331099999999964e-01
8.746035000000000614e-02
7.152551000000000048e-02
6.581702999999999859e-02
7.440346000000000459e-02
9.447292000000000189e-02
1.071973400000000021e-01
8.642542000000000280e-02
9.089482999999999591e-02
1.134560500000000027e-01
1.687032599999999938e-01
1.407034400000000129e-01
1.073433000000000026e-01
8.294888999999999735e-02
7.353754999999999320e-02
1.027847300000000047e-01
2.248594499999999885e-01
2.528866799999999748e-01
3.341104100000000243e-01
3.944466099999999753e-01
3.862027800000000233e-01
3.136636600000000108e-01
1.939747900000000080e-01
1.278519300000000025e-01
8.035111000000000336e-02
6.861261000000000443e-02
7.632300999999999669e-02
8.229588000000000181e-02
8.541216000000000086e-02
1.026505199999999951e-01
1.173612500000000003e-01
1.174760200000000004e-01
1.519783000000000106e-01
1.307179199999999875e-01
1.311583500000000069e-01
8.692244000000000359e-02
9.085986000000000062e-02
8.320885000000000087e-02
1.002091799999999949e-01
1.005939500000000014e-01
1.073569699999999960e-01
9.130164000000000335e-02
8.281235000000000679e-02
1.015997200000000045e-01
1.002664199999999950e-01
1.089183499999999971e-01
5.764268000000000169e-02
