5.743072999999999928e-02
6.812371000000000398e-02
6.527399000000000395e-02
6.839789000000000285e-02
6.715619999999999923e-02
7.159168999999999949e-02
6.473998999999999726e-02
6.585626999999999454e-02
6.656674999999999398e-02
7.018570999999999838e-02
7.245527000000000217e-02
7.364864999999999606e-02
7.034488999999999326e-02
6.655279999999999530e-02
7.195899999999999519e-02
7.549453000000000413e-02
7.696036000000000543e-02
6.873126000000000235e-02
6.824207000000000189e-02
6.753580000000000694e-02
7.080150999999999806e-02
8.510212999999999806e-02
9.161619999999999486e-02
7.155941999999999859e-02
6.779525000000000134e-02
6.853721000000000119e-02
7.165709000000000661e-02
7.420815999999999524e-02
8.004242999999999775e-02
7.180556999999999912e-02
6.773203999999999336e-02
6.944714000000000442e-02
7.155720999999999610e-02
7.205567000000000222e-02
7.084732000000000529e-02
7.148580000000000212e-02
7.228320000000000578e-02
7.979358999999999758e-02
8.374655000000000293e-02
6.966086000000000500e-02
6.582127999999999590e-02
6.916516000000000330e-02
7.927889999999999937e-02
8.523825000000000152e-02
9.136073000000000111e-02
9.262628000000000528e-02
9.512236999999999776e-02
1.006294100000000025e-01
9.162017999999999551e-02
1.109587600000000035e-01
9.289152000000000520e-02
1.039804200000000040e-01
7.745588999999999946e-02
9.490692000000000572e-02
1.200382499999999991e-01
1.422026799999999980e-01
1.998804399999999926e-01
2.190387699999999938e-01
2.228417099999999984e-01
2.200775299999999934e-01
2.340598000000000123e-01
2.539191800000000221e-01
2.059458000000000122e-01
5.775961999999999763e-02
