4.999411000000000133e-02
8.968073000000000017e-02
6.584810000000000663e-02
8.460183999999999760e-02
1.865925499999999959e-01
2.252156999999999909e-01
3.943422400000000105e-01
4.606705899999999909e-01
4.748880899999999849e-01
4.541240599999999961e-01
5.210907500000000470e-01
4.128071400000000168e-01
3.096527199999999924e-01
2.146372300000000122e-01
1.112367199999999973e-01
8.386126000000000691e-02
8.058091000000000559e-02
6.989887999999999657e-02
6.906954999999999345e-02
7.533059000000000283e-02
8.363297999999999566e-02
8.970079999999999720e-02
9.010606999999999644e-02
8.110367999999999744e-02
8.304620999999999531e-02
7.771377999999999620e-02
7.422022999999999815e-02
6.805076000000000180e-02
6.955632999999999955e-02
6.865163999999999989e-02
6.898094999999999921e-02
6.772382000000000402e-02
6.834263000000000143e-02
6.692093000000000347e-02
6.973094000000000514e-02
6.605476000000000403e-02
6.724365000000000203e-02
7.281442999999999943e-02
7.355024999999999757e-02
6.540659999999999530e-02
6.435767000000000571e-02
6.876259999999999317e-02
7.532345999999999486e-02
7.469539000000000040e-02
6.846080000000000221e-02
6.551985000000000448e-02
6.543256000000000072e-02
6.832415000000000016e-02
6.858432999999999891e-02
7.403336000000000638e-02
7.179689999999999683e-02
7.020134000000000096e-02
6.427492999999999401e-02
6.620898999999999535e-02
6.860747000000000373e-02
7.353671999999999986e-02
7.431827000000000572e-02
6.375258000000000314e-02
6.570098000000000604e-02
6.646836999999999884e-02
6.619295999999999514e-02
6.622126999999999875e-02
7.680104000000000097e-02
5.631401999999999936e-02
