1.044096199999999947e-01
4.167784800000000067e-01
4.141091399999999867e-01
3.972603100000000054e-01
3.243682700000000141e-01
3.029923099999999869e-01
2.262858299999999934e-01
1.093200399999999933e-01
7.982132999999999590e-02
8.392534000000000105e-02
8.911800000000000277e-02
9.433579000000000270e-02
1.233760299999999976e-01
1.428253399999999951e-01
1.719301799999999880e-01
1.873952700000000027e-01
1.645458900000000002e-01
2.065546500000000063e-01
1.471386799999999939e-01
9.807973999999999859e-02
8.211556000000000410e-02
7.747192999999999441e-02
7.678108999999999629e-02
7.294365999999999350e-02
8.709825999999999679e-02
9.800643000000000549e-02
8.668454000000000437e-02
7.563786999999999594e-02
7.501644999999999841e-02
7.538981999999999628e-02
8.182743000000000655e-02
9.861839999999999495e-02
8.057190999999999659e-02
7.170664000000000204e-02
7.587647000000000141e-02
8.072730000000000183e-02
7.994381000000000403e-02
8.514961999999999531e-02
8.006351000000000440e-02
7.198831999999999454e-02
7.107235000000000635e-02
7.450552000000000563e-02
1.044227600000000034e-01
8.321112999999999427e-02
8.375448000000000615e-02
6.850085999999999675e-02
7.463975000000000470e-02
8.264114999999999656e-02
7.948384000000000005e-02
7.520311000000000357e-02
6.966132999999999353e-02
7.088310000000000444e-02
6.951148999999999523e-02
8.098800999999999917e-02
8.357364999999999933e-02
7.725437999999999750e-02
7.816104999999999581e-02
7.359163000000000510e-02
7.460809000000000191e-02
7.780731000000000452e-02
7.904292999999999736e-02
8.105149000000000381e-02
7.592226000000000530e-02
5.964926999999999729e-02
