6.048413999999999874e-02
8.131616999999999318e-02
6.902186999999999906e-02
6.945561999999999570e-02
6.806856999999999491e-02
6.850356999999999974e-02
6.526932000000000567e-02
6.758355000000000612e-02
7.030490999999999824e-02
7.118716999999999406e-02
7.021695999999999493e-02
6.661519000000000468e-02
6.908939000000000052e-02
7.792793000000000636e-02
7.320696999999999621e-02
6.751187000000000160e-02
6.798366999999999605e-02
6.583622999999999559e-02
6.832470000000000210e-02
7.215895999999999422e-02
6.622775999999999663e-02
7.158712000000000408e-02
6.905983000000000260e-02
6.780893999999999811e-02
7.180934999999999402e-02
7.277675999999999590e-02
6.905023999999999884e-02
7.215847999999999707e-02
7.252456000000000180e-02
8.291075000000000528e-02
8.138136999999999455e-02
7.459063000000000498e-02
7.597977999999999676e-02
6.859845999999999999e-02
6.738787000000000249e-02
7.476713000000000109e-02
8.505881999999999332e-02
8.569596000000000158e-02
8.316561000000000092e-02
7.915059000000000677e-02
8.429438999999999682e-02
9.141707000000000305e-02
8.532167999999999697e-02
8.254443000000000197e-02
7.529128000000000209e-02
7.720866999999999314e-02
1.116892399999999952e-01
1.376876800000000067e-01
1.737903500000000101e-01
2.024399000000000060e-01
2.423913799999999896e-01
2.321672599999999864e-01
1.966164300000000087e-01
1.899954799999999944e-01
1.479415099999999983e-01
1.132497799999999943e-01
8.732494999999999841e-02
7.645699000000000245e-02
7.038236999999999965e-02
6.547902999999999363e-02
6.838067000000000450e-02
7.320013000000000214e-02
7.436321999999999377e-02
5.593117000000000227e-02
