5.133759000000000239e-02
7.758768000000000609e-02
7.996709999999999929e-02
9.976580000000000170e-02
9.589875999999999956e-02
1.042653999999999942e-01
7.199991000000000030e-02
7.455372999999999861e-02
8.112593999999999361e-02
7.251567000000000429e-02
7.563232000000000288e-02
7.891694999999999960e-02
7.320833999999999675e-02
6.651901000000000341e-02
6.929936000000000429e-02
7.321676000000000573e-02
7.451723999999999848e-02
7.633837999999999735e-02
9.050073000000000145e-02
9.926477000000000217e-02
1.274142000000000052e-01
1.107588899999999987e-01
1.007058700000000029e-01
7.556723999999999386e-02
7.241066999999999643e-02
8.749057000000000361e-02
1.139573200000000008e-01
1.361332399999999887e-01
9.637851999999999530e-02
8.989769000000000232e-02
9.503419999999999923e-02
1.103298600000000018e-01
1.135500400000000049e-01
7.996871999999999314e-02
7.075062999999999491e-02
8.300968000000000235e-02
1.187107200000000057e-01
2.470181300000000024e-01
4.057665799999999878e-01
3.988268700000000000e-01
3.091134099999999774e-01
2.731604899999999780e-01
2.032346999999999904e-01
1.710193799999999986e-01
8.795709000000000166e-02
8.045241000000000198e-02
7.657864999999999811e-02
7.371555000000000468e-02
8.355086000000000457e-02
9.229882000000000364e-02
1.093187000000000048e-01
1.345293800000000040e-01
1.611354600000000081e-01
1.573260099999999884e-01
1.224856099999999948e-01
1.110949199999999998e-01
1.008358399999999960e-01
7.073872999999999966e-02
7.208388999999999769e-02
7.802641000000000437e-02
7.509322000000000219e-02
8.309909999999999519e-02
8.234481000000000439e-02
5.643544999999999812e-02
