6.518719000000000596e-02
1.075398199999999943e-01
8.732139999999999347e-02
8.372802999999999496e-02
1.122844100000000012e-01
1.537707299999999944e-01
2.417898599999999953e-01
3.354015399999999980e-01
3.834192799999999735e-01
4.724937399999999954e-01
5.342819100000000265e-01
4.799935200000000068e-01
4.668692600000000081e-01
3.861367099999999941e-01
1.936045299999999969e-01
1.573385399999999990e-01
1.299185900000000005e-01
8.055096999999999952e-02
9.881832000000000116e-02
1.317965700000000018e-01
1.634170000000000067e-01
1.999553900000000106e-01
2.517300499999999830e-01
2.718515699999999868e-01
3.360210100000000089e-01
2.912777400000000072e-01
1.887032499999999891e-01
9.093091999999999842e-02
1.204085599999999978e-01
9.658904999999999574e-02
1.123770500000000061e-01
1.029412999999999995e-01
8.811407999999999741e-02
1.160780200000000040e-01
1.248816799999999949e-01
1.064704199999999962e-01
1.006463999999999970e-01
1.312965299999999946e-01
1.230965599999999938e-01
9.194945999999999675e-02
7.781238000000000044e-02
1.036793899999999963e-01
1.395828699999999978e-01
1.563166500000000014e-01
1.245526899999999937e-01
1.087989800000000035e-01
9.103946000000000260e-02
7.484130999999999423e-02
8.734266000000000252e-02
1.282692800000000133e-01
1.669722299999999993e-01
1.622592499999999938e-01
1.149855099999999991e-01
7.571675999999999407e-02
8.672541999999999751e-02
1.307051300000000027e-01
1.226466199999999979e-01
9.291783000000000681e-02
1.307844999999999980e-01
1.064829999999999943e-01
7.682648000000000255e-02
9.333684999999999898e-02
1.133621100000000020e-01
7.354716000000000031e-02
