5.447264000000000272e-02
7.051912999999999931e-02
6.750754000000000477e-02
6.650533999999999613e-02
6.634046999999999861e-02
6.991484000000000587e-02
6.652869000000000144e-02
6.534544000000000463e-02
6.629295000000000326e-02
6.646881999999999791e-02
6.652600000000000180e-02
6.460075999999999319e-02
6.752287999999999346e-02
6.639185999999999699e-02
6.904148000000000229e-02
6.778897000000000395e-02
6.723661999999999694e-02
6.522896999999999723e-02
6.632180000000000020e-02
6.635995999999999562e-02
6.776461000000000290e-02
6.690825000000000244e-02
7.012909999999999977e-02
6.898115000000000496e-02
6.811233999999999345e-02
6.930456000000000116e-02
6.915723999999999483e-02
6.754498999999999920e-02
6.749330000000000607e-02
6.726719999999999922e-02
6.696870000000000600e-02
6.885012999999999550e-02
7.455240999999999951e-02
7.320833000000000201e-02
6.946734000000000242e-02
7.057916000000000190e-02
6.978275999999999923e-02
7.128268999999999578e-02
6.976303999999999839e-02
6.881294000000000299e-02
7.634393999999999902e-02
9.124909000000000492e-02
1.033375299999999969e-01
1.112298399999999965e-01
1.120167200000000002e-01
1.044318999999999942e-01
9.146796000000000093e-02
8.036153999999999520e-02
7.310861999999999916e-02
6.753433000000000352e-02
7.263374000000000219e-02
6.788539999999999852e-02
6.696892999999999596e-02
6.874671999999999727e-02
7.032046999999999604e-02
7.440839000000000480e-02
7.175241000000000258e-02
7.211407000000000234e-02
7.201328999999999370e-02
7.197016999999999998e-02
7.412436000000000025e-02
7.006985999999999770e-02
6.692681999999999798e-02
5.438495000000000135e-02
