8.213977999999999557e-02
1.448165299999999989e-01
1.523877399999999938e-01
1.437327599999999872e-01
1.304389200000000137e-01
1.261872900000000075e-01
9.961034000000000554e-02
8.084162000000000292e-02
6.980769000000000557e-02
7.561946999999999419e-02
7.394040999999999808e-02
6.938408000000000075e-02
6.772488000000000119e-02
7.188141000000000669e-02
7.790779000000000454e-02
9.146927000000000529e-02
8.474342999999999460e-02
8.317180999999999880e-02
7.858234000000000052e-02
7.806367000000000167e-02
7.092661000000000104e-02
6.788985999999999632e-02
6.584325000000000594e-02
6.549742999999999538e-02
6.327315000000000023e-02
6.852323999999999915e-02
6.598809999999999398e-02
6.682119000000000253e-02
6.718533999999999617e-02
6.428693000000000601e-02
6.459035999999999944e-02
6.556322000000000538e-02
6.685926999999999842e-02
6.587745999999999880e-02
6.457006999999999330e-02
6.428184000000000675e-02
6.518124999999999614e-02
6.728926000000000351e-02
6.940150999999999959e-02
6.601920999999999484e-02
6.407224000000000252e-02
6.511682000000000581e-02
6.655980000000000230e-02
6.544302000000000452e-02
6.662677999999999656e-02
6.544558000000000320e-02
6.531942999999999777e-02
6.693793000000000659e-02
6.502439000000000136e-02
6.381523999999999530e-02
6.593412999999999358e-02
6.554071999999999676e-02
6.366869999999999474e-02
6.566270000000000440e-02
6.622474000000000416e-02
6.683717000000000130e-02
6.570686000000000582e-02
6.596652999999999545e-02
6.493765999999999428e-02
6.319250999999999341e-02
6.355202000000000073e-02
6.572832000000000674e-02
6.414770999999999668e-02
5.341933000000000098e-02
