5.383062999999999737e-02
6.612295999999999452e-02
7.294618999999999409e-02
8.814395999999999343e-02
9.831492999999999483e-02
9.030971000000000137e-02
8.577313000000000298e-02
7.374745000000000605e-02
6.749020999999999493e-02
8.450193000000000287e-02
1.057164700000000068e-01
7.558083999999999636e-02
7.709868999999999750e-02
8.199979999999999769e-02
7.956866999999999412e-02
9.242944000000000160e-02
9.799865000000000659e-02
1.077242999999999951e-01
8.891258000000000494e-02
6.710043000000000257e-02
6.743406000000000400e-02
7.548441999999999652e-02
1.020097999999999977e-01
1.066039099999999962e-01
8.810331999999999886e-02
9.684394000000000335e-02
1.331835799999999959e-01
1.834703799999999885e-01
1.548481600000000125e-01
1.019797800000000060e-01
7.591887999999999415e-02
7.199363999999999764e-02
1.300164299999999884e-01
2.221394800000000003e-01
2.708448199999999861e-01
3.435553000000000079e-01
4.042862999999999873e-01
3.800006499999999954e-01
3.200668400000000191e-01
2.281500399999999984e-01
1.197974499999999998e-01
8.496283000000000307e-02
7.276871000000000034e-02
7.199838000000000071e-02
7.602198000000000289e-02
9.278498000000000301e-02
1.272065199999999896e-01
1.429685800000000118e-01
1.105996699999999971e-01
1.555503299999999867e-01
1.473793800000000043e-01
1.435859200000000058e-01
9.632063000000000430e-02
9.125184999999999547e-02
9.254365999999999981e-02
1.060212600000000061e-01
9.613473000000000157e-02
1.083337300000000031e-01
9.917294999999999583e-02
7.829922999999999744e-02
1.071940499999999991e-01
1.211921599999999932e-01
1.122714499999999949e-01
5.935610999999999665e-02
