5.909500000000000169e-02
9.502903999999999518e-02
7.879358999999999669e-02
6.873719999999999830e-02
7.006605000000000472e-02
7.943574999999999942e-02
7.803690000000000626e-02
7.711990000000000511e-02
7.150692000000000159e-02
6.800554000000000321e-02
6.694153999999999383e-02
6.543048999999999393e-02
6.923211999999999422e-02
7.258470000000000200e-02
7.968964000000000603e-02
6.777689000000000630e-02
6.851575999999999500e-02
6.858256000000000074e-02
7.377902999999999545e-02
7.673563999999999385e-02
7.834283999999999692e-02
7.410149000000000596e-02
8.336016000000000259e-02
1.148985700000000054e-01
9.520064999999999777e-02
9.610771999999999371e-02
9.709458999999999451e-02
6.875204999999999511e-02
7.140691000000000399e-02
9.106148000000000020e-02
1.099710200000000027e-01
9.673734999999999973e-02
1.300713400000000075e-01
1.276644000000000112e-01
1.458306900000000128e-01
1.487246999999999875e-01
1.150577400000000056e-01
9.797311000000000214e-02
9.793224999999999847e-02
1.161897199999999963e-01
1.838863000000000025e-01
2.886802299999999821e-01
3.685516099999999740e-01
3.869288000000000172e-01
4.107407299999999983e-01
3.634144100000000210e-01
2.933693199999999890e-01
2.540800300000000123e-01
1.461554899999999990e-01
8.470563999999999871e-02
7.810556999999999916e-02
8.609018999999999699e-02
9.636374000000000328e-02
1.117414099999999993e-01
1.439194199999999924e-01
1.645079600000000086e-01
1.365244800000000036e-01
1.393696700000000011e-01
1.301640400000000086e-01
1.505161799999999994e-01
1.313928500000000055e-01
9.834086999999999690e-02
8.940971999999999809e-02
5.770804000000000211e-02
