6.566105999999999332e-02
8.410963000000000467e-02
7.825334000000000456e-02
6.790754000000000234e-02
8.559577000000000158e-02
1.032685299999999973e-01
1.780717400000000061e-01
2.516078900000000007e-01
2.965210400000000135e-01
3.415244199999999952e-01
3.955361499999999753e-01
3.676794800000000030e-01
3.385482100000000161e-01
2.616457300000000208e-01
1.561648399999999992e-01
1.171285199999999999e-01
1.004470699999999994e-01
7.114305999999999408e-02
7.258138999999999563e-02
7.844212000000000407e-02
7.533563000000000065e-02
8.659474999999999811e-02
9.714670000000000250e-02
1.061165500000000039e-01
1.260148600000000063e-01
1.266873000000000027e-01
9.573183999999999860e-02
7.067816999999999850e-02
7.281606000000000189e-02
7.314344999999999875e-02
8.134943000000000035e-02
8.329844999999999611e-02
7.633557000000000536e-02
7.852657000000000387e-02
7.822067000000000603e-02
7.993179999999999730e-02
7.886007999999999907e-02
8.644050000000000344e-02
7.575413999999999759e-02
7.081228000000000522e-02
6.765630999999999728e-02
7.363570999999999311e-02
7.983268999999999782e-02
8.749924000000000590e-02
7.924789000000000139e-02
8.219558999999999893e-02
7.438475999999999422e-02
6.948556999999999650e-02
6.739449000000000134e-02
7.301966999999999486e-02
8.870218000000000547e-02
8.652717000000000047e-02
7.562157999999999380e-02
6.780058999999999392e-02
6.780646999999999369e-02
7.611721999999999932e-02
7.412567000000000461e-02
7.058928999999999898e-02
7.038597000000000603e-02
7.074581000000000619e-02
6.533192000000000166e-02
6.900768000000000180e-02
7.090791000000000455e-02
5.539444999999999786e-02
