9.367498000000000491e-02
2.168299099999999868e-01
3.320219200000000259e-01
3.558809800000000134e-01
3.491673499999999875e-01
3.725044399999999922e-01
3.470468800000000020e-01
2.737165400000000082e-01
2.043027400000000104e-01
1.638798300000000041e-01
1.510055399999999937e-01
8.695229999999999626e-02
7.479357999999999840e-02
7.202941999999999678e-02
8.190255000000000452e-02
9.603101999999999472e-02
1.067882200000000031e-01
1.390123500000000067e-01
1.392511399999999955e-01
1.111053899999999983e-01
1.301598399999999989e-01
1.319426599999999894e-01
9.267425999999999442e-02
8.048537000000000052e-02
7.894946999999999382e-02
8.092533999999999839e-02
7.442672999999999650e-02
8.616548000000000262e-02
8.583209999999999451e-02
8.825281999999999571e-02
6.925662000000000484e-02
6.869601000000000179e-02
7.005174000000000123e-02
6.909782000000000424e-02
7.042726000000000541e-02
7.401649999999999896e-02
6.935217000000000465e-02
7.305551999999999879e-02
8.137550000000000339e-02
9.891105999999999510e-02
7.797350000000000114e-02
8.601694999999999480e-02
7.279518000000000100e-02
8.307633999999999852e-02
9.466558999999999391e-02
1.039675000000000044e-01
8.010625999999999858e-02
7.842617999999999812e-02
6.717109000000000274e-02
6.530175000000000562e-02
7.219657000000000158e-02
8.215707999999999345e-02
8.913337999999999817e-02
8.423543000000000003e-02
8.077233000000000329e-02
7.364339000000000302e-02
7.187045999999999712e-02
9.151283999999999808e-02
9.691080000000000527e-02
7.591124999999999956e-02
7.726834000000000480e-02
6.610791000000000583e-02
6.318796000000000135e-02
5.919031999999999766e-02
