5.436980000000000285e-02
6.585043999999999620e-02
7.266635999999999929e-02
7.458779999999999577e-02
7.847076000000000051e-02
7.708832999999999658e-02
6.694840000000000513e-02
6.517059999999999520e-02
6.680877999999999817e-02
7.348404000000000047e-02
8.070035000000000402e-02
6.844126000000000376e-02
7.025109999999999688e-02
7.969537000000000149e-02
8.070188999999999835e-02
8.570466000000000195e-02
7.956952999999999943e-02
7.623058000000000611e-02
6.753979999999999706e-02
6.866421999999999803e-02
7.235476000000000407e-02
7.977927999999999409e-02
9.177101000000000008e-02
9.378712000000000160e-02
8.251543999999999546e-02
8.778170999999999891e-02
9.725290000000000323e-02
1.027058400000000066e-01
8.832215999999999678e-02
7.223678000000000043e-02
6.700172000000000072e-02
7.321753999999999762e-02
1.002138199999999951e-01
1.423646399999999868e-01
1.318639100000000008e-01
1.854637600000000053e-01
1.884489199999999920e-01
1.683933400000000025e-01
1.481918999999999875e-01
1.030536400000000019e-01
7.381707999999999326e-02
6.741719999999999657e-02
6.596525999999999779e-02
6.946293000000000606e-02
7.506606999999999863e-02
8.205418000000000434e-02
8.072094999999999965e-02
8.849646999999999375e-02
1.009624400000000005e-01
1.082800399999999941e-01
1.153903800000000007e-01
1.061375600000000058e-01
7.768197999999999770e-02
1.055929099999999982e-01
7.761663000000000590e-02
9.768554999999999600e-02
8.533772000000000579e-02
8.626369000000000398e-02
9.664469000000000531e-02
8.058250999999999609e-02
1.059871800000000003e-01
1.055139600000000039e-01
1.072106399999999959e-01
5.955633999999999928e-02
