5.715341000000000171e-02
1.242769499999999971e-01
1.316714300000000060e-01
1.305988600000000111e-01
1.087305300000000058e-01
1.046501299999999940e-01
8.806898000000000504e-02
7.447196000000000371e-02
6.607622000000000495e-02
6.601286000000000653e-02
6.951258999999999910e-02
6.819933999999999719e-02
7.066691999999999418e-02
7.459040999999999588e-02
7.681793000000000649e-02
8.221446999999999783e-02
8.152903000000000233e-02
8.131596000000000657e-02
7.439405999999999797e-02
7.318434999999999524e-02
7.075473000000000179e-02
6.909859999999999614e-02
6.760193999999999925e-02
6.662875000000000048e-02
7.118578999999999879e-02
7.668482999999999550e-02
6.926332000000000322e-02
6.922714000000000645e-02
6.796457999999999666e-02
6.778900999999999677e-02
6.776102000000000514e-02
6.908105000000000495e-02
7.136821000000000137e-02
6.730833999999999429e-02
6.762938999999999756e-02
6.811689999999999412e-02
6.861820999999999893e-02
7.366150999999999949e-02
7.560661000000000465e-02
6.983925000000000549e-02
6.718593000000000481e-02
7.088394000000000639e-02
8.141523999999999983e-02
8.336556999999999995e-02
8.398898999999999948e-02
6.949531000000000458e-02
6.922738999999999976e-02
7.419641000000000430e-02
7.659327000000000496e-02
7.222934000000000299e-02
7.213305999999999885e-02
7.381385000000000030e-02
6.751825999999999661e-02
6.923316000000000192e-02
7.605734999999999579e-02
7.790051000000000614e-02
7.811846999999999541e-02
7.366841999999999835e-02
7.301217000000000124e-02
7.160618000000000538e-02
7.204257999999999496e-02
7.987718000000000595e-02
7.633410999999999669e-02
6.027659999999999962e-02
