5.177466000000000013e-02
6.476667999999999314e-02
6.448669999999999403e-02
6.622445999999999888e-02
6.638505999999999574e-02
6.639391999999999516e-02
6.483576000000000616e-02
6.326273999999999786e-02
6.517161000000000481e-02
6.466584999999999694e-02
6.656586000000000447e-02
6.505118000000000011e-02
6.458674000000000359e-02
6.484101999999999921e-02
6.672474999999999934e-02
6.613085999999999964e-02
6.694793000000000271e-02
6.430347999999999620e-02
6.356523000000000034e-02
6.530252999999999752e-02
6.752112000000000391e-02
6.821489999999999498e-02
6.635462000000000304e-02
6.590540000000000287e-02
6.581808999999999577e-02
6.641979000000000632e-02
6.804709999999999925e-02
6.999553000000000025e-02
6.702012999999999721e-02
6.597142999999999757e-02
6.838763000000000480e-02
7.003465000000000384e-02
6.739497999999999323e-02
6.668910000000000116e-02
6.773650999999999978e-02
6.956658999999999760e-02
6.965817000000000536e-02
6.732696999999999987e-02
7.798030000000000239e-02
7.215737999999999319e-02
7.186383999999999828e-02
7.368534999999999668e-02
7.415183999999999664e-02
7.734161999999999981e-02
6.956526999999999850e-02
6.865535000000000387e-02
6.648785999999999585e-02
6.832813000000000081e-02
6.713624999999999454e-02
6.447047999999999668e-02
6.602280000000000648e-02
6.683403999999999734e-02
6.668925000000000547e-02
6.846204000000000178e-02
7.512829000000000035e-02
7.751059000000000421e-02
7.344407999999999492e-02
6.747424999999999951e-02
6.871399000000000257e-02
6.734012000000000331e-02
6.522970000000000157e-02
7.072249999999999370e-02
6.332627000000000395e-02
5.363090999999999692e-02
