5.065922999999999954e-02
1.212194500000000064e-01
1.441969600000000129e-01
1.279923299999999875e-01
1.190795000000000048e-01
1.247421999999999975e-01
9.675889999999999491e-02
8.908428999999999653e-02
1.447226000000000068e-01
2.106750599999999973e-01
2.777134499999999728e-01
3.297414499999999915e-01
3.803708599999999773e-01
4.117020100000000071e-01
3.383334299999999906e-01
2.958941800000000066e-01
2.745072800000000202e-01
1.799381200000000069e-01
1.119447499999999956e-01
7.103439999999999754e-02
7.280092999999999981e-02
8.178583000000000380e-02
7.841989000000000598e-02
8.879201000000000454e-02
1.121853599999999979e-01
1.291730299999999942e-01
1.261604100000000006e-01
1.385281200000000046e-01
1.291407599999999933e-01
8.494646999999999615e-02
8.215859999999999830e-02
7.780935999999999408e-02
8.064132999999999718e-02
1.088142799999999993e-01
9.197690000000000032e-02
9.077976999999999574e-02
8.388766999999999752e-02
6.876047999999999882e-02
7.316317999999999433e-02
6.950238999999999723e-02
6.968884999999999663e-02
6.831653000000000031e-02
6.705423000000000633e-02
6.705252000000000434e-02
6.841187999999999436e-02
7.068702999999999792e-02
7.153284999999999505e-02
8.214602000000000015e-02
8.250794000000000183e-02
7.645216999999999985e-02
7.530476999999999310e-02
6.720172000000000645e-02
6.991024999999999323e-02
7.725735999999999715e-02
8.135372000000000436e-02
7.616575000000000428e-02
7.478954999999999631e-02
7.042813000000000545e-02
6.527238999999999958e-02
6.971181999999999379e-02
8.034900000000000375e-02
7.609631000000000034e-02
7.671150999999999665e-02
5.697813000000000183e-02
