5.262010000000000298e-02
6.842278999999999722e-02
6.974381000000000330e-02
6.891505000000000547e-02
6.969206000000000012e-02
8.197840000000000682e-02
8.153973999999999944e-02
9.148654000000000508e-02
8.327023000000000064e-02
7.940677999999999626e-02
7.804157999999999928e-02
6.642760999999999805e-02
6.516737000000000224e-02
7.631933000000000467e-02
8.762477000000000460e-02
8.875428000000000484e-02
1.038511299999999998e-01
7.723544999999999716e-02
7.073121000000000269e-02
9.929791000000000312e-02
1.250949100000000036e-01
9.010419000000000067e-02
7.713686999999999627e-02
7.125950999999999813e-02
7.563762000000000263e-02
1.186560100000000062e-01
1.741661700000000090e-01
2.399184299999999881e-01
2.438324199999999942e-01
2.308358399999999866e-01
1.733153799999999911e-01
1.534993400000000119e-01
9.343005999999999533e-02
8.796571000000000251e-02
7.142790000000000250e-02
6.810520000000000462e-02
7.202174000000000076e-02
7.296679999999999833e-02
8.507694000000000367e-02
1.110709700000000050e-01
9.808081999999999911e-02
1.420469099999999985e-01
7.942633999999999805e-02
1.184041100000000069e-01
8.382862000000000646e-02
8.914758000000000404e-02
7.001976000000000033e-02
7.237897999999999554e-02
6.815599999999999437e-02
7.334582000000000601e-02
7.572990999999999751e-02
7.289363000000000092e-02
7.349962999999999635e-02
7.240911999999999349e-02
8.527727999999999697e-02
7.393441000000000596e-02
8.436554000000000275e-02
7.027677000000000229e-02
7.186107999999999385e-02
7.413058999999999621e-02
7.617308999999999886e-02
6.982235999999999998e-02
6.512779999999999958e-02
5.437068999999999930e-02
