5.629035999999999762e-02
7.394944000000000517e-02
9.092917000000000360e-02
8.549785999999999497e-02
7.746390000000000220e-02
8.431518000000000346e-02
7.224869999999999903e-02
7.750176999999999761e-02
8.294429000000000385e-02
8.824798999999999838e-02
8.636446999999999874e-02
8.012312000000000600e-02
7.186080999999999719e-02
7.188105999999999662e-02
7.270224000000000131e-02
7.584823999999999733e-02
8.540084000000000564e-02
7.867941999999999991e-02
7.493447000000000302e-02
9.273742999999999570e-02
1.119368599999999991e-01
1.332990500000000023e-01
1.019002499999999978e-01
7.944590999999999459e-02
7.579320000000000501e-02
8.459874000000000560e-02
1.105537899999999990e-01
1.539549699999999965e-01
2.249191100000000054e-01
2.216183700000000090e-01
2.044657599999999964e-01
2.111314999999999997e-01
1.868142499999999873e-01
1.270164799999999872e-01
8.508559000000000261e-02
6.958435000000000314e-02
7.902844000000000535e-02
8.374787999999999677e-02
8.346145000000000647e-02
9.673431999999999864e-02
9.121948000000000556e-02
1.128971099999999950e-01
1.148503099999999971e-01
1.094601399999999974e-01
1.039256600000000030e-01
7.291169000000000122e-02
6.823811999999999933e-02
6.939294000000000018e-02
7.112232000000000276e-02
7.536131999999999553e-02
7.619966000000000239e-02
7.901598999999999429e-02
7.539471999999999841e-02
8.437983999999999762e-02
6.902113999999999472e-02
8.890702999999999800e-02
7.580227000000000492e-02
6.844261999999999568e-02
7.049134999999999429e-02
7.953375999999999502e-02
8.000810999999999340e-02
7.318043999999999938e-02
6.720407999999999937e-02
5.597566999999999821e-02
