5.311944999999999861e-02
7.086167999999999634e-02
6.616376999999999675e-02
6.738634000000000290e-02
6.701131999999999922e-02
7.155135999999999441e-02
6.659120999999999790e-02
6.483920999999999435e-02
6.850905000000000189e-02
6.556412999999999824e-02
6.630930000000000157e-02
6.746056999999999748e-02
7.180319999999999758e-02
7.928461000000000536e-02
7.153838999999999337e-02
6.808308999999999889e-02
6.824011000000000660e-02
6.460121000000000613e-02
6.715759999999999785e-02
6.905735999999999819e-02
6.339517999999999542e-02
6.688130000000000464e-02
7.049323999999999868e-02
7.205760999999999417e-02
7.885975000000000623e-02
7.663535000000000486e-02
6.932731000000000310e-02
7.906802999999999748e-02
7.968722000000000305e-02
8.949703000000000519e-02
7.962473999999999941e-02
6.500285999999999564e-02
6.850369000000000597e-02
7.077685000000000226e-02
7.073026999999999787e-02
7.729299000000000586e-02
7.867981000000000280e-02
7.900680000000000203e-02
8.529491999999999630e-02
8.948079000000000449e-02
8.654586000000000223e-02
7.771857999999999544e-02
6.919675000000000131e-02
7.040261000000000435e-02
9.029792000000000374e-02
1.117314100000000032e-01
1.473014800000000124e-01
1.753044099999999939e-01
1.846488900000000100e-01
1.755680900000000100e-01
1.833506199999999919e-01
1.749266800000000011e-01
1.332194999999999907e-01
1.099600000000000022e-01
8.424732999999999528e-02
7.916439000000000115e-02
7.016409999999999314e-02
6.956012000000000306e-02
6.926633000000000095e-02
7.107647999999999744e-02
7.922284000000000270e-02
7.633004000000000178e-02
7.883486000000000660e-02
5.592623000000000039e-02
