5.373366999999999727e-02
7.812576000000000243e-02
7.822468999999999950e-02
7.951221999999999457e-02
8.321145000000000624e-02
9.577873000000000636e-02
8.486119000000000301e-02
8.624326000000000214e-02
8.144416000000000155e-02
7.077305999999999875e-02
6.739947000000000299e-02
8.029405000000000570e-02
1.071277499999999938e-01
1.160924499999999998e-01
1.422839899999999991e-01
2.097734099999999935e-01
2.201949699999999899e-01
1.848059999999999981e-01
1.569922099999999932e-01
1.153933800000000037e-01
1.047709700000000049e-01
7.703894000000000020e-02
6.900246000000000157e-02
6.859521999999999842e-02
6.856333000000000566e-02
6.991445000000000298e-02
7.511909999999999421e-02
7.842116999999999838e-02
8.349262999999999824e-02
9.465337999999999530e-02
9.935995999999999717e-02
8.177647999999999862e-02
7.709064000000000194e-02
6.961546999999999874e-02
7.440845999999999572e-02
7.512660999999999645e-02
7.418138000000000509e-02
6.982085999999999848e-02
6.879024000000000250e-02
7.162137000000000364e-02
7.258087000000000566e-02
7.276620999999999784e-02
6.900014000000000147e-02
6.599146000000000178e-02
6.440790999999999877e-02
6.643496999999999597e-02
6.878014999999999823e-02
7.014235000000000608e-02
6.605310000000000348e-02
6.849188000000000498e-02
8.060763999999999430e-02
7.655372000000000565e-02
7.441899000000000430e-02
7.011971999999999650e-02
6.546272000000000202e-02
6.546809000000000656e-02
6.884579000000000393e-02
6.994970999999999828e-02
7.570917000000000618e-02
7.020674999999999832e-02
6.430557000000000634e-02
6.840417999999999499e-02
6.476036999999999766e-02
5.801321999999999729e-02
