6.026680999999999705e-02
1.190707000000000015e-01
1.245984100000000067e-01
1.219786300000000046e-01
1.210997099999999993e-01
1.164310699999999976e-01
7.472769999999999413e-02
7.075286999999999549e-02
9.570070999999999439e-02
1.489811699999999961e-01
1.806521700000000008e-01
2.164444600000000052e-01
2.771652000000000005e-01
2.803730999999999862e-01
2.340227099999999949e-01
2.185321000000000069e-01
1.926250800000000041e-01
1.278988699999999978e-01
9.652185000000000625e-02
6.851833999999999703e-02
7.015185999999999644e-02
6.889858000000000093e-02
7.067830999999999420e-02
7.108478000000000019e-02
8.134790000000000076e-02
9.069894000000000567e-02
9.763528999999999958e-02
1.016106100000000040e-01
9.018658999999999704e-02
8.745901999999999843e-02
8.271514000000000644e-02
7.642946999999999935e-02
7.800633999999999346e-02
8.504137000000000501e-02
8.180561999999999556e-02
8.409445000000000114e-02
8.023433000000000648e-02
6.873545000000000349e-02
6.972662000000000304e-02
6.985471000000000041e-02
6.977556999999999510e-02
6.591313000000000033e-02
7.016872000000000387e-02
6.973872999999999878e-02
6.800596999999999892e-02
6.682113000000000635e-02
7.063558999999999810e-02
7.726629999999999610e-02
8.062808000000000475e-02
7.146362000000000547e-02
7.246394999999999920e-02
6.820207000000000352e-02
6.623321000000000069e-02
6.851970000000000283e-02
7.160094999999999654e-02
6.890712999999999699e-02
6.968264000000000402e-02
6.529243999999999326e-02
6.521525999999999712e-02
6.592336999999999503e-02
6.631607000000000474e-02
6.656412000000000440e-02
6.615282000000000107e-02
5.347699999999999676e-02
