5.714738999999999930e-02
7.584098999999999702e-02
7.898325000000000484e-02
8.811570999999999987e-02
8.187635000000000052e-02
8.687507999999999342e-02
6.945532000000000095e-02
7.812043000000000459e-02
8.169305000000000316e-02
7.257821000000000411e-02
7.734112999999999405e-02
7.605805000000000204e-02
7.115936000000000483e-02
7.618751999999999469e-02
7.768857999999999320e-02
7.891642000000000101e-02
8.029195999999999556e-02
9.072682999999999442e-02
1.089550299999999944e-01
1.318248800000000054e-01
1.581490000000000118e-01
1.367955200000000038e-01
8.745395999999999725e-02
6.684845000000000370e-02
9.043039999999999412e-02
1.121947199999999978e-01
1.300688700000000031e-01
1.443654400000000115e-01
1.111268799999999973e-01
1.195173499999999944e-01
1.647655799999999948e-01
1.943587800000000088e-01
1.773424700000000021e-01
9.549633999999999900e-02
1.024615799999999965e-01
1.762278399999999967e-01
2.461560399999999926e-01
3.776660000000000017e-01
5.221517100000000466e-01
4.805679299999999765e-01
4.127553700000000103e-01
3.575087800000000260e-01
2.591248800000000019e-01
1.865062700000000018e-01
1.017711099999999980e-01
7.943664000000000280e-02
6.898026999999999631e-02
6.872022999999999326e-02
7.073361000000000232e-02
8.431017000000000372e-02
1.020288800000000023e-01
1.302015599999999940e-01
1.232602200000000037e-01
1.293621199999999971e-01
1.225215399999999982e-01
1.265077599999999969e-01
1.063748999999999945e-01
8.028986999999999929e-02
8.505213000000000356e-02
7.643948000000000409e-02
6.801335000000000020e-02
7.950501999999999569e-02
9.007719999999999616e-02
5.787590000000000096e-02
