5.886915999999999677e-02
1.086167999999999995e-01
8.174684000000000117e-02
6.917508999999999464e-02
7.580172999999999772e-02
8.132227999999999679e-02
7.903182999999999736e-02
8.567487000000000019e-02
1.064121299999999937e-01
7.746454999999999314e-02
7.459008999999999778e-02
8.286728999999999623e-02
1.151344799999999974e-01
1.324265299999999868e-01
1.000681499999999946e-01
8.167220999999999509e-02
7.495754999999999779e-02
7.331110999999999878e-02
9.237679000000000029e-02
1.083009399999999983e-01
7.339925999999999395e-02
7.681172000000000000e-02
7.724749999999999672e-02
9.179012000000000282e-02
1.225164599999999937e-01
1.262368899999999905e-01
7.442664000000000224e-02
9.701556999999999542e-02
1.098703800000000036e-01
1.553304500000000088e-01
1.271534099999999945e-01
7.457289999999999752e-02
8.138373999999999608e-02
8.627303000000000055e-02
1.141293000000000030e-01
1.097383100000000056e-01
1.294241200000000036e-01
1.446121599999999896e-01
1.770149500000000042e-01
2.076700599999999897e-01
2.069067500000000004e-01
1.923545600000000078e-01
1.139864599999999978e-01
9.332559999999999467e-02
1.303014500000000131e-01
2.528096400000000021e-01
4.311607800000000212e-01
4.695087099999999958e-01
5.163068800000000236e-01
4.728926700000000150e-01
4.915801599999999882e-01
4.976995900000000250e-01
3.588054800000000100e-01
2.811396999999999924e-01
1.538506400000000107e-01
1.304193899999999962e-01
1.019372000000000056e-01
7.595522000000000384e-02
7.864844000000000002e-02
1.133213099999999945e-01
9.676481000000000665e-02
1.014869699999999958e-01
1.054261300000000068e-01
6.672472999999999599e-02
