5.539074000000000081e-02
6.668493000000000337e-02
6.922153000000000334e-02
6.545665000000000511e-02
6.916506000000000043e-02
8.593198000000000503e-02
9.352410999999999364e-02
9.402014999999999678e-02
9.168764999999999554e-02
7.604352999999999807e-02
7.000048999999999855e-02
7.147804000000000657e-02
7.974705999999999462e-02
8.266052999999999595e-02
7.740025000000000377e-02
7.325452000000000352e-02
6.832942000000000182e-02
7.682516000000000345e-02
7.826745000000000230e-02
8.595574000000000270e-02
8.386095999999999828e-02
6.756017000000000272e-02
7.653094000000000563e-02
8.194008999999999321e-02
9.317043999999999326e-02
1.064575499999999980e-01
8.008653999999999773e-02
7.865192999999999490e-02
7.310033999999999976e-02
7.295276000000000538e-02
7.380067999999999351e-02
8.271178999999999337e-02
7.640668999999999933e-02
8.001677999999999569e-02
1.192413600000000046e-01
1.103282500000000027e-01
6.852858000000000560e-02
7.138877000000000417e-02
7.913385000000000558e-02
8.364858000000000016e-02
7.959449999999999859e-02
8.127149999999999652e-02
8.651784999999999337e-02
9.971314000000000566e-02
1.303907900000000064e-01
1.452963100000000118e-01
1.437328800000000073e-01
1.466241600000000034e-01
1.060118099999999980e-01
1.159340100000000040e-01
1.590225500000000125e-01
1.401896900000000057e-01
2.524893899999999802e-01
3.473622800000000233e-01
4.420316200000000140e-01
4.064169499999999990e-01
3.870723500000000095e-01
3.592865199999999981e-01
3.288623700000000150e-01
2.689403000000000210e-01
1.716943099999999889e-01
1.290624599999999900e-01
8.443849999999999967e-02
6.608819000000000499e-02
