5.195425000000000043e-02
6.779994999999999772e-02
6.508713000000000692e-02
6.717359999999999998e-02
6.560620999999999814e-02
6.726899999999999546e-02
6.346374999999999933e-02
6.372957999999999401e-02
6.697828999999999589e-02
6.994828000000000157e-02
7.003771000000000302e-02
6.734083000000000430e-02
6.596762000000000459e-02
6.679512999999999423e-02
6.614282999999999968e-02
7.072375000000000189e-02
7.511379999999999446e-02
6.742620000000000557e-02
6.529719000000000495e-02
6.661140000000000116e-02
6.751569000000000320e-02
8.115824000000000649e-02
8.398645000000000416e-02
6.856879999999999920e-02
6.811667000000000416e-02
6.779776999999999332e-02
7.164705999999999853e-02
7.055355000000000654e-02
7.219887999999999306e-02
6.891247999999999818e-02
6.519877999999999785e-02
6.879941000000000528e-02
7.680931000000000564e-02
7.004214999999999747e-02
6.582396000000000080e-02
6.916147000000000267e-02
6.965909000000000684e-02
8.811326999999999354e-02
8.214245000000000574e-02
6.560077999999999743e-02
6.454688000000000092e-02
6.986396999999999746e-02
7.156548000000000076e-02
7.478542999999999996e-02
8.151577999999999602e-02
8.767184999999999562e-02
9.041889999999999650e-02
8.862238999999999534e-02
8.121678999999999704e-02
8.107810000000000017e-02
7.490784999999999805e-02
7.716562000000000421e-02
6.794287999999999716e-02
7.737373000000000167e-02
9.561603000000000463e-02
1.156990799999999958e-01
1.151663400000000059e-01
1.506670900000000035e-01
1.824208800000000075e-01
2.112339099999999970e-01
2.038306599999999968e-01
2.099703099999999933e-01
1.860444099999999934e-01
5.764495000000000036e-02
