5.789360000000000339e-02
1.399269300000000049e-01
2.214655100000000043e-01
3.075768099999999783e-01
3.522510200000000258e-01
3.743118599999999963e-01
3.572565600000000008e-01
3.075926299999999780e-01
2.526796499999999779e-01
1.990799600000000003e-01
1.768850399999999934e-01
1.220536599999999944e-01
1.060610599999999987e-01
8.243575000000000208e-02
7.872619000000000145e-02
7.967944999999999889e-02
8.612817999999999863e-02
9.951274999999999704e-02
1.142963300000000015e-01
1.157104500000000064e-01
1.411974099999999954e-01
1.417244099999999951e-01
1.064182600000000006e-01
8.373941000000000023e-02
7.976521000000000305e-02
7.670119999999999716e-02
7.780636000000000496e-02
8.084468999999999683e-02
8.040529000000000426e-02
7.508766999999999525e-02
6.828879999999999673e-02
6.924039999999999362e-02
7.067719000000000085e-02
7.000811999999999313e-02
6.642818000000000334e-02
6.573711000000000138e-02
6.664886000000000421e-02
7.052545999999999815e-02
6.999977000000000282e-02
6.523619999999999419e-02
6.486485000000000167e-02
6.623635999999999413e-02
6.744672999999999641e-02
6.930284999999999918e-02
6.791545000000000221e-02
6.693822000000000660e-02
6.628525000000000389e-02
6.694949999999999513e-02
6.462326999999999655e-02
6.419703000000000215e-02
6.687949999999999451e-02
6.468224999999999669e-02
6.323233000000000326e-02
6.693022999999999334e-02
6.666606999999999394e-02
6.982684000000000113e-02
6.749879000000000295e-02
6.545231999999999439e-02
6.632003999999999677e-02
6.456803999999999322e-02
6.840739999999999321e-02
6.584942000000000573e-02
6.563517000000000656e-02
5.408469999999999944e-02
