5.157057000000000307e-02
7.429644999999999999e-02
8.448282000000000014e-02
7.439608999999999805e-02
7.609833000000000569e-02
8.306444000000000327e-02
7.682595000000000396e-02
8.529601000000000544e-02
8.332950000000000079e-02
1.003223800000000027e-01
9.132152999999999798e-02
8.784448000000000256e-02
7.311903999999999626e-02
6.970613000000000503e-02
8.395611000000000046e-02
9.464541999999999400e-02
1.105891199999999991e-01
8.778307999999999944e-02
8.629359000000000335e-02
8.897655999999999621e-02
1.092208800000000063e-01
1.298483900000000080e-01
1.239129199999999958e-01
9.585201000000000138e-02
7.377651000000000348e-02
8.684601000000000126e-02
1.519437399999999938e-01
2.546373000000000109e-01
3.711587800000000215e-01
4.087130700000000116e-01
4.207368799999999798e-01
4.160700099999999901e-01
3.508470399999999989e-01
2.757102000000000164e-01
1.726981300000000052e-01
9.946125999999999578e-02
8.308126999999999873e-02
7.152653000000000483e-02
7.648156000000000398e-02
9.010985999999999996e-02
1.281384799999999990e-01
1.591683499999999862e-01
1.811339100000000091e-01
1.554995899999999931e-01
1.634398400000000029e-01
1.203638800000000064e-01
8.737388000000000099e-02
7.522251000000000631e-02
8.703632999999999509e-02
8.259223000000000259e-02
9.239134000000000235e-02
9.295775000000000565e-02
8.210702999999999752e-02
8.377687999999999802e-02
8.180938999999999572e-02
9.161039999999999461e-02
9.181599999999999484e-02
7.553094000000000474e-02
7.520195000000000352e-02
8.379316000000000542e-02
9.768419999999999881e-02
8.006157999999999331e-02
7.133841999999999961e-02
5.994891000000000109e-02
