6.022021999999999792e-02
9.514960999999999558e-02
1.373464799999999930e-01
1.199170400000000025e-01
1.206785699999999989e-01
1.539857799999999888e-01
1.352314799999999873e-01
1.695885400000000098e-01
1.690200000000000036e-01
1.554250899999999880e-01
1.407504199999999872e-01
7.399295000000000178e-02
1.003930900000000043e-01
1.580475100000000022e-01
2.447114999999999985e-01
3.143606800000000034e-01
4.268399199999999838e-01
4.172465499999999938e-01
4.289445599999999748e-01
3.587053700000000234e-01
3.005566599999999755e-01
1.924629399999999990e-01
1.137818399999999952e-01
9.634703000000000017e-02
8.188736000000000625e-02
9.078735000000000277e-02
9.242685999999999957e-02
9.672791999999999502e-02
9.773171999999999415e-02
1.460705399999999987e-01
1.792733200000000138e-01
1.195447800000000033e-01
1.197027799999999947e-01
9.566969000000000167e-02
9.489153999999999645e-02
9.689744000000000135e-02
8.706366999999999579e-02
8.367866999999999666e-02
7.564927999999999930e-02
8.461200000000000665e-02
7.711816999999999978e-02
7.710164999999999380e-02
7.174568000000000612e-02
6.903968000000000604e-02
6.841092000000000006e-02
7.456019999999999315e-02
7.139700999999999687e-02
7.486528000000000627e-02
7.325044000000000000e-02
7.918424000000000296e-02
9.933348999999999651e-02
9.150814000000000170e-02
8.502513000000000432e-02
7.683547999999999767e-02
7.192862999999999341e-02
7.083918999999999633e-02
7.433876000000000372e-02
8.209539000000000419e-02
8.889693999999999374e-02
8.147305000000000519e-02
7.001928000000000318e-02
7.871172999999999365e-02
7.032051999999999747e-02
6.346322000000000074e-02
