5.121856999999999799e-02
1.103954600000000008e-01
1.663872700000000038e-01
2.382028399999999990e-01
2.837440700000000149e-01
2.725240299999999727e-01
2.686143500000000017e-01
2.241852900000000093e-01
1.898060299999999867e-01
1.485674499999999898e-01
1.413531899999999897e-01
9.030520999999999687e-02
8.235383999999999760e-02
6.976844000000000101e-02
7.086003000000000440e-02
8.625278000000000111e-02
7.777067000000000008e-02
8.645290999999999393e-02
8.517191999999999819e-02
7.665629999999999666e-02
8.621138000000000412e-02
8.196222999999999703e-02
7.967578000000000160e-02
7.041698999999999875e-02
6.839043000000000205e-02
6.810235000000000594e-02
6.688133999999999746e-02
6.907868000000000341e-02
6.994232999999999700e-02
7.498348999999999986e-02
6.669993000000000449e-02
6.707871999999999446e-02
6.757907999999999971e-02
6.663183999999999774e-02
6.746346999999999761e-02
6.467438000000000353e-02
6.590793000000000346e-02
6.770078000000000207e-02
6.719514000000000042e-02
6.837833999999999579e-02
6.525013999999999814e-02
6.493440000000000323e-02
6.942468000000000250e-02
6.722572000000000270e-02
6.913585999999999343e-02
7.090153999999999901e-02
6.939697000000000227e-02
7.110373999999999861e-02
6.907333999999999696e-02
6.891808000000000656e-02
6.745595000000000063e-02
6.689314999999999845e-02
6.605389999999999873e-02
6.883174000000000237e-02
6.762376999999999971e-02
6.735270000000000146e-02
6.587656000000000067e-02
6.599839999999999873e-02
6.660734000000000099e-02
6.535528999999999644e-02
6.737830000000000208e-02
6.558814000000000310e-02
6.338385000000000546e-02
5.441345999999999683e-02
