5.103138000000000118e-02
7.130061000000000038e-02
7.066986999999999575e-02
6.521899000000000446e-02
6.705199000000000575e-02
7.347948999999999453e-02
7.860187999999999897e-02
8.051887000000000627e-02
8.352816999999999881e-02
7.792254999999999321e-02
7.111072000000000226e-02
6.843794000000000266e-02
7.115941000000000627e-02
7.602259999999999573e-02
7.519849000000000672e-02
8.252397000000000205e-02
7.518189000000000122e-02
7.074661999999999618e-02
6.802200999999999387e-02
7.791204000000000185e-02
7.819937999999999889e-02
8.077397999999999523e-02
8.352101000000000663e-02
7.332605999999999846e-02
7.173989000000000060e-02
8.590432000000000623e-02
8.406855000000000577e-02
7.721670999999999396e-02
7.153444999999999943e-02
6.883443999999999674e-02
7.120521000000000489e-02
7.355080999999999425e-02
7.359121999999999886e-02
7.588506999999999891e-02
7.321809999999999430e-02
7.797268999999999728e-02
7.763934999999999587e-02
8.684983000000000286e-02
7.890012999999999888e-02
6.885125000000000273e-02
6.547698999999999880e-02
7.185537000000000174e-02
7.621725999999999501e-02
7.791185999999999945e-02
7.657432999999999601e-02
7.240528999999999715e-02
8.060733000000000481e-02
9.944324000000000219e-02
8.422254999999999325e-02
7.336394000000000248e-02
6.820742999999999945e-02
7.361507000000000467e-02
8.538925999999999461e-02
9.785204000000000124e-02
1.360568699999999964e-01
1.632913900000000085e-01
1.842350199999999993e-01
1.906631299999999862e-01
1.837168799999999991e-01
1.536086200000000013e-01
1.345726499999999881e-01
1.313045599999999868e-01
1.018691800000000036e-01
5.555220999999999770e-02
