5.677055999999999769e-02
7.394116000000000577e-02
6.744746999999999548e-02
6.978974000000000288e-02
7.437739999999999629e-02
8.358189000000000590e-02
7.200375000000000525e-02
7.313875000000000237e-02
8.895002000000000464e-02
1.091067700000000057e-01
1.124254300000000067e-01
1.128814600000000029e-01
9.227153999999999912e-02
8.330548999999999593e-02
6.926482000000000472e-02
7.395793999999999979e-02
8.563547999999999993e-02
1.049437000000000009e-01
1.453838600000000036e-01
2.020507199999999892e-01
2.255158300000000005e-01
2.357964700000000080e-01
2.153612199999999921e-01
1.490237100000000037e-01
1.183771299999999971e-01
8.430102999999999902e-02
7.164948999999999624e-02
7.105691999999999564e-02
8.450449999999999628e-02
9.791457000000000632e-02
9.787038000000000681e-02
1.033840000000000037e-01
1.241610999999999965e-01
1.126756299999999988e-01
1.239980499999999985e-01
7.862608999999999571e-02
7.039881000000000610e-02
6.816210999999999798e-02
7.343634999999999746e-02
7.673343999999999998e-02
8.495958000000000676e-02
7.687310999999999450e-02
8.216619000000000006e-02
7.813222000000000222e-02
6.554865999999999471e-02
6.766194999999999848e-02
7.099408999999999581e-02
7.480808999999999376e-02
6.776290000000000091e-02
7.027294000000000596e-02
6.671707999999999805e-02
7.151087999999999889e-02
7.376101999999999659e-02
7.766652000000000278e-02
8.114314999999999722e-02
8.098768000000000633e-02
7.990187999999999457e-02
7.396527999999999436e-02
7.310466999999999660e-02
7.675522999999999374e-02
7.170891999999999544e-02
7.769582999999999351e-02
8.475940999999999337e-02
5.594712999999999770e-02
