5.477898999999999963e-02
7.724947000000000064e-02
7.175317000000000500e-02
6.592507000000000228e-02
6.600601999999999858e-02
7.355963000000000085e-02
7.511468999999999785e-02
7.319535000000000624e-02
6.998031999999999864e-02
7.140794000000000308e-02
6.873622000000000065e-02
6.597577000000000302e-02
7.087852000000000041e-02
7.792193000000000036e-02
8.164918000000000176e-02
6.977658999999999945e-02
7.130691999999999586e-02
6.471494999999999331e-02
7.780299999999999716e-02
8.288404000000000604e-02
9.076623000000000330e-02
8.369150000000000200e-02
8.874155000000000237e-02
9.607161000000000173e-02
8.768960000000000643e-02
1.074566799999999989e-01
8.910289000000000403e-02
6.684779000000000415e-02
6.680903000000000536e-02
7.259538999999999576e-02
7.931359000000000326e-02
9.655729999999999869e-02
1.199757999999999936e-01
1.103063999999999989e-01
1.020244500000000026e-01
1.096551199999999948e-01
1.174060900000000046e-01
1.239645600000000014e-01
8.801852000000000287e-02
6.781668999999999892e-02
8.896075000000000510e-02
1.583057900000000018e-01
2.118092500000000045e-01
2.657863500000000045e-01
2.508973800000000032e-01
2.389167000000000096e-01
2.100385300000000011e-01
1.887114000000000014e-01
1.181897699999999996e-01
7.684762000000000537e-02
7.415760999999999881e-02
7.537433999999999801e-02
7.787468000000000168e-02
9.949246000000000478e-02
1.125771700000000042e-01
1.607279500000000083e-01
1.347639700000000107e-01
1.251937200000000083e-01
1.203051799999999977e-01
1.175114200000000053e-01
1.146482000000000057e-01
9.143851999999999536e-02
8.021124000000000309e-02
6.069838999999999790e-02
