5.868637000000000159e-02
7.442872999999999850e-02
6.659760000000000679e-02
6.633622999999999603e-02
7.261061000000000598e-02
7.269116000000000466e-02
7.425426999999999722e-02
7.161562000000000483e-02
7.169071000000000471e-02
6.692394999999999594e-02
6.815264000000000044e-02
6.749610999999999805e-02
7.145376999999999978e-02
7.507782999999999818e-02
7.459504999999999608e-02
6.869690999999999992e-02
7.858049000000000284e-02
9.422418000000000460e-02
8.748694999999999389e-02
8.733362000000000069e-02
8.481091999999999798e-02
7.222708999999999380e-02
7.215338000000000307e-02
8.109634000000000287e-02
8.547117999999999383e-02
8.761974000000000151e-02
8.086535000000000251e-02
8.695835000000000370e-02
9.136690000000000089e-02
1.036125400000000030e-01
1.075265900000000052e-01
9.077010000000000634e-02
8.678574000000000011e-02
1.025225699999999934e-01
1.336182700000000112e-01
1.639747500000000024e-01
2.183883899999999878e-01
2.273987700000000001e-01
2.371038500000000049e-01
1.738650399999999985e-01
1.544973099999999988e-01
1.413247400000000042e-01
1.007963000000000053e-01
7.773563000000000001e-02
6.664304000000000061e-02
7.289568000000000436e-02
7.891900999999999777e-02
7.085837000000000385e-02
7.136559000000000652e-02
9.543116000000000099e-02
1.075868199999999997e-01
1.238996099999999934e-01
1.088921899999999998e-01
1.089152199999999932e-01
8.708354999999999568e-02
7.610090999999999384e-02
7.203287999999999358e-02
6.905857999999999441e-02
7.017776000000000569e-02
7.606609000000000287e-02
7.154209000000000263e-02
7.983245999999999398e-02
8.575676999999999606e-02
5.608455999999999858e-02
