5.160029000000000005e-02
1.298251199999999883e-01
1.284095500000000112e-01
1.199635700000000055e-01
9.006005000000000260e-02
7.611197999999999575e-02
6.956084999999999352e-02
8.506002000000000007e-02
8.198436000000000612e-02
1.188027599999999934e-01
9.571583000000000174e-02
9.913085000000000646e-02
1.374080900000000105e-01
1.693614400000000020e-01
1.671400200000000003e-01
1.301886399999999944e-01
9.996040999999999954e-02
8.541856999999999922e-02
7.890031000000000128e-02
1.517868800000000129e-01
2.648876000000000008e-01
3.770166300000000192e-01
3.807296800000000148e-01
3.600203100000000100e-01
3.074472799999999895e-01
2.773280399999999979e-01
1.862581500000000112e-01
1.170694800000000035e-01
8.299719999999999320e-02
6.805877999999999928e-02
7.216772000000000464e-02
9.150830999999999549e-02
9.940680999999999823e-02
1.233648100000000053e-01
1.586791700000000083e-01
1.452237200000000006e-01
1.371758299999999986e-01
1.305289099999999980e-01
1.032701300000000016e-01
8.512904999999999778e-02
8.790309999999999790e-02
9.424630000000000507e-02
8.411899999999999933e-02
7.362878999999999952e-02
7.596696000000000004e-02
8.183142000000000194e-02
7.603366000000000291e-02
6.952332999999999430e-02
6.747789999999999344e-02
7.452335999999999683e-02
8.126371000000000289e-02
8.891362999999999350e-02
7.406878000000000073e-02
6.923865999999999354e-02
7.108485000000000498e-02
7.339547000000000432e-02
7.942575000000000329e-02
9.208379999999999344e-02
1.087594300000000042e-01
1.019906500000000021e-01
7.402625999999999651e-02
6.719919000000000586e-02
6.544658000000000420e-02
5.715279000000000192e-02
