5.626778000000000335e-02
8.105919999999999792e-02
9.247017000000000431e-02
9.391198000000000601e-02
1.007305899999999949e-01
1.484019599999999994e-01
1.176858800000000066e-01
1.085210999999999953e-01
9.576028000000000318e-02
6.618889000000000022e-02
7.733073000000000030e-02
1.219401700000000005e-01
1.843064700000000000e-01
2.125159199999999970e-01
2.498351900000000125e-01
2.627264899999999792e-01
2.528971099999999805e-01
1.982133500000000104e-01
1.726486700000000041e-01
1.076903300000000008e-01
8.478557999999999928e-02
7.454151000000000526e-02
6.658332999999999613e-02
7.225344000000000211e-02
8.191940000000000333e-02
8.400791000000000508e-02
9.157263999999999682e-02
1.060565200000000013e-01
1.096598200000000051e-01
1.084996800000000011e-01
1.132529800000000031e-01
8.268003999999999631e-02
7.810475999999999530e-02
7.506174999999999653e-02
7.542440999999999729e-02
8.464945000000000108e-02
7.753756000000000537e-02
6.712682999999999844e-02
7.374650000000000649e-02
7.378614999999999480e-02
7.755175999999999736e-02
6.845052999999999555e-02
6.691455000000000319e-02
7.170413000000000481e-02
6.789333000000000173e-02
6.724310999999999483e-02
6.812189999999999912e-02
6.996479999999999366e-02
6.867106000000000599e-02
7.781203999999999898e-02
8.509690999999999783e-02
7.958042999999999367e-02
7.163223999999999980e-02
6.633024999999999338e-02
6.708229000000000275e-02
6.892858000000000318e-02
7.068367000000000400e-02
6.762184999999999724e-02
7.105445000000000511e-02
6.727896999999999350e-02
6.483727999999999714e-02
6.624407000000000212e-02
7.166242000000000445e-02
5.574649999999999744e-02
