7.745333999999999552e-02
1.435643299999999900e-01
1.410902400000000056e-01
1.156336899999999973e-01
9.740704999999999503e-02
8.332918999999999743e-02
7.296930000000000083e-02
7.960725999999999913e-02
1.055876899999999979e-01
1.031271200000000027e-01
1.264094299999999893e-01
1.011962500000000015e-01
1.269125899999999918e-01
1.425096399999999930e-01
1.634653500000000093e-01
1.304793200000000097e-01
1.039041700000000040e-01
8.531611000000000056e-02
6.959255000000000302e-02
1.492855700000000063e-01
2.411503500000000133e-01
4.214150300000000238e-01
4.417901900000000270e-01
4.065857199999999838e-01
3.487967599999999835e-01
3.149629800000000035e-01
2.598311300000000212e-01
1.541670300000000104e-01
9.760264999999999913e-02
6.852204000000000628e-02
7.390367999999999937e-02
9.251386000000000331e-02
8.094398999999999345e-02
1.048812900000000020e-01
1.405434200000000022e-01
1.430812800000000051e-01
1.430857899999999905e-01
1.541786300000000109e-01
1.356402899999999967e-01
1.000874300000000050e-01
8.871052999999999578e-02
9.713877999999999402e-02
8.025340999999999725e-02
7.286951999999999319e-02
8.115567999999999393e-02
8.826496999999999815e-02
8.434108999999999357e-02
7.308219000000000520e-02
7.426687999999999346e-02
7.748753999999999365e-02
7.860068000000000610e-02
8.933813999999999644e-02
7.705691000000000623e-02
7.213600000000000567e-02
7.229352999999999474e-02
7.749743000000000603e-02
7.610525999999999403e-02
8.392354999999999954e-02
1.200287599999999982e-01
1.098545600000000039e-01
7.823352000000000084e-02
7.040117999999999376e-02
6.659909999999999441e-02
5.955947000000000324e-02
