2.194574199999999864e-01
5.346788799999999675e-01
5.693826699999999796e-01
5.479893099999999517e-01
4.891977000000000131e-01
4.125380799999999737e-01
2.968976199999999732e-01
1.631280300000000072e-01
9.579722999999999711e-02
1.002252599999999966e-01
1.075035800000000014e-01
8.608209000000000000e-02
9.057207000000000452e-02
1.056729599999999963e-01
1.466542500000000138e-01
1.767600000000000005e-01
1.893987199999999926e-01
2.204113600000000006e-01
1.634899099999999883e-01
1.147829199999999966e-01
9.460662999999999712e-02
8.112023999999999624e-02
7.601033000000000095e-02
7.991935000000000011e-02
8.368502999999999359e-02
8.695029999999999426e-02
7.332165999999999684e-02
7.447402000000000188e-02
7.317986999999999409e-02
8.696476999999999680e-02
7.767559999999999742e-02
7.026047000000000542e-02
8.045391999999999821e-02
7.243547999999999654e-02
7.395124000000000142e-02
6.667288999999999854e-02
6.496810000000000085e-02
7.856203999999999965e-02
9.058734000000000230e-02
1.112612600000000007e-01
8.443141999999999314e-02
1.005933600000000067e-01
1.041639599999999999e-01
1.297605799999999865e-01
1.364495300000000133e-01
1.017722900000000014e-01
7.423127000000000197e-02
7.682060000000000277e-02
8.624179999999999346e-02
9.532963999999999327e-02
9.375811000000000561e-02
9.584392999999999385e-02
8.297348000000000223e-02
7.368694000000000632e-02
8.098874000000000350e-02
1.021859499999999976e-01
1.113489899999999949e-01
1.175948200000000027e-01
1.065008000000000066e-01
8.463890999999999776e-02
7.397421999999999331e-02
8.833373999999999393e-02
8.230912999999999424e-02
7.449126999999999832e-02
