5.560902999999999680e-02
7.608122000000000495e-02
7.177957000000000087e-02
7.274316000000000115e-02
7.023509999999999476e-02
7.661906999999999746e-02
7.187561000000000644e-02
7.853074000000000165e-02
7.967465999999999438e-02
6.787134999999999696e-02
6.935344999999999704e-02
6.700896000000000630e-02
7.160774000000000306e-02
7.608326999999999452e-02
7.942066999999999877e-02
7.390072999999999781e-02
8.063056000000000390e-02
9.648877000000000148e-02
1.058117300000000066e-01
1.093844600000000028e-01
1.121157500000000001e-01
9.630044000000000104e-02
7.872719000000000245e-02
7.595003000000000171e-02
9.317921999999999316e-02
1.028116500000000044e-01
9.606768000000000252e-02
1.036437999999999943e-01
9.370549000000000239e-02
1.090262800000000032e-01
1.127943700000000049e-01
1.105367500000000031e-01
1.112775000000000014e-01
1.174038399999999954e-01
1.713628899999999899e-01
2.269330300000000078e-01
2.870726599999999795e-01
3.559138199999999919e-01
3.854688700000000190e-01
3.078217500000000051e-01
2.370387300000000030e-01
1.907154000000000071e-01
1.688531199999999954e-01
1.305539300000000125e-01
8.136572999999999722e-02
7.406840000000000646e-02
7.960907000000000400e-02
7.934193999999999969e-02
9.730371999999999633e-02
1.338837099999999891e-01
1.332705200000000034e-01
1.542909600000000048e-01
1.272937399999999886e-01
1.143928300000000009e-01
9.087135999999999825e-02
8.443299999999999417e-02
8.309091999999999867e-02
8.859946999999999961e-02
8.506921000000000621e-02
9.599240000000000550e-02
8.745158999999999572e-02
8.869050000000000544e-02
9.054262999999999895e-02
5.985153000000000001e-02
