7.133818000000000104e-02
1.052863599999999955e-01
1.331550900000000037e-01
1.372227400000000097e-01
1.435042499999999999e-01
9.536002999999999841e-02
7.732601000000000058e-02
6.455006000000000632e-02
7.762979000000000407e-02
1.004336799999999974e-01
9.628451000000000370e-02
8.640638999999999958e-02
9.915878000000000192e-02
1.275580099999999995e-01
1.451763699999999990e-01
1.550003299999999917e-01
1.552076799999999868e-01
1.348550500000000041e-01
9.344853000000000187e-02
6.729681999999999331e-02
1.099826500000000012e-01
2.083212999999999870e-01
2.986097300000000176e-01
3.113926900000000275e-01
3.473991799999999741e-01
3.740227799999999991e-01
3.388292500000000262e-01
2.377972200000000036e-01
1.772922299999999951e-01
9.587655999999999956e-02
7.921205000000000607e-02
7.036224000000000645e-02
7.569715000000000471e-02
8.405505000000000615e-02
9.267221000000000486e-02
1.142616500000000063e-01
1.225633000000000000e-01
1.614351900000000062e-01
1.465845600000000026e-01
1.046111400000000052e-01
7.980236000000000274e-02
7.701806999999999404e-02
7.060932000000000319e-02
7.988402999999999476e-02
9.151497000000000104e-02
8.744216999999999962e-02
6.974110999999999505e-02
8.081599000000000421e-02
8.116291999999999951e-02
7.557017000000000595e-02
7.308728000000000447e-02
7.589648999999999701e-02
7.082038999999999696e-02
7.700044999999999806e-02
8.366405999999999843e-02
7.755293000000000603e-02
6.897765000000000146e-02
7.624881000000000020e-02
9.288446999999999676e-02
9.868596000000000312e-02
8.837469000000000574e-02
8.348732000000000375e-02
8.017931999999999837e-02
5.878259999999999735e-02
