6.770368999999999693e-02
1.033970800000000023e-01
7.224962999999999524e-02
8.001867999999999481e-02
9.130193000000000336e-02
1.011559800000000064e-01
8.506054000000000392e-02
8.522507999999999473e-02
1.020838800000000018e-01
1.523351699999999920e-01
1.548968599999999973e-01
1.471029699999999996e-01
1.579300899999999952e-01
1.094853699999999985e-01
8.909646000000000232e-02
7.017816999999999805e-02
9.544809999999999406e-02
1.345807499999999990e-01
2.018996600000000086e-01
3.418283799999999872e-01
3.708254400000000062e-01
4.016619599999999846e-01
3.171292800000000134e-01
2.412792599999999954e-01
1.772680399999999878e-01
1.123830299999999949e-01
7.997295000000000098e-02
7.422897999999999996e-02
7.727649999999999797e-02
9.797920000000000240e-02
9.704050000000000176e-02
1.148560099999999945e-01
1.319006699999999976e-01
1.470298600000000122e-01
1.722063100000000013e-01
1.050098700000000052e-01
8.544190000000000118e-02
8.615688000000000513e-02
8.060858999999999386e-02
8.496945000000000192e-02
9.036792999999999909e-02
8.752740000000000520e-02
9.676858000000000681e-02
8.066112999999999755e-02
6.943876000000000215e-02
6.937058000000000113e-02
7.265726000000000129e-02
7.087303999999999826e-02
6.947018000000000637e-02
7.318906000000000023e-02
7.453303000000000011e-02
8.058004000000000555e-02
7.867098000000000146e-02
7.429307999999999745e-02
8.614726999999999801e-02
8.173458000000000112e-02
8.015542999999999974e-02
7.422093999999999914e-02
7.169949999999999934e-02
7.965392999999999779e-02
7.560324000000000211e-02
8.193126000000000575e-02
9.107200000000000017e-02
5.816571000000000241e-02
