5.990891000000000272e-02
8.170518999999999699e-02
6.853998000000000035e-02
6.951327999999999674e-02
8.190851999999999855e-02
9.062839000000000311e-02
8.047719999999999874e-02
7.680235000000000534e-02
7.386993999999999505e-02
6.779657000000000044e-02
7.220704000000000011e-02
8.726870999999999934e-02
1.039399500000000032e-01
1.024132299999999940e-01
8.329606000000000510e-02
8.274903000000000119e-02
8.357758999999999328e-02
7.283704000000000567e-02
7.759196000000000148e-02
8.669250000000000567e-02
6.485296999999999590e-02
7.208578000000000208e-02
9.076898999999999385e-02
9.502475000000000505e-02
1.122312800000000027e-01
1.057927500000000048e-01
8.779185000000000461e-02
1.088007700000000050e-01
1.044780299999999995e-01
1.402561099999999894e-01
1.056498399999999949e-01
6.696285000000000431e-02
8.329954999999999998e-02
1.023103800000000063e-01
1.262083800000000089e-01
1.189233299999999938e-01
1.103549499999999933e-01
1.164226500000000025e-01
1.318988399999999894e-01
1.570104099999999892e-01
1.538053000000000059e-01
1.116680200000000067e-01
7.590826999999999991e-02
1.360187200000000096e-01
2.268617300000000114e-01
3.128643600000000080e-01
4.258019299999999951e-01
4.632978099999999766e-01
5.013242999999999450e-01
4.299799799999999839e-01
4.108431900000000248e-01
3.723788900000000179e-01
2.628528800000000110e-01
1.944811800000000035e-01
9.457680999999999727e-02
8.514273999999999454e-02
8.830575000000000230e-02
8.944560999999999484e-02
1.044507300000000055e-01
1.112008000000000024e-01
1.406082800000000022e-01
1.174023399999999939e-01
1.071451399999999998e-01
6.147563999999999806e-02
