5.218558000000000224e-02
6.836946000000000689e-02
6.906777999999999529e-02
7.508077999999999974e-02
7.632448999999999484e-02
7.566082000000000363e-02
6.842439000000000160e-02
6.293034000000000128e-02
6.665949999999999653e-02
7.239830999999999350e-02
7.814319999999999600e-02
7.318964999999999499e-02
8.386066999999999827e-02
7.626526999999999612e-02
7.142123000000000221e-02
7.248659999999999826e-02
7.753986999999999685e-02
6.823469999999999536e-02
6.902729999999999977e-02
6.944106999999999363e-02
6.785444999999999671e-02
8.035678999999999739e-02
7.972756999999999761e-02
8.706774999999999931e-02
8.748438999999999521e-02
9.354603999999999697e-02
9.596251999999999560e-02
8.634595000000000464e-02
7.913151000000000213e-02
9.144476999999999467e-02
7.051192000000000570e-02
7.592174999999999618e-02
7.411028000000000060e-02
8.255751999999999535e-02
7.468270999999999937e-02
7.483091999999999522e-02
8.375428999999999513e-02
8.640180000000000082e-02
8.698403999999999858e-02
1.056843900000000031e-01
1.035813399999999940e-01
7.968999999999999695e-02
7.896606999999999932e-02
9.983968999999999483e-02
1.917805800000000060e-01
2.951049199999999928e-01
3.866518999999999928e-01
3.584159299999999937e-01
2.868865700000000074e-01
1.895438600000000084e-01
2.150451499999999905e-01
1.729719500000000132e-01
1.112583399999999972e-01
9.642207999999999335e-02
7.282102999999999493e-02
7.010118999999999378e-02
8.549415999999999960e-02
9.947933999999999943e-02
1.177046699999999974e-01
1.112178300000000036e-01
1.151770299999999997e-01
1.094493799999999989e-01
1.034367300000000045e-01
5.933448999999999668e-02
