5.221562999999999899e-02
7.139745999999999593e-02
7.278378000000000625e-02
7.626711999999999381e-02
7.601853999999999556e-02
7.659525999999999835e-02
6.870893000000000139e-02
7.746954000000000340e-02
8.352471000000000201e-02
8.775162999999999713e-02
8.507526999999999451e-02
8.629462000000000244e-02
7.398667000000000438e-02
7.616051000000000071e-02
8.399146999999999863e-02
1.015908600000000050e-01
9.295572000000000557e-02
7.701808999999999739e-02
6.918865000000000431e-02
7.166741000000000084e-02
8.572075999999999307e-02
1.231957399999999980e-01
1.238960199999999956e-01
8.166727000000000014e-02
7.492366999999999777e-02
9.106074999999999586e-02
1.028528400000000009e-01
9.832923000000000358e-02
8.848010000000000597e-02
7.539353000000000027e-02
7.451997999999999955e-02
8.754554000000000502e-02
9.328614999999999824e-02
9.021244999999999958e-02
8.815225000000000144e-02
1.013717699999999999e-01
8.999255000000000448e-02
1.203443599999999974e-01
1.031823500000000060e-01
7.168045000000000666e-02
7.030129000000000239e-02
7.655568000000000095e-02
9.400163999999999742e-02
1.378291100000000047e-01
1.262222799999999923e-01
9.976617999999999598e-02
1.171077199999999985e-01
1.657894000000000034e-01
1.374046800000000013e-01
1.336606300000000025e-01
9.725380000000000136e-02
9.965102000000000682e-02
7.689859999999999751e-02
1.158374999999999960e-01
1.942301100000000114e-01
2.233886300000000047e-01
3.334834899999999935e-01
3.963065100000000007e-01
4.208341500000000179e-01
4.299444000000000043e-01
3.729743699999999995e-01
3.300420299999999862e-01
2.488546199999999986e-01
6.458737999999999979e-02
