5.320735000000000048e-02
7.991805999999999910e-02
8.376461000000000323e-02
8.744491999999999543e-02
8.876307999999999421e-02
7.797532000000000074e-02
7.229789000000000354e-02
6.618657999999999486e-02
6.594882999999999995e-02
7.983141000000000542e-02
7.640597999999999834e-02
7.459224999999999883e-02
7.626942999999999917e-02
8.509838999999999598e-02
9.697548000000000279e-02
1.066473099999999952e-01
1.010696400000000023e-01
9.916577999999999504e-02
7.321930999999999579e-02
7.053829000000000349e-02
7.335690000000000266e-02
8.611335999999999991e-02
1.281159199999999942e-01
1.525626599999999888e-01
1.577337699999999954e-01
1.984681000000000084e-01
1.818837799999999949e-01
1.537720999999999949e-01
1.333643899999999993e-01
9.561467999999999356e-02
7.222718999999999667e-02
6.455025999999999820e-02
6.958350000000000646e-02
7.166806000000000565e-02
7.042036000000000129e-02
8.102665000000000561e-02
7.630681000000000269e-02
1.131416900000000031e-01
1.102939500000000017e-01
8.798387000000000568e-02
7.287654999999999827e-02
7.087590000000000556e-02
6.803620999999999974e-02
7.355707000000000217e-02
7.598575999999999941e-02
8.133835999999999844e-02
6.944891999999999732e-02
8.187260999999999844e-02
7.827404000000000306e-02
7.395174999999999665e-02
7.605286999999999464e-02
6.661831000000000003e-02
6.669474999999999709e-02
6.708530000000000049e-02
7.509896000000000627e-02
7.513395000000000490e-02
6.902684000000000597e-02
6.926575000000000093e-02
6.670800999999999814e-02
6.852312000000000680e-02
7.125523999999999747e-02
7.271835999999999578e-02
8.004643000000000175e-02
5.469948000000000171e-02
