7.506351999999999469e-02
1.396477100000000082e-01
1.977921300000000104e-01
2.140515100000000004e-01
2.203075300000000014e-01
2.422933600000000132e-01
2.529311799999999777e-01
2.047112000000000098e-01
1.813474599999999881e-01
1.584216499999999972e-01
1.497281599999999990e-01
1.039170499999999969e-01
9.642839000000000271e-02
7.617222999999999355e-02
8.226152000000000464e-02
8.472586000000000006e-02
9.710721999999999410e-02
1.150924599999999937e-01
1.186860500000000013e-01
1.128152199999999938e-01
1.258657400000000037e-01
1.118561299999999981e-01
9.007911999999999864e-02
7.625914000000000303e-02
7.434200000000000530e-02
7.670406000000000446e-02
7.408660999999999719e-02
7.772321000000000091e-02
8.101585999999999510e-02
9.056367999999999363e-02
7.052047999999999650e-02
6.769653000000000476e-02
6.846214999999999939e-02
6.562935999999999770e-02
6.669886999999999344e-02
7.154249000000000025e-02
6.775261999999999951e-02
7.071038999999999797e-02
8.019131000000000176e-02
8.321557000000000259e-02
7.262287000000000603e-02
7.863166000000000599e-02
7.119491999999999488e-02
7.748584999999999501e-02
8.245070000000000177e-02
9.664810000000000068e-02
8.319619000000000320e-02
7.219359000000000193e-02
6.930517999999999401e-02
6.670318999999999554e-02
6.900146000000000057e-02
7.589316000000000118e-02
7.944354000000000693e-02
7.664366999999999708e-02
7.787739000000000467e-02
7.104357999999999507e-02
7.363628999999999314e-02
8.017380999999999813e-02
8.206236000000000086e-02
7.260584999999999956e-02
7.166057000000000676e-02
6.441130000000000466e-02
6.606449999999999823e-02
5.648170000000000274e-02
