8.256692000000000198e-02
1.262941399999999992e-01
1.028358600000000012e-01
9.359491999999999812e-02
7.503653000000000406e-02
7.764662999999999426e-02
8.226867999999999681e-02
8.280537000000000314e-02
9.277599000000000262e-02
9.568324999999999747e-02
1.073068199999999972e-01
1.199468399999999990e-01
1.275505000000000111e-01
1.512388600000000027e-01
1.489233699999999994e-01
1.062395899999999949e-01
7.794550999999999563e-02
7.517492000000000618e-02
8.740277999999999936e-02
1.737590599999999930e-01
2.495348199999999905e-01
3.670455799999999824e-01
3.553565699999999827e-01
3.082725399999999838e-01
2.695558699999999752e-01
2.173438500000000051e-01
1.516969400000000023e-01
1.028432100000000043e-01
7.888675000000000548e-02
7.328890000000000404e-02
7.712829999999999686e-02
9.213093999999999451e-02
9.317907999999999746e-02
1.202820200000000034e-01
1.465684800000000010e-01
1.288697299999999879e-01
1.264352199999999871e-01
1.138426000000000021e-01
1.049269599999999997e-01
8.074072000000000193e-02
8.941515999999999353e-02
9.221590000000000342e-02
8.468515999999999544e-02
7.165979999999999572e-02
7.071897000000000599e-02
7.778279999999999916e-02
7.702000000000000512e-02
6.867732000000000003e-02
6.963094000000000228e-02
7.489893999999999719e-02
8.468054999999999333e-02
9.120092999999999950e-02
7.218544000000000349e-02
6.925605999999999429e-02
6.974856000000000111e-02
7.780591000000000590e-02
8.055067999999999950e-02
8.485009999999999775e-02
9.813843999999999346e-02
9.435348000000000346e-02
7.497784999999999866e-02
6.855835999999999875e-02
6.714625999999999928e-02
5.722910999999999970e-02
