5.251528999999999919e-02
7.082763000000000253e-02
6.409296000000000437e-02
6.392834999999999490e-02
6.550899999999999779e-02
6.930393999999999444e-02
6.433767999999999432e-02
6.528341999999999479e-02
6.809821000000000624e-02
6.496490000000000598e-02
6.625177999999999623e-02
6.588945999999999692e-02
7.023962999999999735e-02
7.550980000000000192e-02
7.230912999999999924e-02
6.859990000000000532e-02
6.741769999999999707e-02
6.393941000000000208e-02
6.678061999999999887e-02
6.904193999999999609e-02
6.572851999999999861e-02
6.525050999999999768e-02
6.704741999999999646e-02
6.843548000000000686e-02
7.476816000000000018e-02
7.376868000000000314e-02
6.652834000000000525e-02
7.177938999999999847e-02
6.968235000000000401e-02
8.143649999999999500e-02
8.547520000000000118e-02
6.615026999999999713e-02
6.630347999999999797e-02
6.790400000000000602e-02
7.049257000000000439e-02
7.702689999999999537e-02
8.178863000000000105e-02
8.016138000000000430e-02
8.204190000000000094e-02
8.793244999999999534e-02
9.627557999999999949e-02
8.853516999999999637e-02
7.611312000000000633e-02
6.842434999999999490e-02
7.395836999999999550e-02
1.022096700000000025e-01
1.377414600000000100e-01
1.507579099999999950e-01
1.713130200000000103e-01
1.769045399999999990e-01
1.895757200000000031e-01
1.737369599999999958e-01
1.498609800000000047e-01
1.267822799999999972e-01
9.586530999999999525e-02
8.322593999999999825e-02
7.017460999999999838e-02
6.788249999999999840e-02
6.842521999999999494e-02
6.961261000000000532e-02
7.127946999999999755e-02
7.128004999999999758e-02
8.146662000000000348e-02
5.491104000000000124e-02
