5.300313000000000246e-02
6.778346999999999845e-02
6.702687999999999702e-02
6.488035000000000330e-02
6.545645999999999409e-02
6.999049999999999716e-02
7.246792000000000511e-02
7.390512999999999944e-02
7.634915000000000451e-02
7.233211999999999975e-02
6.707867000000000690e-02
6.632159999999999445e-02
6.936040999999999734e-02
7.242059000000000690e-02
7.294159000000000059e-02
7.304905000000000426e-02
6.783827000000000607e-02
6.796600999999999337e-02
7.195770999999999418e-02
7.573707000000000356e-02
7.583415000000000294e-02
7.459156000000000120e-02
7.446464999999999335e-02
7.076451000000000269e-02
7.063340999999999370e-02
8.673321000000000502e-02
7.622682000000000069e-02
7.248817000000000454e-02
6.891350000000000253e-02
6.733864999999999990e-02
6.903518999999999628e-02
7.010273999999999672e-02
7.052677999999999725e-02
7.180454000000000003e-02
7.808444999999999969e-02
8.050197000000000602e-02
7.551412999999999875e-02
7.797893999999999659e-02
7.673868999999999829e-02
7.342171000000000114e-02
6.962543000000000204e-02
7.208393000000000439e-02
7.779249000000000580e-02
8.565267999999999493e-02
9.306459000000000259e-02
9.344031999999999338e-02
1.068356699999999937e-01
1.097120399999999968e-01
9.017210000000000503e-02
7.726436999999999888e-02
7.646503000000000327e-02
8.828455999999999804e-02
1.058706700000000001e-01
1.465422799999999970e-01
2.056774199999999997e-01
2.185514600000000029e-01
2.360726099999999883e-01
2.359252400000000083e-01
2.260198999999999958e-01
2.068243800000000021e-01
1.485868200000000083e-01
1.287380899999999995e-01
8.793922999999999324e-02
5.816637000000000196e-02
