5.312217000000000328e-02
6.983933000000000502e-02
6.727283000000000568e-02
7.443136999999999670e-02
7.461072000000000537e-02
7.144503000000000659e-02
6.722419000000000311e-02
7.135864999999999569e-02
7.618255999999999639e-02
8.056149999999999423e-02
8.032345999999999930e-02
8.152684999999999793e-02
7.157929000000000375e-02
7.038656999999999553e-02
7.637654000000000665e-02
8.649513000000000340e-02
8.284967000000000026e-02
7.474355000000000582e-02
6.740355000000000651e-02
6.736633999999999678e-02
7.391958999999999336e-02
1.054335299999999975e-01
1.135690899999999975e-01
7.733545000000000003e-02
6.830559999999999410e-02
7.390857000000000676e-02
8.876841000000000592e-02
8.619820000000000260e-02
8.464538000000000617e-02
7.026604000000000183e-02
7.098524000000000500e-02
7.264023000000000008e-02
7.838987999999999512e-02
7.905355999999999494e-02
7.681873999999999647e-02
7.654226999999999559e-02
7.563620999999999539e-02
9.840585999999999778e-02
8.751728999999999759e-02
7.659680000000000655e-02
6.666391000000000677e-02
6.673513000000000361e-02
7.553487000000000395e-02
9.323057999999999346e-02
9.739910000000000234e-02
1.059862399999999955e-01
1.082396399999999981e-01
1.200893700000000008e-01
1.062725399999999987e-01
1.142194200000000021e-01
1.007799000000000056e-01
9.961978000000000499e-02
7.431561999999999890e-02
8.214620000000000255e-02
1.358892899999999959e-01
1.646961999999999871e-01
2.347311499999999995e-01
2.623196500000000153e-01
3.084953699999999910e-01
2.999281899999999834e-01
2.857811699999999733e-01
2.708645800000000214e-01
1.964057499999999901e-01
5.863584000000000157e-02
