6.665851999999999888e-02
8.853919999999999846e-02
8.624511999999999456e-02
1.022615199999999946e-01
8.182377000000000400e-02
8.532678000000000484e-02
7.289044999999999552e-02
8.724421999999999733e-02
8.461512999999999673e-02
7.148559000000000163e-02
7.515004000000000128e-02
7.147446999999999828e-02
7.240891000000000688e-02
8.418986000000000525e-02
8.630205000000000515e-02
7.703121000000000274e-02
7.895460999999999452e-02
8.967593000000000092e-02
1.019584800000000041e-01
1.084003999999999940e-01
1.284698200000000123e-01
1.061085900000000026e-01
7.879366999999999621e-02
7.792989000000000166e-02
1.003255599999999942e-01
1.309476499999999988e-01
1.192854899999999940e-01
1.115290899999999974e-01
1.083460499999999993e-01
1.342271899999999962e-01
1.408869299999999936e-01
1.453098700000000076e-01
1.367836099999999999e-01
1.019638100000000019e-01
9.643646000000000162e-02
1.798541200000000062e-01
3.233256899999999989e-01
3.993403600000000053e-01
4.175654100000000257e-01
3.614655399999999741e-01
2.916785499999999809e-01
2.174577000000000038e-01
1.747709199999999963e-01
1.402790399999999937e-01
1.009128999999999998e-01
7.497389999999999610e-02
7.896459999999999591e-02
7.892976000000000159e-02
1.039682299999999948e-01
1.219585799999999970e-01
1.576569399999999954e-01
1.971189799999999992e-01
1.892925400000000091e-01
1.535678199999999938e-01
1.212212599999999973e-01
8.519751999999999881e-02
8.598037999999999514e-02
8.385025999999999591e-02
8.708991000000000648e-02
1.002692099999999975e-01
1.005859699999999968e-01
9.501397999999999788e-02
1.208891500000000008e-01
6.186367000000000255e-02
