5.683888000000000135e-02
7.759889999999999843e-02
7.095063999999999538e-02
7.056962999999999431e-02
7.048922000000000521e-02
6.893704000000000498e-02
6.440925999999999596e-02
6.370207999999999426e-02
6.735444999999999627e-02
7.163078999999999974e-02
7.387290000000000523e-02
6.793962000000000612e-02
6.945039999999999547e-02
7.188413999999999915e-02
7.468906000000000156e-02
6.971921000000000368e-02
7.392432999999999643e-02
7.100852000000000552e-02
6.855273000000000616e-02
6.619105000000000127e-02
6.861296000000000062e-02
7.268049999999999511e-02
6.778027999999999831e-02
6.576137999999999428e-02
6.495043999999999818e-02
6.754765999999999548e-02
7.309306000000000136e-02
7.735965000000000202e-02
7.717912999999999857e-02
6.656156000000000572e-02
7.685166999999999693e-02
7.612381999999999482e-02
7.628890000000000671e-02
6.943427000000000626e-02
7.004035999999999595e-02
6.820568000000000464e-02
7.625627999999999573e-02
7.974551000000000556e-02
8.292180000000000384e-02
7.367629000000000539e-02
6.849023999999999390e-02
7.979864000000000401e-02
8.631023000000000167e-02
9.195926000000000100e-02
8.302766000000000313e-02
7.202060999999999880e-02
7.453260999999999914e-02
9.156730999999999898e-02
1.234683500000000045e-01
1.428078399999999915e-01
1.743302599999999869e-01
1.810489700000000035e-01
1.790835299999999908e-01
1.873484800000000117e-01
1.846086700000000025e-01
1.367690300000000136e-01
9.987627000000000310e-02
8.691260000000000652e-02
7.754714000000000051e-02
7.177545999999999926e-02
6.558978999999999504e-02
7.452145000000000297e-02
6.710799000000000625e-02
5.456939000000000234e-02
