8.948180000000000023e-02
1.431926900000000114e-01
1.182386700000000040e-01
8.788898000000000543e-02
7.918268000000000528e-02
8.059821000000000346e-02
7.635361999999999705e-02
8.773485000000000311e-02
1.183040300000000045e-01
1.158705099999999960e-01
9.090910000000000657e-02
1.137723699999999977e-01
1.387367499999999920e-01
1.535209100000000104e-01
1.657134600000000069e-01
1.265250099999999933e-01
9.916105999999999532e-02
8.249421999999999311e-02
9.643185999999999425e-02
2.051746200000000020e-01
2.598973199999999872e-01
3.914000400000000046e-01
4.324056800000000145e-01
3.519539500000000154e-01
3.146925600000000101e-01
2.668007600000000257e-01
1.571335199999999988e-01
1.112301299999999965e-01
8.075733000000000217e-02
7.040949000000000513e-02
7.027440000000000075e-02
8.648838000000000359e-02
9.042651000000000161e-02
1.017284100000000052e-01
1.730903500000000039e-01
1.422638099999999906e-01
1.383765600000000096e-01
1.308790300000000073e-01
1.062712100000000048e-01
8.793861000000000039e-02
9.184296000000000126e-02
9.068026999999999338e-02
8.094803999999999888e-02
7.183394999999999364e-02
7.551396999999999970e-02
8.284983999999999404e-02
7.913881000000000387e-02
6.968934000000000240e-02
7.267816000000000554e-02
7.624949000000000310e-02
9.234939000000000342e-02
9.045385999999999704e-02
7.414342999999999628e-02
6.862047000000000285e-02
7.120956000000000508e-02
7.476235000000000519e-02
8.400646000000000502e-02
8.990043000000000339e-02
1.090942800000000018e-01
1.057993099999999936e-01
7.498003999999999780e-02
6.938331999999999833e-02
6.702502000000000459e-02
5.954370999999999969e-02
