5.041654000000000274e-02
6.503456000000000514e-02
6.356583000000000372e-02
6.464580000000000326e-02
6.444900000000000628e-02
6.533413999999999888e-02
6.486672999999999745e-02
6.418590999999999880e-02
6.424892999999999577e-02
6.394450000000000134e-02
6.576838000000000128e-02
6.283194999999999752e-02
6.411310000000000620e-02
6.578757000000000355e-02
6.637482000000000104e-02
6.537051000000000667e-02
6.702787000000000328e-02
6.388987999999999612e-02
6.413027000000000311e-02
6.376494000000000606e-02
6.390092999999999468e-02
6.473663999999999807e-02
6.628483999999999765e-02
6.399407999999999486e-02
6.394929000000000585e-02
6.395104999999999540e-02
6.499091999999999369e-02
6.573387999999999454e-02
6.667755999999999683e-02
6.258946999999999428e-02
6.348492999999999498e-02
6.416273000000000115e-02
6.493923000000000056e-02
6.675586000000000020e-02
6.416463999999999501e-02
6.446456000000000408e-02
6.339258999999999866e-02
6.480935000000000168e-02
6.627223000000000142e-02
6.356388999999999789e-02
6.233825999999999951e-02
6.315922000000000203e-02
6.482422999999999658e-02
6.582103999999999733e-02
6.497318000000000537e-02
6.417195000000000538e-02
6.411110000000000420e-02
6.597293999999999381e-02
6.555719999999999603e-02
6.482997000000000065e-02
6.475946000000000480e-02
6.580268000000000228e-02
6.631521999999999417e-02
6.676161999999999375e-02
6.945249000000000561e-02
6.996842999999999813e-02
6.930379999999999874e-02
6.709505999999999803e-02
6.646936000000000511e-02
6.508780999999999595e-02
6.476664999999999506e-02
6.532520999999999467e-02
6.508796999999999500e-02
5.308728000000000058e-02
