5.611680000000000140e-02
6.751153999999999489e-02
7.067104000000000441e-02
7.158820000000000461e-02
6.539419999999999955e-02
6.772342000000000639e-02
6.502608999999999473e-02
6.489034999999999942e-02
6.670694000000000623e-02
7.002363000000000337e-02
7.390020999999999396e-02
7.052648000000000250e-02
6.914146999999999654e-02
6.833543999999999730e-02
6.810911999999999522e-02
7.293953000000000242e-02
7.354897000000000518e-02
6.491128000000000176e-02
6.523813000000000528e-02
6.472363000000000421e-02
6.789712000000000525e-02
6.741837000000000524e-02
7.155873999999999568e-02
6.440440999999999527e-02
6.602806999999999427e-02
6.843246999999999525e-02
7.076873999999999665e-02
6.874009000000000369e-02
6.767294000000000087e-02
6.677905000000000646e-02
6.796299000000000090e-02
7.183364000000000416e-02
7.239056000000000657e-02
7.492055999999999716e-02
7.594939000000000551e-02
8.370165000000000244e-02
8.872083999999999526e-02
9.256462000000000023e-02
1.058465199999999995e-01
8.682563999999999560e-02
7.353722999999999510e-02
7.392055999999999627e-02
9.274841999999999809e-02
1.232751200000000019e-01
1.699982999999999911e-01
1.938448799999999972e-01
1.763948100000000130e-01
1.678049600000000030e-01
1.637242999999999893e-01
1.493724999999999914e-01
1.135905299999999951e-01
1.115198399999999951e-01
7.198815999999999549e-02
7.203324999999999312e-02
6.988711000000000229e-02
6.688940999999999637e-02
7.417659000000000058e-02
7.262214999999999643e-02
7.188996999999999749e-02
7.567793999999999910e-02
7.571828999999999366e-02
8.097712999999999439e-02
7.280720999999999721e-02
5.400561000000000250e-02
