6.191548000000000190e-02
9.184689999999999521e-02
7.491620000000000223e-02
7.361012000000000111e-02
6.903850000000000264e-02
6.598489000000000437e-02
6.245998999999999995e-02
6.939599000000000462e-02
7.452214999999999534e-02
8.272802999999999407e-02
8.083471999999999880e-02
7.146183999999999870e-02
7.025096000000000118e-02
8.061395999999999840e-02
8.621987999999999874e-02
6.892927999999999555e-02
7.036190000000000500e-02
7.113540000000000141e-02
7.417845000000000688e-02
7.115190000000000403e-02
7.590724999999999556e-02
8.565298000000000356e-02
7.035038999999999876e-02
6.954164000000000179e-02
8.611120999999999359e-02
7.923521000000000036e-02
7.768535999999999497e-02
8.543435000000000612e-02
8.563854999999999384e-02
9.960982999999999643e-02
9.934329999999999550e-02
8.836114999999999942e-02
8.930723000000000134e-02
8.171528999999999598e-02
7.456617999999999580e-02
8.323867000000000071e-02
9.511960999999999333e-02
9.977542999999999829e-02
1.080101400000000045e-01
1.113981299999999980e-01
1.276667400000000008e-01
1.486911200000000099e-01
1.025774599999999953e-01
8.260813000000000184e-02
7.489898999999999862e-02
8.527131000000000294e-02
1.244032199999999949e-01
1.714550999999999992e-01
2.160762400000000028e-01
2.466744600000000120e-01
2.715849900000000261e-01
2.754343699999999839e-01
2.583481400000000039e-01
2.781020399999999948e-01
2.337755300000000092e-01
1.302525999999999962e-01
9.219534000000000062e-02
7.813307999999999365e-02
7.308069999999999844e-02
7.072647999999999435e-02
8.185565000000000202e-02
9.858198999999999435e-02
1.055317999999999951e-01
6.237273000000000123e-02
