5.098582000000000114e-02
3.471609399999999734e-01
4.017516099999999812e-01
3.841123599999999860e-01
3.490819299999999847e-01
3.389231600000000011e-01
3.209252100000000163e-01
2.053881399999999968e-01
1.234416700000000033e-01
1.042200800000000066e-01
9.536002999999999841e-02
8.668729000000000018e-02
8.756751999999999592e-02
1.057523900000000017e-01
1.139046199999999981e-01
1.507352700000000045e-01
1.577749599999999919e-01
1.755419199999999902e-01
1.529711500000000002e-01
1.170894100000000049e-01
9.669524999999999648e-02
8.358258000000000354e-02
8.119078999999999879e-02
8.083150999999999531e-02
8.774416999999999633e-02
9.114007999999999832e-02
7.108573999999999449e-02
6.832797000000000176e-02
7.272594000000000281e-02
7.604444000000000481e-02
7.763277999999999845e-02
8.007952999999999599e-02
7.635509999999999520e-02
6.931128000000000289e-02
7.093454000000000426e-02
7.211836000000000635e-02
7.286644999999999928e-02
7.536487000000000047e-02
8.029255000000000420e-02
7.633289000000000046e-02
6.625701000000000507e-02
7.066714000000000329e-02
8.581943000000000210e-02
9.067558000000000562e-02
9.384307000000000065e-02
7.239803000000000210e-02
6.722380000000000022e-02
7.257452999999999821e-02
7.932825999999999766e-02
7.751275999999999999e-02
7.345720999999999501e-02
7.126509999999999789e-02
6.781368999999999592e-02
6.855827999999999922e-02
7.141221999999999848e-02
7.568163999999999447e-02
7.540323999999999638e-02
7.385938000000000225e-02
7.343309000000000641e-02
6.929974999999999330e-02
7.045943999999999818e-02
8.206383999999999901e-02
7.277812000000000170e-02
5.750791000000000236e-02
