5.660409000000000274e-02
6.728578000000000336e-02
6.526511999999999591e-02
6.443034000000000261e-02
6.464266999999999930e-02
6.650797999999999432e-02
6.442992000000000163e-02
6.630427999999999322e-02
6.837097999999999787e-02
6.788189000000000028e-02
6.708841999999999584e-02
6.596631999999999496e-02
6.568177000000000043e-02
6.722583999999999504e-02
6.876704000000000150e-02
7.068712000000000606e-02
6.983902999999999639e-02
6.663146000000000346e-02
6.384111000000000646e-02
6.701996000000000342e-02
6.726525999999999339e-02
7.078505999999999687e-02
7.226475000000000259e-02
6.466988999999999377e-02
6.525425999999999449e-02
6.804287000000000529e-02
7.050728000000000550e-02
7.166440999999999784e-02
7.015715999999999619e-02
6.601537000000000377e-02
6.589573999999999432e-02
6.989333999999999825e-02
6.992698999999999443e-02
7.106017000000000583e-02
6.812033000000000671e-02
6.832074000000000480e-02
7.072491000000000194e-02
7.878867000000000509e-02
7.548805000000000098e-02
6.639204999999999413e-02
6.280837999999999699e-02
6.480764999999999443e-02
6.987867999999999857e-02
7.273954000000000530e-02
7.557365000000000610e-02
8.150673999999999420e-02
8.928621999999999947e-02
1.019596200000000008e-01
9.468619999999999814e-02
8.505754999999999566e-02
7.300244000000000177e-02
7.387122000000000133e-02
6.762943999999999900e-02
7.963059000000000109e-02
1.109695400000000054e-01
1.286280499999999938e-01
1.748935100000000020e-01
1.928141600000000122e-01
2.183480399999999932e-01
2.318615599999999943e-01
2.059617599999999937e-01
1.827481400000000034e-01
1.512931600000000099e-01
5.626653999999999684e-02
