5.724163000000000168e-02
1.465483900000000006e-01
2.240330600000000061e-01
2.810039500000000023e-01
3.469513699999999812e-01
3.758143500000000192e-01
4.159432399999999919e-01
3.589389900000000133e-01
2.990173999999999888e-01
2.304646499999999931e-01
1.974989500000000064e-01
1.138970799999999978e-01
8.736011999999999944e-02
7.733395999999999326e-02
8.591500999999999999e-02
8.715401999999999871e-02
9.293321999999999694e-02
1.182237800000000005e-01
1.317806800000000111e-01
1.206508599999999987e-01
1.270713199999999876e-01
1.305412699999999870e-01
9.035081999999999836e-02
7.048487999999999976e-02
6.910882000000000136e-02
7.091859999999999831e-02
7.178627999999999398e-02
7.725405000000000466e-02
7.231255000000000321e-02
7.414835999999999649e-02
6.824070999999999609e-02
6.964320999999999706e-02
6.748935999999999824e-02
6.628559000000000534e-02
6.868739000000000094e-02
6.705875999999999504e-02
6.734403999999999391e-02
6.781015999999999433e-02
7.235060999999999576e-02
6.992470000000000629e-02
6.733736999999999362e-02
7.182553999999999328e-02
7.237889999999999602e-02
6.942610999999999921e-02
6.858910000000000007e-02
7.385070999999999997e-02
7.353239999999999776e-02
7.585226000000000468e-02
6.862883999999999651e-02
7.707804999999999518e-02
6.832752999999999743e-02
6.753900000000000181e-02
7.002191000000000665e-02
7.369011999999999785e-02
8.162458000000000213e-02
7.929751999999999634e-02
7.456707999999999392e-02
7.248625999999999681e-02
7.111844000000000499e-02
6.817502999999999758e-02
7.932996999999999965e-02
6.903911000000000076e-02
7.503627000000000213e-02
5.815326999999999996e-02
