5.626318999999999765e-02
6.612877999999999812e-02
6.801543000000000172e-02
6.942017000000000326e-02
6.947667000000000426e-02
7.296871000000000607e-02
6.824956999999999552e-02
6.584940000000000238e-02
6.396707999999999561e-02
6.941605000000000691e-02
7.211607999999999907e-02
6.940657999999999550e-02
6.815298000000000189e-02
7.027025000000000632e-02
7.054227999999999887e-02
7.486336999999999853e-02
7.891615999999999909e-02
8.212073000000000289e-02
7.433840999999999366e-02
6.936108000000000551e-02
6.889185000000000447e-02
6.815723999999999394e-02
7.458278999999999603e-02
7.810909000000000602e-02
7.260270000000000612e-02
7.455000000000000515e-02
7.938011999999999846e-02
9.353504999999999459e-02
9.287847999999999937e-02
8.160554999999999892e-02
7.598850000000000049e-02
6.704435000000000255e-02
7.690233999999999959e-02
1.004129200000000027e-01
1.137509500000000034e-01
1.383831799999999945e-01
1.605284700000000064e-01
1.683125199999999932e-01
1.662958999999999965e-01
1.283201999999999954e-01
8.655922000000000616e-02
7.631954999999999989e-02
6.964723000000000441e-02
6.909150999999999487e-02
6.969409000000000021e-02
7.310756000000000199e-02
8.003567999999999794e-02
8.435641000000000667e-02
8.353910999999999976e-02
9.081245999999999763e-02
1.048642800000000042e-01
1.010499100000000067e-01
8.116621999999999726e-02
7.608895000000000242e-02
7.839612999999999443e-02
7.748594999999999788e-02
7.833213999999999455e-02
7.710825999999999791e-02
7.179762000000000643e-02
7.063804999999999390e-02
7.727686000000000277e-02
7.896533999999999498e-02
8.786452999999999625e-02
5.653852999999999657e-02
