5.655241999999999908e-02
6.492510999999999421e-02
6.762488999999999306e-02
6.883812999999999738e-02
7.540513999999999550e-02
9.205315000000000025e-02
1.053209699999999999e-01
9.205886000000000624e-02
8.731152999999999831e-02
7.103647000000000433e-02
7.547645000000000048e-02
7.162730999999999959e-02
7.589867999999999615e-02
8.655852999999999464e-02
7.445946000000000509e-02
7.270596000000000003e-02
7.099793000000000076e-02
8.532259999999999844e-02
9.409518999999999522e-02
9.544497000000000397e-02
8.620994999999999353e-02
7.173957999999999724e-02
8.783275999999999584e-02
1.017172999999999966e-01
8.930612000000000272e-02
1.125706699999999977e-01
8.166249999999999898e-02
8.212927999999999895e-02
8.366236000000000506e-02
7.585469999999999713e-02
7.569291000000000214e-02
9.036539999999999850e-02
8.378832999999999420e-02
9.184509999999999896e-02
1.265972300000000050e-01
1.048642999999999936e-01
7.879046000000000660e-02
7.631907999999999748e-02
8.073130000000000583e-02
8.578890999999999600e-02
8.802906000000000619e-02
9.275384999999999880e-02
1.223515300000000000e-01
1.578162300000000018e-01
1.508662699999999968e-01
1.134494199999999953e-01
1.190929599999999977e-01
1.173894899999999991e-01
9.894735000000000336e-02
1.324568200000000029e-01
1.793873199999999890e-01
2.155650899999999870e-01
2.991234700000000024e-01
3.231566499999999897e-01
4.345530300000000068e-01
3.787499999999999756e-01
4.212432199999999738e-01
3.810938600000000065e-01
3.237948399999999727e-01
2.789570100000000052e-01
1.879766300000000057e-01
1.392974299999999999e-01
7.019395000000000495e-02
6.234005000000000102e-02
