5.804651000000000255e-02
8.113441999999999876e-02
9.438683000000000489e-02
8.594509000000000176e-02
8.472182999999999797e-02
8.727566999999999964e-02
7.163725999999999428e-02
8.235199999999999465e-02
7.917401999999999773e-02
7.232036000000000020e-02
7.423788000000000609e-02
6.812498999999999638e-02
6.861106000000000149e-02
7.120732000000000450e-02
7.824071000000000498e-02
7.761323000000000527e-02
7.257734000000000407e-02
7.743767999999999485e-02
8.186897999999999398e-02
1.013827800000000057e-01
1.274034400000000067e-01
1.092378799999999955e-01
8.497670000000000223e-02
7.108676999999999357e-02
8.343177999999999706e-02
9.077432000000000556e-02
9.769031999999999716e-02
1.080963900000000005e-01
9.287225999999999815e-02
1.001892199999999955e-01
1.178104100000000043e-01
1.223107600000000045e-01
1.299798899999999868e-01
8.450829999999999453e-02
7.323841000000000379e-02
1.044699099999999992e-01
1.814939799999999992e-01
2.780400800000000228e-01
4.321551299999999984e-01
3.809018399999999915e-01
3.258470900000000059e-01
2.462900299999999931e-01
1.771833200000000053e-01
1.396676699999999938e-01
7.503846000000000127e-02
7.008382999999999974e-02
6.674673000000000411e-02
7.145421000000000411e-02
8.289749000000000423e-02
9.506609000000000587e-02
1.326068300000000089e-01
1.453952199999999917e-01
1.429254299999999922e-01
1.313804799999999939e-01
1.151678700000000055e-01
1.077189499999999939e-01
1.070561899999999955e-01
7.768492999999999926e-02
7.327197000000000571e-02
8.330605000000000648e-02
8.351132999999999473e-02
8.204709000000000307e-02
8.650243999999999989e-02
5.945973000000000230e-02
