5.264847999999999750e-02
7.097021000000000579e-02
7.763602000000000003e-02
9.974341999999999930e-02
1.009033700000000061e-01
1.118320099999999956e-01
9.650401999999999592e-02
9.514788999999999886e-02
1.510444400000000020e-01
1.727463300000000035e-01
1.604291300000000031e-01
1.395579600000000087e-01
7.996517000000000208e-02
7.113858000000000681e-02
8.779594000000000287e-02
1.612256599999999929e-01
2.135857899999999976e-01
2.587843799999999805e-01
3.311100299999999996e-01
3.844186099999999939e-01
3.572668399999999744e-01
2.824674200000000246e-01
2.378206800000000065e-01
1.566452100000000069e-01
8.674539000000000555e-02
7.256693000000000171e-02
6.876095000000000124e-02
7.279422000000000670e-02
7.504223000000000143e-02
1.110915799999999953e-01
1.268520800000000059e-01
1.185789200000000043e-01
1.408386699999999991e-01
1.264174899999999935e-01
1.158624600000000004e-01
8.584342999999999835e-02
7.502346999999999488e-02
8.057538999999999674e-02
8.930962000000000622e-02
9.044742999999999533e-02
7.958170999999999995e-02
8.060833000000000581e-02
8.133521999999999974e-02
7.561059000000000530e-02
7.132225000000000370e-02
7.188587999999999922e-02
7.135858999999999952e-02
7.100945999999999647e-02
6.845017000000000462e-02
7.340309000000000417e-02
7.868614999999999637e-02
9.153537000000000479e-02
8.913988000000000467e-02
8.663775999999999422e-02
8.332037000000000471e-02
7.857909999999999895e-02
7.038228000000000539e-02
7.222426999999999320e-02
6.862037999999999471e-02
6.889588000000000656e-02
7.974269000000000496e-02
8.874769000000000407e-02
7.922698000000000240e-02
5.854286000000000212e-02
