6.528101000000000043e-02
1.552988100000000093e-01
1.531524499999999955e-01
1.579262200000000060e-01
1.122326099999999965e-01
9.787658999999999943e-02
8.910532000000000175e-02
1.332269299999999934e-01
2.155151800000000006e-01
3.012832400000000077e-01
3.711316599999999744e-01
4.057802600000000037e-01
4.562304300000000201e-01
4.438042300000000218e-01
3.546275500000000136e-01
3.078263399999999761e-01
2.319833900000000115e-01
1.495671100000000031e-01
9.358650000000000302e-02
7.551352000000000064e-02
8.108895000000000686e-02
7.635947999999999347e-02
9.186107999999999774e-02
1.175276600000000060e-01
1.551364399999999866e-01
1.696015899999999965e-01
1.338981999999999950e-01
1.197324800000000022e-01
1.086633300000000024e-01
7.423556000000000599e-02
7.962432999999999317e-02
9.821464000000000583e-02
9.872485000000000288e-02
1.120747200000000027e-01
1.091333300000000006e-01
1.026576800000000012e-01
8.673145999999999634e-02
7.317957999999999408e-02
7.866943999999999326e-02
8.275267000000000039e-02
7.338738999999999679e-02
7.376251000000000335e-02
6.810708999999999513e-02
7.099785999999999597e-02
7.309137999999999746e-02
7.923383000000000509e-02
8.999997999999999332e-02
9.523444999999999827e-02
8.977585000000000426e-02
7.299221999999999655e-02
8.055851999999999458e-02
9.132247000000000281e-02
9.284270999999999496e-02
8.511243999999999754e-02
7.721113000000000282e-02
7.599369000000000263e-02
6.812957000000000041e-02
6.739649000000000334e-02
7.940969999999999973e-02
8.430907999999999458e-02
8.871347999999999734e-02
8.371095000000000619e-02
6.710910999999999960e-02
5.632841999999999710e-02
