5.660848999999999742e-02
7.317010999999999654e-02
6.777191000000000465e-02
6.695689000000000501e-02
6.792884000000000422e-02
7.203444000000000513e-02
7.176359999999999684e-02
7.413340000000000207e-02
7.577606000000000619e-02
8.083920999999999468e-02
7.674330000000000040e-02
7.317105000000000137e-02
6.885320999999999803e-02
6.714723000000000219e-02
7.263363000000000458e-02
8.658754999999999924e-02
7.829782000000000408e-02
7.039165999999999479e-02
6.651592000000000615e-02
7.152092000000000172e-02
7.217224999999999335e-02
8.841006999999999338e-02
8.949368000000000600e-02
6.876342000000000565e-02
6.742117999999999722e-02
7.266541999999999446e-02
7.800569999999999726e-02
7.973674999999999513e-02
7.648617000000000610e-02
6.957228000000000023e-02
6.963922999999999641e-02
7.621081999999999856e-02
8.390040999999999471e-02
7.594902000000000597e-02
7.032555999999999530e-02
7.159155000000000380e-02
7.776030000000000442e-02
9.733740999999999921e-02
7.697682999999999609e-02
7.038078000000000389e-02
6.520594999999999863e-02
7.248904999999999932e-02
8.810816999999999954e-02
1.066823900000000019e-01
1.081906900000000060e-01
1.056247700000000067e-01
1.179109700000000038e-01
1.333915900000000043e-01
1.008172100000000043e-01
9.304589000000000609e-02
7.868450999999999917e-02
7.537140999999999980e-02
8.632705000000000239e-02
1.215201900000000002e-01
1.915561000000000069e-01
1.809912300000000029e-01
2.070763399999999976e-01
2.344507700000000028e-01
2.494295099999999932e-01
2.379907199999999889e-01
1.973928199999999966e-01
2.123272700000000124e-01
1.364970699999999981e-01
5.934207999999999844e-02
