5.780500000000000221e-02
6.916228000000000653e-02
6.754076000000000524e-02
6.587825999999999405e-02
6.901195999999999720e-02
7.307378999999999958e-02
7.348390999999999951e-02
8.261517999999999640e-02
8.364736000000000393e-02
7.796105999999999869e-02
7.311360999999999555e-02
6.692170000000000063e-02
6.780216999999999494e-02
7.192692000000000530e-02
7.585197999999999940e-02
8.008413000000000337e-02
7.278189000000000186e-02
7.114824000000000148e-02
7.384050999999999809e-02
8.314132999999999940e-02
7.822347999999999801e-02
8.512748000000000537e-02
8.764178999999999720e-02
7.587112000000000023e-02
7.705628000000000477e-02
8.890117999999999632e-02
9.022671999999999637e-02
8.021565999999999419e-02
7.344377000000000544e-02
6.804912000000000460e-02
6.895028999999999741e-02
7.285318999999999823e-02
7.721791000000000071e-02
7.673164000000000373e-02
8.585015999999999481e-02
1.016114000000000045e-01
8.130787000000000431e-02
8.930981999999999810e-02
8.065147000000000288e-02
7.643176000000000136e-02
7.328988999999999643e-02
7.637494000000000227e-02
7.789269999999999528e-02
8.272862000000000271e-02
9.258441000000000587e-02
1.179506099999999974e-01
1.368969399999999947e-01
1.427667099999999911e-01
1.214162399999999947e-01
1.040340099999999962e-01
7.249065000000000369e-02
7.993166000000000160e-02
9.784505999999999759e-02
1.721884200000000087e-01
2.796339400000000253e-01
3.201572300000000149e-01
3.526825599999999783e-01
3.602916600000000136e-01
3.764940199999999848e-01
3.489305100000000270e-01
2.476007899999999873e-01
1.920677000000000079e-01
1.357625000000000082e-01
6.200462000000000334e-02
