5.584018999999999788e-02
6.635654000000000552e-02
6.778824999999999434e-02
7.317178000000000571e-02
7.310795000000000488e-02
7.781353000000000575e-02
6.704567999999999639e-02
6.629237999999999797e-02
6.604733999999999605e-02
6.678931000000000451e-02
6.929501999999999884e-02
6.732203000000000492e-02
6.725241999999999332e-02
6.781819000000000042e-02
6.712152000000000396e-02
6.765938999999999981e-02
6.735848999999999309e-02
6.438697000000000170e-02
6.534835999999999423e-02
6.500226000000000615e-02
6.774109999999999854e-02
6.673091999999999913e-02
6.610459000000000473e-02
6.626326999999999912e-02
6.630640000000000145e-02
6.684110000000000051e-02
6.851941000000000281e-02
6.961874999999999314e-02
6.947881000000000196e-02
6.751985000000000625e-02
7.285183000000000630e-02
7.758247999999999533e-02
8.305055999999999550e-02
7.626795000000000102e-02
6.997235999999999734e-02
6.750356999999999885e-02
7.041493999999999531e-02
7.934230999999999923e-02
1.134643600000000002e-01
1.223009800000000036e-01
1.293452700000000122e-01
1.438801000000000108e-01
1.199596400000000063e-01
1.025684899999999983e-01
7.875696999999999559e-02
7.431533999999999363e-02
7.331872999999999863e-02
6.943994000000000555e-02
7.166189000000000586e-02
6.817107999999999501e-02
6.766170999999999991e-02
6.693865000000000232e-02
6.829578000000000038e-02
6.767844000000000637e-02
7.031440999999999386e-02
7.820652000000000159e-02
7.588557999999999415e-02
7.296184000000000003e-02
7.238023000000000373e-02
6.621332000000000606e-02
6.510469000000000672e-02
6.756118999999999319e-02
6.715329000000000437e-02
5.535356000000000304e-02
