5.442435000000000328e-02
6.998798000000000519e-02
6.941184000000000243e-02
6.970817999999999459e-02
6.767338000000000520e-02
6.847683999999999716e-02
6.414403000000000465e-02
6.371770999999999685e-02
6.596287000000000678e-02
6.963982999999999979e-02
6.961842000000000030e-02
6.927107000000000403e-02
6.694371000000000349e-02
6.905951999999999924e-02
7.108048000000000144e-02
7.384902000000000133e-02
7.437689999999999579e-02
6.343521000000000576e-02
6.196822999999999915e-02
6.608443999999999430e-02
6.809179999999999400e-02
6.909624000000000321e-02
7.184203999999999590e-02
6.777260000000000228e-02
7.369829999999999437e-02
8.671141999999999739e-02
9.039537000000000266e-02
8.747233000000000092e-02
7.978839000000000070e-02
7.391042000000000445e-02
6.982462000000000391e-02
7.261048000000000502e-02
8.123961000000000376e-02
8.647568999999999395e-02
9.888241000000000391e-02
1.032882600000000067e-01
9.858000000000000096e-02
1.071594700000000067e-01
1.038980899999999985e-01
9.112362999999999713e-02
7.616019999999999734e-02
8.287796999999999525e-02
1.214109099999999969e-01
1.821550399999999903e-01
2.413644500000000082e-01
2.930442699999999956e-01
3.135652199999999779e-01
3.121510399999999907e-01
2.811939399999999756e-01
1.778302300000000058e-01
1.454933999999999950e-01
1.430296500000000082e-01
8.621378999999999848e-02
8.002658999999999467e-02
7.668331000000000452e-02
8.097089999999999843e-02
8.401430999999999483e-02
8.254738000000000353e-02
9.231256999999999657e-02
1.134741499999999959e-01
1.208887000000000017e-01
1.007596899999999990e-01
9.468756999999999868e-02
5.789375000000000077e-02
