5.365998999999999769e-02
6.531845999999999486e-02
6.466889000000000665e-02
6.373434000000000044e-02
6.448979999999999990e-02
6.596622000000000596e-02
6.418168000000000484e-02
6.196080999999999811e-02
6.226305000000000034e-02
6.460981000000000363e-02
6.520610999999999768e-02
6.343082999999999361e-02
6.432670999999999528e-02
6.616703999999999641e-02
6.510638000000000536e-02
6.539617999999999820e-02
6.484947000000000628e-02
6.366130999999999873e-02
6.419125999999999999e-02
6.387162999999999868e-02
6.388352999999999393e-02
6.451176999999999606e-02
6.488826999999999789e-02
6.326671999999999851e-02
6.357253999999999683e-02
6.350585000000000258e-02
6.471061000000000174e-02
6.572730999999999713e-02
6.518970000000000320e-02
6.405122000000000593e-02
6.508173999999999904e-02
6.589854000000000545e-02
6.791289999999999827e-02
6.448713000000000362e-02
6.432651999999999815e-02
6.428622000000000503e-02
6.514367000000000074e-02
6.541231000000000129e-02
6.832328000000000012e-02
6.518712999999999591e-02
6.248043000000000347e-02
6.616653999999999591e-02
7.005477999999999705e-02
6.969796000000000324e-02
6.696957000000000604e-02
6.690393000000000034e-02
6.489261000000000335e-02
6.626390999999999532e-02
6.920513999999999832e-02
7.396079999999999322e-02
7.956180999999999670e-02
8.031206000000000456e-02
7.703914000000000595e-02
8.122709000000000179e-02
8.177070000000000172e-02
7.849453000000000680e-02
7.169992000000000032e-02
7.083018000000000647e-02
6.889903999999999473e-02
6.702402000000000359e-02
6.536675000000000124e-02
6.726540999999999770e-02
6.484937999999999814e-02
5.363256000000000273e-02
