5.719114000000000142e-02
7.799831000000000125e-02
9.969991000000000270e-02
8.979913999999999952e-02
7.757084999999999675e-02
8.323073999999999750e-02
7.443373999999999824e-02
8.275396999999999614e-02
9.739212999999999343e-02
1.106294599999999989e-01
9.704192000000000373e-02
8.335072999999999788e-02
7.238801999999999737e-02
7.180725000000000302e-02
8.121812000000000475e-02
9.351159000000000554e-02
1.016603900000000033e-01
8.450042000000000664e-02
8.295995999999999926e-02
9.966753999999999891e-02
1.345979900000000007e-01
1.367075299999999938e-01
1.091729800000000028e-01
8.695358999999999727e-02
7.145614999999999606e-02
9.941539000000000625e-02
1.818214200000000114e-01
2.883565399999999945e-01
3.487415600000000060e-01
3.286703500000000000e-01
3.297334000000000098e-01
3.321552300000000235e-01
2.894836100000000023e-01
2.069097500000000034e-01
1.211715800000000010e-01
7.578796999999999617e-02
7.330026000000000597e-02
8.028456000000000481e-02
8.873211999999999766e-02
1.048819899999999944e-01
1.195723900000000006e-01
1.146464700000000003e-01
1.314055299999999926e-01
1.328945199999999882e-01
1.333535200000000032e-01
9.022297999999999429e-02
7.751924000000000314e-02
6.986274000000000650e-02
7.250866999999999729e-02
8.587885000000000657e-02
9.464408000000000543e-02
9.435688999999999882e-02
8.221096999999999433e-02
8.073184999999999389e-02
6.921054000000000095e-02
7.721535999999999678e-02
7.414068000000000047e-02
6.940689999999999360e-02
7.181827999999999823e-02
7.417284999999999850e-02
8.904842000000000313e-02
7.728037999999999574e-02
6.854979999999999407e-02
5.970972000000000085e-02
