5.946192000000000144e-02
8.390997000000000039e-02
7.404380000000000683e-02
7.748101999999999767e-02
7.563786999999999594e-02
7.470959000000000627e-02
6.760119000000000544e-02
6.720674000000000092e-02
6.480439999999999812e-02
7.977860000000000507e-02
8.635215000000000252e-02
7.484564000000000494e-02
7.435579000000000494e-02
7.156133000000000632e-02
7.387399999999999523e-02
6.762930999999999804e-02
7.908376000000000294e-02
7.508241000000000220e-02
7.269164999999999655e-02
6.593408000000000602e-02
6.745204000000000477e-02
8.060278999999999361e-02
8.344912999999999637e-02
7.526399999999999757e-02
6.660977999999999344e-02
6.742584999999999551e-02
7.502602999999999356e-02
8.770919000000000632e-02
9.071605000000000640e-02
7.871812000000000253e-02
1.061020500000000033e-01
9.230446000000000484e-02
9.167324999999999779e-02
1.037275299999999983e-01
9.140479999999999439e-02
7.416586999999999485e-02
1.107308399999999970e-01
1.078567700000000046e-01
9.656770000000000631e-02
8.481774999999999731e-02
1.170357300000000045e-01
1.553854500000000083e-01
1.586838700000000046e-01
1.401207399999999936e-01
1.150636300000000001e-01
9.222405999999999660e-02
1.566872599999999949e-01
1.922095299999999896e-01
2.413042499999999979e-01
3.001670799999999750e-01
3.756400599999999979e-01
3.894537399999999927e-01
3.824020899999999723e-01
3.761646200000000051e-01
3.561606700000000125e-01
2.382418199999999930e-01
1.529034499999999963e-01
1.062926700000000058e-01
8.847842999999999680e-02
7.003555000000000197e-02
7.083569000000000671e-02
8.214188000000000045e-02
7.488000999999999685e-02
6.240517999999999760e-02
