8.342921999999999838e-02
1.531289799999999979e-01
1.379662600000000072e-01
1.079423600000000011e-01
7.735000999999999682e-02
6.948543000000000081e-02
1.058038500000000048e-01
1.911255299999999879e-01
2.807081900000000241e-01
3.900529099999999749e-01
4.041727199999999853e-01
4.241363699999999848e-01
4.275972800000000240e-01
3.392858200000000157e-01
1.985040299999999980e-01
1.660616799999999893e-01
1.275490099999999905e-01
8.631679999999999908e-02
7.338232999999999562e-02
7.628754999999999564e-02
7.959494000000000291e-02
8.237534000000000523e-02
1.021938200000000047e-01
1.242985800000000057e-01
1.541928599999999872e-01
1.784219700000000131e-01
1.329333799999999899e-01
8.228000000000000591e-02
7.807129999999999626e-02
7.624343999999999566e-02
8.636267999999999723e-02
8.627588999999999397e-02
7.971084999999999976e-02
9.077248999999999735e-02
9.835441999999999796e-02
9.701482000000000161e-02
8.018896999999999831e-02
7.810862000000000360e-02
8.258901999999999910e-02
7.735730000000000384e-02
6.999068999999999430e-02
8.439597999999999545e-02
7.140549000000000202e-02
8.336899000000000393e-02
8.118528999999999329e-02
9.024324000000000234e-02
8.734949999999999659e-02
7.751310999999999618e-02
7.646643999999999664e-02
7.568329999999999502e-02
9.355906999999999418e-02
1.012137199999999931e-01
9.081941999999999793e-02
7.722387999999999475e-02
7.382378000000000551e-02
7.712275999999999854e-02
8.163373000000000157e-02
8.076060999999999657e-02
9.695235000000000658e-02
9.329002000000000128e-02
8.122482000000000313e-02
8.459310999999999914e-02
6.952550000000000396e-02
5.900989000000000234e-02
