6.329696999999999407e-02
7.458715999999999957e-02
7.199429999999999719e-02
8.786750999999999590e-02
1.076593200000000028e-01
1.029402499999999970e-01
8.593175999999999592e-02
8.168256000000000128e-02
9.530415000000000414e-02
9.070093999999999379e-02
1.184690999999999939e-01
1.066427800000000065e-01
9.853093000000000268e-02
7.787843999999999323e-02
7.031186999999999854e-02
8.110525000000000373e-02
1.092677299999999935e-01
1.343781099999999951e-01
2.225726399999999883e-01
2.937439399999999812e-01
2.887372999999999745e-01
2.782629400000000142e-01
2.188969900000000135e-01
1.761983599999999983e-01
1.106009899999999962e-01
8.803742000000000512e-02
7.935396999999999590e-02
7.394043000000000143e-02
7.579898000000000191e-02
7.162079999999999835e-02
7.543719999999999593e-02
8.539241999999999666e-02
1.073785899999999960e-01
1.023757400000000067e-01
1.106131999999999949e-01
9.345963999999999661e-02
8.573247000000000506e-02
8.471608999999999390e-02
8.118970999999999827e-02
7.094519999999999993e-02
7.481287000000000353e-02
7.272351999999999983e-02
7.807329000000000352e-02
7.189465000000000439e-02
6.657730000000000592e-02
6.442164999999999697e-02
6.653554999999999886e-02
6.884669999999999679e-02
6.599086999999999315e-02
7.052062000000000608e-02
6.521884000000000015e-02
7.061406000000000627e-02
6.518659999999999732e-02
7.397692000000000156e-02
6.910647999999999791e-02
7.744657000000000624e-02
6.799826999999999955e-02
6.810227000000000641e-02
7.076722000000000568e-02
7.074642000000000430e-02
6.799288000000000554e-02
7.551236000000000059e-02
7.198005000000000375e-02
5.673547000000000312e-02
