5.445023999999999698e-02
7.721809000000000311e-02
1.151571599999999945e-01
1.637059700000000062e-01
2.877193699999999743e-01
3.402400300000000266e-01
4.083587499999999926e-01
4.202537499999999815e-01
3.964795500000000139e-01
3.795036999999999994e-01
3.944936399999999788e-01
2.984271000000000007e-01
2.028402800000000117e-01
1.404172300000000040e-01
9.065433999999999992e-02
8.200512000000000079e-02
8.056918999999999886e-02
7.924125999999999392e-02
8.939324999999999355e-02
9.621623999999999455e-02
1.314002900000000029e-01
1.562280100000000005e-01
1.528296500000000113e-01
1.053400399999999959e-01
1.095872100000000043e-01
9.288430999999999771e-02
9.036019000000000689e-02
7.934613999999999556e-02
8.582030000000000214e-02
8.402940999999999883e-02
6.991416000000000297e-02
7.622328000000000436e-02
7.873099999999999543e-02
7.060563999999999729e-02
7.218069000000000568e-02
7.013426999999999856e-02
7.566944000000000448e-02
8.257791999999999910e-02
7.762521999999999478e-02
6.609252000000000182e-02
6.895307000000000519e-02
7.093451000000000617e-02
8.752110999999999918e-02
8.307689000000000046e-02
7.110879000000000505e-02
6.976248999999999645e-02
7.512069000000000385e-02
7.759842999999999602e-02
7.650956999999999897e-02
8.302808999999999884e-02
7.174998999999999960e-02
6.816962000000000022e-02
6.981336000000000486e-02
8.111256000000000022e-02
9.259061999999999848e-02
8.544551999999999703e-02
8.029223000000000610e-02
7.113693000000000100e-02
7.000837999999999506e-02
7.087836999999999610e-02
7.685944000000000109e-02
7.364070000000000338e-02
8.582222000000000461e-02
6.069255999999999956e-02
