5.889089000000000129e-02
7.351879000000000053e-02
6.666339000000000292e-02
7.096600000000000130e-02
6.747751000000000443e-02
6.967067000000000399e-02
6.985708999999999669e-02
7.519322999999999979e-02
8.043411999999999784e-02
8.152581999999999884e-02
7.200545999999999336e-02
7.114106000000000596e-02
6.802542000000000311e-02
6.652892000000000527e-02
7.365765000000000506e-02
8.323861000000000454e-02
8.216097999999999457e-02
6.941149000000000624e-02
6.547187999999999619e-02
6.923108999999999513e-02
7.314395999999999398e-02
8.647871999999999504e-02
8.964353999999999378e-02
6.992199999999999804e-02
6.899573999999999985e-02
7.503986999999999463e-02
8.289034000000000679e-02
8.386356000000000366e-02
7.901207999999999843e-02
6.835792000000000257e-02
6.841590000000000171e-02
7.111124000000000611e-02
7.775550000000000517e-02
8.175372000000000194e-02
7.247728999999999977e-02
8.268614000000000519e-02
9.298900000000000221e-02
1.112537700000000018e-01
8.789183999999999886e-02
7.126248999999999778e-02
7.185165000000000302e-02
7.522737999999999647e-02
9.514992999999999368e-02
1.194264399999999948e-01
1.250809099999999896e-01
1.073961600000000044e-01
1.060857800000000045e-01
1.567184899999999881e-01
1.247222600000000015e-01
1.251183899999999960e-01
8.138694000000000484e-02
8.219624000000000374e-02
1.034263200000000021e-01
1.383480599999999949e-01
1.934675700000000054e-01
2.178072000000000064e-01
3.015150400000000119e-01
3.494093400000000127e-01
3.805477600000000127e-01
3.596084999999999976e-01
2.967272699999999874e-01
2.630500800000000194e-01
2.136257000000000017e-01
6.295206999999999886e-02
