6.111358000000000068e-02
1.108058700000000008e-01
8.031325000000000269e-02
7.365315000000000056e-02
6.958478999999999359e-02
7.103424999999999323e-02
7.879402000000000628e-02
7.730225000000000291e-02
8.924302000000000623e-02
8.839977999999999725e-02
7.477902999999999634e-02
6.810302000000000022e-02
8.649661999999999629e-02
1.044467000000000034e-01
1.001776999999999945e-01
7.433125000000000149e-02
6.948400000000000409e-02
6.839976000000000389e-02
7.769376000000000060e-02
8.561029000000000555e-02
7.426557000000000297e-02
8.027085999999999943e-02
7.021336000000000244e-02
7.639387000000000261e-02
9.618086000000000690e-02
1.039093600000000062e-01
8.161989000000000050e-02
8.044365000000000543e-02
9.103911000000000642e-02
1.287302800000000025e-01
1.455682199999999982e-01
8.209942000000000628e-02
8.914065999999999657e-02
8.185913999999999691e-02
7.065707999999999711e-02
8.896845999999999921e-02
1.106116000000000044e-01
1.103220000000000034e-01
1.075174599999999953e-01
1.036396099999999931e-01
1.073640200000000045e-01
1.306383499999999864e-01
1.048470299999999938e-01
7.959310999999999470e-02
9.348201999999999900e-02
1.027883400000000058e-01
1.812034999999999896e-01
2.426116200000000001e-01
3.438354399999999922e-01
3.705619299999999838e-01
3.780828700000000153e-01
3.685312299999999874e-01
2.648168799999999767e-01
2.668128300000000008e-01
1.629230500000000137e-01
1.026646799999999943e-01
8.191919000000000284e-02
7.743957999999999398e-02
6.683095999999999481e-02
7.406719999999999970e-02
8.291983999999999466e-02
8.413484999999999714e-02
1.056747799999999959e-01
6.505672999999999317e-02
