6.769592000000000664e-02
1.513664999999999872e-01
1.471095099999999989e-01
1.073337000000000041e-01
8.844464999999999966e-02
7.492786999999999364e-02
9.830856000000000317e-02
1.904012599999999888e-01
2.486853900000000062e-01
3.600036799999999926e-01
3.687712599999999896e-01
3.734538900000000106e-01
4.013244799999999834e-01
3.917058700000000115e-01
2.435612199999999949e-01
1.840029800000000104e-01
1.623341299999999932e-01
9.273849000000000675e-02
7.475304000000000670e-02
7.867987999999999371e-02
8.091083000000000303e-02
7.878166999999999809e-02
1.020762800000000053e-01
1.220837000000000033e-01
1.553794000000000008e-01
1.618074499999999916e-01
1.193063199999999935e-01
8.738669000000000298e-02
8.275467000000000239e-02
7.343892999999999949e-02
8.158263999999999794e-02
8.272395999999999916e-02
8.385341000000000322e-02
1.006501900000000005e-01
9.196350000000000358e-02
8.768032000000000603e-02
7.913744000000000334e-02
7.578052000000000399e-02
7.856649000000000271e-02
7.761985999999999886e-02
6.912640000000000451e-02
7.434472000000000302e-02
7.000757999999999981e-02
7.423607999999999596e-02
7.567981999999999487e-02
8.220747999999999944e-02
8.205821000000000642e-02
7.634971000000000119e-02
7.392777000000000376e-02
6.948000000000000009e-02
8.256557999999999953e-02
8.707815000000000694e-02
8.637287999999999910e-02
7.479416999999999316e-02
7.331527000000000183e-02
6.987688999999999706e-02
7.059669999999999834e-02
7.463253000000000248e-02
8.816358000000000528e-02
9.019597999999999505e-02
8.220673000000000563e-02
8.610268999999999562e-02
7.308406000000000624e-02
5.670419000000000154e-02
