5.560306000000000276e-02
1.009949400000000053e-01
1.243056699999999931e-01
1.011775399999999964e-01
1.183598200000000045e-01
1.571868100000000101e-01
1.208967400000000025e-01
1.213172200000000034e-01
1.484771699999999917e-01
9.903950000000000253e-02
9.565991999999999551e-02
7.010985999999999607e-02
1.486409900000000006e-01
1.956564199999999976e-01
2.802671199999999807e-01
3.843436800000000209e-01
4.412726200000000043e-01
3.932100800000000174e-01
3.298811899999999908e-01
2.582089300000000032e-01
1.898217899999999903e-01
1.146724100000000024e-01
8.060588000000000475e-02
7.569017000000000106e-02
7.352482000000000462e-02
8.642373000000000416e-02
1.031966099999999942e-01
1.202324200000000065e-01
1.212546300000000021e-01
1.431679399999999935e-01
1.665493799999999969e-01
1.064203999999999983e-01
1.087459199999999959e-01
8.194977999999999985e-02
9.353438999999999504e-02
1.005033300000000018e-01
9.288470000000000060e-02
7.493038000000000476e-02
7.301601000000000619e-02
7.802393000000000522e-02
8.680831999999999438e-02
8.162619999999999598e-02
7.106389999999999929e-02
6.755795000000000550e-02
6.965896000000000587e-02
7.157265000000000155e-02
7.342290999999999401e-02
7.838618999999999448e-02
7.116654000000000035e-02
8.261762000000000272e-02
1.004195300000000068e-01
8.818748999999999338e-02
8.042402999999999358e-02
7.502341999999999345e-02
6.963935999999999737e-02
7.049284999999999579e-02
7.729795999999999889e-02
7.805732999999999422e-02
8.594669000000000614e-02
8.126703000000000399e-02
6.693256999999999679e-02
7.176232000000000444e-02
6.896143000000000411e-02
6.038824000000000275e-02
