5.792978000000000016e-02
1.580698799999999959e-01
1.398791100000000009e-01
1.445845400000000114e-01
1.169085200000000019e-01
9.953425000000000467e-02
7.502960000000000185e-02
8.737390000000000434e-02
1.049824099999999982e-01
2.125621600000000000e-01
3.084757300000000035e-01
3.695798200000000033e-01
4.262880399999999792e-01
4.721335500000000129e-01
4.032584699999999800e-01
3.827513499999999902e-01
3.278017599999999976e-01
1.918166699999999947e-01
1.141383599999999943e-01
7.324925000000000186e-02
7.922163999999999595e-02
7.703957999999999640e-02
8.628383000000000580e-02
9.742257999999999474e-02
1.245217400000000058e-01
1.406555600000000128e-01
1.428709200000000124e-01
1.288161600000000129e-01
1.227806699999999945e-01
8.868674999999999475e-02
8.481347999999999665e-02
8.227590999999999377e-02
9.110585999999999685e-02
1.120730600000000021e-01
8.914091999999999849e-02
1.006559800000000060e-01
9.065773000000000581e-02
6.902076999999999518e-02
7.177358000000000349e-02
6.998643999999999699e-02
7.015465999999999369e-02
6.964093000000000366e-02
6.770175999999999972e-02
6.947097000000000688e-02
6.776305000000000522e-02
6.776751000000000302e-02
7.093668999999999669e-02
8.474497999999999753e-02
8.156027000000000415e-02
7.512388000000000399e-02
6.944279999999999897e-02
6.632586999999999511e-02
6.774407000000000345e-02
7.059187000000000101e-02
7.609148000000000300e-02
7.105496999999999508e-02
6.859545000000000226e-02
6.621533999999999753e-02
6.409871999999999792e-02
6.754103999999999663e-02
6.887113000000000262e-02
6.710502000000000133e-02
6.572105999999999781e-02
5.378824000000000105e-02
