7.494902000000000508e-02
9.931054999999999744e-02
7.166996999999999951e-02
7.627345000000000652e-02
1.142942599999999947e-01
1.185934000000000016e-01
1.580732300000000090e-01
2.080577799999999977e-01
2.302089800000000075e-01
2.339615800000000023e-01
2.650366699999999742e-01
2.499128100000000130e-01
2.322264300000000115e-01
2.156182399999999888e-01
1.053734000000000059e-01
8.030194999999999694e-02
7.668202999999999825e-02
7.556142999999999887e-02
7.467542000000000624e-02
7.766520000000000368e-02
8.429187000000000485e-02
8.933409999999999962e-02
9.500811000000000672e-02
1.060308699999999993e-01
1.411279400000000073e-01
1.313501099999999921e-01
1.159594399999999970e-01
7.325334999999999486e-02
7.596057500000000240e-02
7.866779999999999606e-02
7.702712000000000447e-02
7.728060000000000485e-02
7.478078000000000503e-02
7.358153000000000610e-02
7.384913999999999368e-02
6.920680999999999361e-02
6.879288999999999543e-02
7.025765000000000482e-02
7.372463999999999407e-02
6.857588000000000572e-02
6.549517000000000533e-02
6.682422000000000362e-02
7.221885999999999584e-02
7.384293000000000107e-02
7.254154999999999631e-02
7.074806000000000150e-02
6.671161999999999925e-02
6.683651999999999649e-02
6.393498999999999710e-02
7.345512999999999348e-02
7.778052000000000576e-02
7.521722000000000130e-02
6.844936000000000076e-02
6.464264999999999595e-02
6.676345999999999670e-02
7.668126000000000109e-02
7.689890000000000614e-02
6.794079000000000090e-02
7.552024999999999710e-02
7.010165000000000146e-02
6.620858999999999772e-02
6.753465999999999636e-02
7.331374000000000224e-02
5.589707000000000009e-02
