5.990315999999999697e-02
8.621054999999999691e-02
6.470734999999999681e-02
7.222763999999999573e-02
7.027395999999999643e-02
8.142178999999999389e-02
7.228526000000000395e-02
6.755854999999999499e-02
7.099041999999999852e-02
6.702486000000000554e-02
7.624590000000000534e-02
8.870751999999999804e-02
9.669117000000000683e-02
9.700640000000000651e-02
9.216486999999999596e-02
7.929171999999999609e-02
6.905287000000000230e-02
7.171505999999999714e-02
8.168506999999999851e-02
8.292394999999999627e-02
7.685040999999999400e-02
9.324522000000000366e-02
1.225401400000000057e-01
1.181761499999999937e-01
1.054106800000000066e-01
1.090229100000000007e-01
8.450539999999999441e-02
7.550706999999999558e-02
8.993223999999999663e-02
1.355007400000000084e-01
2.052436300000000102e-01
2.541997699999999916e-01
3.089927700000000277e-01
3.484153700000000020e-01
2.540363700000000113e-01
2.106817500000000010e-01
1.656479999999999897e-01
9.550775999999999710e-02
7.290214999999999890e-02
6.905682000000000487e-02
8.034784000000000370e-02
8.773380000000000067e-02
1.006980499999999973e-01
1.047709200000000035e-01
1.110822900000000002e-01
1.099041300000000027e-01
1.025291100000000066e-01
1.081273999999999985e-01
9.016298999999999841e-02
6.947627000000000663e-02
6.819946000000000341e-02
6.887806999999999957e-02
7.342213999999999685e-02
7.204559000000000657e-02
9.508887000000000589e-02
9.168674999999999742e-02
8.091360000000000219e-02
7.230245000000000422e-02
7.768092999999999526e-02
7.687318999999999403e-02
7.695636999999999617e-02
8.194613000000000591e-02
7.289123999999999604e-02
5.514530000000000126e-02
