5.558079999999999965e-02
7.994487000000000121e-02
9.880237999999999521e-02
1.045721200000000045e-01
1.121230099999999952e-01
1.302109499999999920e-01
1.075304100000000068e-01
1.392819999999999891e-01
1.533856799999999965e-01
1.924665399999999915e-01
2.188877599999999868e-01
1.200875299999999979e-01
7.449691999999999426e-02
8.594641000000000086e-02
1.165197000000000038e-01
2.565514099999999797e-01
3.463724599999999931e-01
3.511220800000000031e-01
3.903523400000000199e-01
4.095571900000000154e-01
3.670858100000000124e-01
2.801573299999999822e-01
1.780633299999999919e-01
1.121696799999999938e-01
7.491069000000000200e-02
7.746393000000000029e-02
8.277384000000000130e-02
7.578435999999999506e-02
7.818105999999999667e-02
1.352085000000000092e-01
1.644920300000000113e-01
1.320286999999999988e-01
1.374331000000000025e-01
1.219221899999999997e-01
1.150920500000000013e-01
9.030402999999999347e-02
7.896219000000000154e-02
9.021619999999999640e-02
8.986226999999999410e-02
9.848136000000000390e-02
7.641075999999999424e-02
8.034781000000000561e-02
7.621492000000000544e-02
7.317927999999999933e-02
6.908717999999999804e-02
7.545234000000000663e-02
7.512356000000000589e-02
7.927132000000000622e-02
7.248992999999999409e-02
7.195355000000000500e-02
9.240299000000000429e-02
1.053298899999999955e-01
1.074806799999999951e-01
8.991248999999999769e-02
8.593794000000000433e-02
8.058920999999999446e-02
6.946831000000000533e-02
7.793485999999999470e-02
8.218915999999999722e-02
7.369344999999999368e-02
7.993232000000000115e-02
9.199862000000000317e-02
7.340650999999999426e-02
6.080453000000000247e-02
