5.531795999999999935e-02
6.726806000000000452e-02
6.614248000000000349e-02
6.941637000000000501e-02
7.146499000000000601e-02
7.539168000000000258e-02
7.581527999999999878e-02
7.108881999999999701e-02
7.026723999999999470e-02
6.724381000000000108e-02
7.176662000000000319e-02
7.018583000000000460e-02
7.205701999999999940e-02
7.242914000000000296e-02
6.960030999999999857e-02
6.824244999999999617e-02
7.352103999999999584e-02
7.555441999999999714e-02
7.809924999999999506e-02
7.326096999999999471e-02
7.252910999999999386e-02
6.709484999999999755e-02
7.323783999999999850e-02
7.734496000000000426e-02
7.277396999999999339e-02
8.358045000000000058e-02
7.151366000000000667e-02
7.662594000000000349e-02
7.723684999999999579e-02
7.012907999999999642e-02
7.208939999999999793e-02
7.040810000000000124e-02
7.408607999999999860e-02
7.991545999999999372e-02
8.790125999999999495e-02
8.475228999999999402e-02
6.947253000000000456e-02
7.152442999999999995e-02
7.723185000000000466e-02
7.933192000000000021e-02
7.735055999999999876e-02
7.618034999999999390e-02
8.902754999999999697e-02
1.035896500000000053e-01
1.208009300000000008e-01
9.988627999999999396e-02
9.171671000000000684e-02
9.071967999999999699e-02
7.384440999999999922e-02
8.089950999999999393e-02
1.180206500000000047e-01
1.271421899999999883e-01
1.766756200000000054e-01
2.035081400000000040e-01
2.537871600000000116e-01
2.229328499999999880e-01
1.985057400000000138e-01
1.830595000000000139e-01
1.673557900000000043e-01
1.287478099999999903e-01
9.510498000000000562e-02
7.807919000000000664e-02
7.048516999999999977e-02
5.653566000000000147e-02
