5.528269000000000238e-02
6.884916000000000647e-02
7.130749999999999589e-02
7.764224999999999599e-02
9.645942999999999878e-02
9.823084999999999456e-02
7.366617999999999777e-02
6.940150000000000485e-02
6.621626999999999375e-02
6.719938000000000300e-02
7.086051000000000155e-02
8.146984000000000170e-02
7.390323000000000031e-02
6.899123000000000061e-02
6.939368999999999399e-02
6.951356999999999675e-02
7.062830999999999970e-02
6.971549000000000496e-02
7.297681000000000306e-02
7.241812000000000249e-02
9.264737000000000666e-02
1.001292099999999963e-01
9.569408999999999554e-02
9.475643999999999734e-02
7.393154999999999866e-02
7.031286999999999954e-02
6.813505000000000256e-02
7.347541999999999962e-02
7.360767999999999478e-02
7.461555999999999744e-02
7.772234000000000087e-02
8.213502000000000303e-02
1.048015699999999967e-01
9.558584999999999998e-02
8.840654000000000567e-02
7.740996999999999462e-02
7.547268999999999506e-02
9.925699999999999801e-02
1.325008400000000086e-01
1.490775799999999873e-01
1.608291699999999935e-01
1.658783000000000063e-01
1.466299899999999878e-01
1.271056700000000039e-01
1.042712100000000031e-01
8.778320000000000567e-02
7.388849999999999585e-02
6.957568999999999559e-02
6.384784999999999766e-02
6.451505999999999907e-02
6.826028000000000651e-02
6.972253999999999952e-02
6.861043999999999476e-02
7.162962999999999969e-02
7.653775000000000162e-02
7.491188000000000013e-02
7.119880000000000653e-02
6.684191000000000438e-02
6.929926000000000141e-02
6.503559999999999897e-02
6.587461000000000011e-02
6.493743000000000432e-02
6.505866000000000426e-02
5.348072999999999716e-02
