1.200277700000000058e-01
4.542381500000000072e-01
4.104034300000000135e-01
3.364599300000000182e-01
2.540177399999999919e-01
2.139226800000000039e-01
1.564120499999999969e-01
1.093366000000000060e-01
7.499661000000000521e-02
7.406100000000000183e-02
7.822015999999999691e-02
6.915293999999999608e-02
7.981122999999999690e-02
1.078626699999999938e-01
1.224955800000000067e-01
1.250785000000000091e-01
1.155684099999999964e-01
1.272290199999999982e-01
1.037136899999999973e-01
9.176175999999999777e-02
7.820825000000000693e-02
7.267811000000000410e-02
6.937326000000000603e-02
7.093744999999999912e-02
8.776380999999999766e-02
9.510470000000000035e-02
7.818134999999999668e-02
7.542411000000000254e-02
7.671134999999999760e-02
8.021335000000000270e-02
7.570839999999999514e-02
8.234961000000000364e-02
9.329461000000000004e-02
7.137696000000000318e-02
8.108189999999999842e-02
7.302830000000000432e-02
8.327711000000000141e-02
1.016685999999999979e-01
9.908322999999999436e-02
8.670110999999999790e-02
7.202044000000000501e-02
9.451204000000000549e-02
1.266115800000000013e-01
1.331168699999999983e-01
1.350413000000000030e-01
7.688288000000000066e-02
7.838973000000000468e-02
9.987173000000000578e-02
1.108366800000000069e-01
1.044333999999999957e-01
8.642176000000000025e-02
7.729102000000000194e-02
7.220893000000000450e-02
8.143673999999999358e-02
8.825062000000000184e-02
9.914560999999999513e-02
9.775198999999999694e-02
8.638550000000000395e-02
8.405231000000000507e-02
8.287537000000000376e-02
8.545168000000000208e-02
1.000664899999999941e-01
9.427997999999999934e-02
7.183675000000000477e-02
