7.553036999999999945e-02
2.934161699999999762e-01
2.686647200000000235e-01
2.329201999999999939e-01
1.608047599999999910e-01
1.281783700000000137e-01
9.972651999999999906e-02
7.772154000000000562e-02
6.845553000000000055e-02
6.926614000000000382e-02
8.138765000000000582e-02
8.560412000000000576e-02
9.877568000000000459e-02
1.320141599999999915e-01
1.621353899999999904e-01
1.394685200000000125e-01
1.275967100000000021e-01
1.198625200000000002e-01
9.794743000000000199e-02
8.948346999999999551e-02
9.340112999999999888e-02
8.879299000000000219e-02
7.700571000000000499e-02
6.680279999999999552e-02
6.822122999999999382e-02
8.059457999999999900e-02
8.484779000000000626e-02
7.775724999999999998e-02
7.369119000000000363e-02
7.219443999999999861e-02
7.827707000000000415e-02
8.207905000000000062e-02
7.250487999999999378e-02
7.126395000000000646e-02
7.538171000000000455e-02
8.296431999999999418e-02
7.722650000000000348e-02
7.826281999999999683e-02
7.432420000000000693e-02
7.453170000000000628e-02
7.700155999999999668e-02
7.082040000000000557e-02
9.034599000000000102e-02
7.736099999999999921e-02
8.279749000000000136e-02
8.083608999999999933e-02
9.559766999999999570e-02
1.045299900000000032e-01
9.044399000000000188e-02
8.343515999999999433e-02
7.087398000000000309e-02
7.228254000000000623e-02
8.130423999999999984e-02
8.750760000000000483e-02
8.001121999999999401e-02
7.405022999999999467e-02
7.407328999999999997e-02
7.831190000000000373e-02
7.981978000000000684e-02
7.846796999999999800e-02
8.485437999999999314e-02
7.626167999999999836e-02
7.234764999999999946e-02
6.378346999999999489e-02
