6.651659000000000044e-02
1.144748599999999977e-01
1.973383400000000010e-01
3.073804399999999770e-01
3.458090099999999723e-01
3.670267500000000127e-01
4.171496900000000174e-01
4.443944400000000017e-01
3.967131400000000196e-01
3.430764099999999983e-01
3.121245799999999848e-01
1.791398100000000104e-01
1.393173900000000132e-01
9.880516999999999772e-02
9.427117999999999609e-02
9.110161999999999427e-02
9.601737999999999940e-02
1.051989900000000061e-01
1.246750900000000023e-01
1.310234700000000030e-01
1.677100800000000114e-01
1.712588100000000113e-01
1.302882300000000049e-01
8.432459999999999956e-02
7.622194999999999665e-02
7.031761999999999735e-02
8.381025000000000280e-02
8.239504999999999746e-02
8.676142000000000576e-02
9.526181000000000232e-02
7.344837999999999367e-02
7.138440000000000063e-02
7.056416999999999551e-02
6.603264000000000356e-02
6.655249000000000581e-02
7.422019000000000533e-02
7.239036000000000082e-02
7.419307999999999459e-02
7.499788999999999761e-02
7.924324000000000645e-02
7.626602000000000381e-02
8.140807999999999378e-02
8.422051999999999317e-02
7.549071999999999727e-02
6.954169000000000322e-02
8.673535999999999746e-02
8.426675000000000137e-02
7.829313999999999718e-02
7.474712000000000023e-02
7.364637000000000266e-02
6.644179999999999531e-02
7.357234999999999470e-02
8.586676000000000031e-02
9.567968999999999780e-02
8.909693999999999947e-02
7.763664000000000676e-02
7.539993999999999863e-02
8.461148999999999754e-02
8.061756999999999951e-02
7.351130999999999638e-02
7.631008000000000235e-02
7.213616000000000472e-02
7.950459999999999472e-02
6.232142000000000237e-02
