5.452649999999999858e-02
7.739907999999999511e-02
7.829279000000000099e-02
8.769322999999999702e-02
1.082853800000000005e-01
1.451312800000000014e-01
8.223212000000000577e-02
7.487839999999999774e-02
7.294298000000000448e-02
6.630763000000000629e-02
7.173799999999999621e-02
8.600591999999999959e-02
8.574502000000000512e-02
7.679394999999999971e-02
7.881204999999999461e-02
7.099548999999999443e-02
7.141290999999999611e-02
7.067900000000000571e-02
7.820886000000000504e-02
8.255982000000000598e-02
9.785362999999999700e-02
1.047951800000000017e-01
1.199759600000000065e-01
1.349185699999999877e-01
8.731957999999999387e-02
7.547921999999999965e-02
7.074793000000000054e-02
1.047152100000000030e-01
8.339151999999999676e-02
1.050216900000000009e-01
1.432131500000000113e-01
1.510955999999999966e-01
2.170300599999999969e-01
1.971487100000000048e-01
1.463286099999999978e-01
1.296858599999999861e-01
1.001774799999999993e-01
8.440720000000000167e-02
2.417787600000000092e-01
3.310797799999999902e-01
4.440592199999999767e-01
5.350425800000000454e-01
5.260540799999999795e-01
4.820877299999999921e-01
3.757729499999999945e-01
2.919105900000000253e-01
1.777750700000000073e-01
1.366907699999999892e-01
7.955874000000000279e-02
9.483571000000000362e-02
9.949752000000000596e-02
9.697102999999999973e-02
1.339919900000000053e-01
2.011070299999999922e-01
2.308093499999999965e-01
3.200927100000000025e-01
2.610916200000000242e-01
1.657789500000000082e-01
1.408122900000000066e-01
1.122414600000000012e-01
8.911491000000000551e-02
7.198000999999999705e-02
7.171189999999999509e-02
5.781328000000000161e-02
