5.155573000000000100e-02
6.623708000000000373e-02
6.659344000000000374e-02
6.520592999999999528e-02
6.755972000000000366e-02
7.199563999999999964e-02
7.427646999999999722e-02
7.326726000000000072e-02
7.373290999999999873e-02
6.638241000000000280e-02
6.620147999999999311e-02
6.657238000000000044e-02
6.857610000000000094e-02
7.061617000000000588e-02
6.759624000000000188e-02
6.902160000000000240e-02
6.789019999999999777e-02
6.738292999999999366e-02
7.079871000000000081e-02
7.671137999999999568e-02
7.703048999999999313e-02
6.976744000000000001e-02
7.006155999999999495e-02
7.009092000000000100e-02
6.934634000000000631e-02
7.603008999999999462e-02
6.818947999999999676e-02
6.642831999999999903e-02
6.747920000000000307e-02
6.610343000000000468e-02
6.723484000000000405e-02
6.605769999999999698e-02
6.823152000000000383e-02
6.890205000000000635e-02
6.656499999999999917e-02
6.927131999999999734e-02
6.756784999999999874e-02
6.888300999999999452e-02
6.849244000000000165e-02
6.664821999999999413e-02
6.511076999999999837e-02
6.709885999999999628e-02
7.403940999999999995e-02
7.953021999999999869e-02
7.794521999999999562e-02
7.912004000000000259e-02
9.032176000000000093e-02
9.400902999999999343e-02
8.538294000000000439e-02
7.635545000000000526e-02
7.252967000000000442e-02
8.098078999999999694e-02
9.637719999999999620e-02
1.253716500000000011e-01
1.522302500000000114e-01
1.667550200000000038e-01
1.949569399999999952e-01
1.881364700000000001e-01
1.929148300000000094e-01
1.793219600000000025e-01
1.561772800000000017e-01
1.258786199999999966e-01
8.337650000000000616e-02
5.820502000000000314e-02
