5.699948999999999988e-02
7.481759000000000326e-02
7.773586000000000384e-02
9.468448999999999616e-02
1.203851300000000069e-01
1.229505300000000023e-01
1.036180000000000018e-01
1.034036499999999997e-01
1.396340000000000081e-01
1.736594599999999877e-01
2.103940699999999886e-01
1.636862000000000039e-01
1.125024000000000024e-01
8.081491000000000369e-02
8.164143999999999568e-02
1.352614900000000120e-01
2.444084599999999941e-01
3.110314000000000134e-01
4.272283299999999895e-01
5.102316700000000260e-01
5.165625799999999934e-01
4.517292700000000161e-01
3.761599700000000102e-01
2.463790800000000003e-01
1.350724700000000000e-01
8.633285000000000264e-02
7.145720999999999323e-02
7.409538999999999709e-02
8.130452999999999986e-02
1.061421000000000031e-01
1.091143599999999936e-01
1.293059000000000014e-01
1.659330699999999881e-01
1.748159999999999992e-01
1.519376899999999864e-01
1.031676599999999944e-01
8.738601000000000008e-02
8.044413000000000258e-02
9.118068000000000006e-02
9.125365000000000559e-02
8.789059000000000454e-02
9.202340999999999993e-02
1.006817899999999932e-01
8.654359999999999831e-02
6.980427999999999633e-02
6.788497999999999755e-02
6.922628000000000115e-02
7.133815000000000295e-02
6.904219999999999802e-02
7.589877000000000429e-02
7.701238000000000528e-02
8.678855000000000597e-02
7.629025999999999863e-02
8.287862000000000007e-02
7.261536999999999853e-02
8.326103999999999450e-02
7.553408000000000344e-02
7.590729999999999700e-02
6.867173000000000027e-02
7.480657000000000278e-02
7.588662000000000185e-02
8.290564000000000267e-02
8.543610999999999567e-02
5.811527999999999833e-02
