5.788602000000000330e-02
9.687534000000000423e-02
9.922406999999999755e-02
1.434291000000000038e-01
1.485905799999999999e-01
1.032739700000000066e-01
1.137840900000000044e-01
8.300747999999999460e-02
7.813895999999999342e-02
7.393416999999999351e-02
8.591801999999999773e-02
9.359982000000000024e-02
1.021183999999999981e-01
1.130920599999999943e-01
1.229853300000000038e-01
1.176911800000000063e-01
1.315964900000000104e-01
1.472600699999999929e-01
1.391790499999999986e-01
1.104548900000000000e-01
9.602249000000000201e-02
9.415603999999999640e-02
1.846112599999999992e-01
2.485610099999999989e-01
2.973301400000000205e-01
3.906926800000000144e-01
3.827904799999999885e-01
3.273170000000000246e-01
3.133844399999999863e-01
1.694489000000000134e-01
1.135928499999999952e-01
7.454821000000000364e-02
7.930434999999999568e-02
7.973745999999999612e-02
7.710796999999999790e-02
9.726487999999999801e-02
9.622603999999999880e-02
1.605281199999999964e-01
1.771800099999999989e-01
1.297312800000000044e-01
1.100491799999999964e-01
9.573070000000000190e-02
8.374381000000000186e-02
7.925161999999999485e-02
8.721745000000000192e-02
8.278905999999999765e-02
7.158507000000000065e-02
8.736061999999999994e-02
7.834512999999999894e-02
7.976255999999999624e-02
7.233670000000000377e-02
6.912024999999999419e-02
6.921062000000000047e-02
8.112001000000000628e-02
9.406203000000000480e-02
8.749265999999999988e-02
7.019838999999999940e-02
7.065462000000000131e-02
7.235592000000000412e-02
7.295627999999999835e-02
7.302103999999999540e-02
8.372517999999999627e-02
9.750788999999999984e-02
5.735073000000000254e-02
