5.721508000000000149e-02
7.276755000000000029e-02
7.564853000000000549e-02
7.221632000000000051e-02
7.642537000000000635e-02
8.463885999999999632e-02
7.312283999999999451e-02
7.323746999999999896e-02
7.189207999999999710e-02
8.771531000000000466e-02
8.589534000000000058e-02
1.012478599999999951e-01
9.208429999999999394e-02
9.576265999999999945e-02
9.508097999999999550e-02
7.220796000000000159e-02
9.392417999999999600e-02
8.166937000000000502e-02
8.309469999999999357e-02
8.373469000000000051e-02
9.154030000000000500e-02
1.142425100000000054e-01
1.113963300000000017e-01
9.750873999999999653e-02
8.826718000000000064e-02
7.802301000000000375e-02
8.405582000000000331e-02
1.284778699999999940e-01
2.130803599999999964e-01
2.781358400000000231e-01
3.291905500000000262e-01
3.149004599999999932e-01
3.042222600000000221e-01
2.925975599999999788e-01
1.769505299999999948e-01
1.177201799999999937e-01
8.300736999999999699e-02
7.254109999999999725e-02
7.809570000000000400e-02
9.315645999999999649e-02
9.751139999999999808e-02
9.957506000000000690e-02
1.171249500000000054e-01
1.224835199999999985e-01
1.268027899999999986e-01
1.021458400000000016e-01
8.248531000000000613e-02
7.539621000000000517e-02
7.887302000000000202e-02
7.402756000000000614e-02
8.791432000000000413e-02
8.225127000000000133e-02
8.366627000000000092e-02
8.683296000000000070e-02
7.456052000000000513e-02
8.526280999999999444e-02
8.272319000000000200e-02
7.486239000000000088e-02
7.160856999999999639e-02
8.353162999999999561e-02
9.903512000000000426e-02
7.649198999999999582e-02
7.247597999999999541e-02
5.828985999999999890e-02
