7.327775999999999734e-02
1.427231599999999878e-01
1.035876599999999981e-01
8.496831000000000522e-02
8.448490000000000166e-02
9.887856999999999896e-02
1.070444200000000012e-01
9.930044000000000370e-02
1.303366099999999916e-01
1.249715799999999988e-01
1.632620200000000077e-01
1.933931600000000084e-01
1.803871499999999961e-01
1.861302900000000038e-01
1.496599000000000124e-01
7.785340000000000316e-02
7.874391000000000029e-02
9.223977999999999344e-02
2.360722100000000045e-01
3.790441800000000083e-01
4.300082599999999755e-01
4.894494400000000134e-01
4.739261000000000168e-01
3.633227299999999826e-01
2.779706399999999911e-01
2.034476799999999919e-01
1.168243999999999949e-01
8.505010000000000348e-02
8.577906000000000419e-02
8.762752000000000041e-02
1.047036100000000025e-01
1.236575399999999963e-01
1.531892599999999938e-01
1.703253799999999984e-01
1.910714099999999971e-01
1.334624899999999892e-01
1.203085099999999935e-01
1.016849100000000033e-01
9.484178999999999526e-02
8.726154999999999329e-02
1.046455300000000005e-01
1.006520800000000049e-01
1.099651999999999991e-01
9.051520000000000399e-02
6.879480000000000317e-02
6.588726000000000305e-02
7.732751000000000208e-02
6.923440999999999623e-02
7.278141000000000471e-02
7.832894999999999441e-02
7.855444999999999789e-02
8.568241999999999525e-02
7.407466999999999524e-02
7.408272000000000468e-02
7.819610999999999923e-02
8.505337999999999787e-02
9.018056000000000683e-02
8.149903000000000008e-02
8.374516999999999378e-02
9.408809999999999396e-02
7.202517999999999421e-02
8.196994999999999976e-02
8.805256000000000194e-02
5.807202000000000197e-02
