5.059430000000000177e-02
8.715539999999999399e-02
7.934326999999999352e-02
9.923295999999999506e-02
1.005792799999999931e-01
9.827858000000000427e-02
9.083868999999999971e-02
7.069316999999999962e-02
6.843267000000000100e-02
7.693764999999999632e-02
9.971439999999999471e-02
1.017290000000000000e-01
8.508506999999999876e-02
6.898002999999999774e-02
7.781731000000000065e-02
7.770760999999999641e-02
9.945184999999999442e-02
9.823877000000000304e-02
9.835871999999999671e-02
7.257665000000000644e-02
7.098690000000000555e-02
9.261047999999999503e-02
9.634115000000000040e-02
8.770812999999999526e-02
7.248195000000000332e-02
7.268473999999999768e-02
8.386981000000000297e-02
1.135304300000000016e-01
1.196424100000000046e-01
7.743042999999999454e-02
9.587505999999999806e-02
9.682071999999999901e-02
8.616176999999999864e-02
1.052948499999999954e-01
1.257183699999999960e-01
9.056459000000000037e-02
7.637014999999999776e-02
8.930736000000000230e-02
1.299003499999999978e-01
1.233501500000000056e-01
1.127361000000000057e-01
1.154357699999999931e-01
1.331350199999999928e-01
1.561401600000000001e-01
1.578902899999999887e-01
9.271725999999999579e-02
7.843490999999999658e-02
8.001005999999999396e-02
1.348354099999999889e-01
2.389530400000000054e-01
3.463867299999999760e-01
3.762937499999999824e-01
4.063539800000000035e-01
4.154024700000000236e-01
4.226839499999999750e-01
3.302686200000000127e-01
2.226550300000000038e-01
1.859267800000000137e-01
1.690392799999999862e-01
1.115609399999999973e-01
8.443045999999999884e-02
7.317307000000000672e-02
7.792699000000000153e-02
6.297405000000000364e-02
