5.983764999999999917e-02
8.067035000000000178e-02
8.879555999999999560e-02
8.039274999999999893e-02
7.313878999999999519e-02
7.012796000000000307e-02
6.668822000000000638e-02
6.812190999999999386e-02
7.475698999999999539e-02
7.746511999999999842e-02
7.848215999999999526e-02
7.364476000000000355e-02
9.438649999999999818e-02
1.000780500000000017e-01
1.127409500000000064e-01
1.093251600000000046e-01
9.334836000000000522e-02
7.861208999999999558e-02
6.908052000000000636e-02
8.229543999999999748e-02
1.232817999999999969e-01
2.183192200000000083e-01
2.391044200000000119e-01
2.227942900000000059e-01
2.096923900000000063e-01
2.098630099999999887e-01
1.581831700000000118e-01
1.088695900000000022e-01
8.772612999999999939e-02
6.984758000000000633e-02
7.005901999999999963e-02
7.155174999999999730e-02
6.944715999999999390e-02
8.281225999999999865e-02
1.022788800000000026e-01
9.781363999999999337e-02
1.114218599999999976e-01
1.251048300000000002e-01
1.019498800000000066e-01
8.662913999999999337e-02
7.388081000000000509e-02
7.764372999999999414e-02
7.116152000000000588e-02
7.271938999999999487e-02
8.204804000000000264e-02
8.526401999999999592e-02
7.293871000000000382e-02
7.280933000000000543e-02
7.604334000000000093e-02
6.923397000000000578e-02
7.295756000000000463e-02
7.270777000000000490e-02
6.807808999999999389e-02
7.382977999999999763e-02
7.553709000000000118e-02
7.202187000000000172e-02
6.916155999999999693e-02
7.517535000000000189e-02
9.013424999999999909e-02
8.622319000000000511e-02
8.070262999999999742e-02
7.181748999999999772e-02
6.929725000000000468e-02
5.489944000000000074e-02
