1.517989299999999986e-01
3.495391299999999757e-01
4.729615400000000136e-01
4.736682199999999732e-01
4.555928399999999989e-01
4.521066200000000146e-01
4.567240499999999925e-01
3.514155999999999946e-01
2.700362199999999935e-01
2.112860500000000030e-01
1.871488099999999988e-01
1.124009900000000062e-01
9.076926999999999912e-02
8.683771999999999325e-02
1.035532799999999976e-01
1.356228399999999945e-01
1.639143100000000075e-01
2.593883000000000161e-01
1.997480799999999945e-01
1.447811300000000079e-01
1.368354099999999907e-01
1.255911000000000111e-01
9.863827999999999485e-02
8.920933000000000335e-02
9.041557999999999540e-02
9.954994000000000343e-02
7.256213999999999720e-02
8.485710999999999948e-02
8.432091999999999365e-02
1.098869600000000057e-01
8.201604999999999313e-02
7.938792000000000071e-02
7.821773999999999394e-02
7.330588000000000382e-02
7.924354999999999594e-02
7.666290000000000604e-02
6.736369000000000384e-02
7.702438999999999814e-02
9.890322000000000002e-02
1.118441500000000033e-01
8.098988000000000020e-02
8.599785999999999542e-02
8.072173000000000542e-02
8.847760000000000347e-02
9.491549000000000513e-02
1.040697899999999954e-01
8.371689999999999687e-02
6.980902999999999414e-02
7.094673999999999425e-02
7.527657999999999572e-02
8.159167999999999976e-02
9.105351999999999890e-02
8.754578999999999833e-02
8.064955000000000040e-02
7.737976000000000576e-02
7.431131000000000542e-02
7.982870000000000243e-02
1.079209700000000050e-01
1.046515600000000046e-01
7.713093999999999506e-02
7.118874000000000035e-02
7.154913999999999719e-02
6.657889999999999642e-02
6.311074999999999324e-02
