5.916625999999999830e-02
9.359781999999999824e-02
7.638430999999999693e-02
7.312435000000000462e-02
7.989918000000000020e-02
9.329340999999999329e-02
8.197110999999999981e-02
8.924946999999999742e-02
9.967378999999999822e-02
1.678279900000000102e-01
2.069018599999999930e-01
1.560798599999999869e-01
1.499318900000000121e-01
1.041577100000000006e-01
7.923821000000000336e-02
7.972967000000000248e-02
1.106000000000000039e-01
1.322371200000000135e-01
2.812229099999999926e-01
3.297986700000000160e-01
3.729873899999999742e-01
3.845671700000000137e-01
3.349945799999999863e-01
2.109427799999999964e-01
1.237131900000000007e-01
9.088354999999999351e-02
7.536655000000000437e-02
7.471355999999999831e-02
8.823395000000000543e-02
1.239456899999999973e-01
1.205487699999999995e-01
1.516712199999999955e-01
1.796853099999999870e-01
1.576459600000000016e-01
1.497266600000000114e-01
8.458084999999999909e-02
7.559030999999999390e-02
7.358404000000000333e-02
8.121357999999999355e-02
9.048970000000000624e-02
8.546612000000000653e-02
7.791383999999999810e-02
9.832781000000000160e-02
8.310272999999999965e-02
7.289450999999999570e-02
7.258546000000000442e-02
6.886562999999999712e-02
7.602459999999999773e-02
7.015306999999999793e-02
7.235276000000000207e-02
7.116561000000000414e-02
8.561628000000000294e-02
8.492310000000000136e-02
8.976027000000000311e-02
8.167947000000000402e-02
8.358517000000000030e-02
7.482107000000000341e-02
7.378041999999999934e-02
6.961341999999999530e-02
7.479874999999999718e-02
7.824256000000000266e-02
8.623889999999999334e-02
8.998625000000000373e-02
5.994825000000000154e-02
