8.102943999999999425e-02
2.385322500000000012e-01
3.519777399999999834e-01
4.422463500000000103e-01
4.550404299999999957e-01
4.855037899999999906e-01
4.870871299999999793e-01
4.393727800000000183e-01
4.038428399999999807e-01
3.648124300000000209e-01
2.773168100000000247e-01
1.673633499999999941e-01
1.108519099999999979e-01
8.576894999999999658e-02
9.789675000000000460e-02
8.480456000000000105e-02
1.032845800000000008e-01
1.296673399999999921e-01
1.269605199999999934e-01
1.183352599999999977e-01
1.703366600000000008e-01
1.894437800000000061e-01
1.319303400000000071e-01
9.115881000000000678e-02
8.162384999999999780e-02
8.200259000000000020e-02
8.364889999999999826e-02
8.697937999999999503e-02
9.534038000000000235e-02
1.012661900000000059e-01
7.701188000000000478e-02
8.064135000000000053e-02
7.812004999999999644e-02
6.818241999999999359e-02
6.860644000000000464e-02
7.481883999999999757e-02
7.168987999999999750e-02
7.778242999999999963e-02
8.616132999999999431e-02
9.720015999999999379e-02
8.194271000000000194e-02
9.286165999999999865e-02
9.139066999999999330e-02
7.811724000000000445e-02
7.904774999999999996e-02
9.747347000000000650e-02
9.340184999999999460e-02
7.952744999999999953e-02
7.484686999999999590e-02
7.309517000000000098e-02
6.755324000000000051e-02
7.752143999999999702e-02
8.893252000000000101e-02
9.828112999999999433e-02
9.237082000000000626e-02
7.598847000000000240e-02
7.648647999999999558e-02
9.469241999999999937e-02
1.159378400000000003e-01
8.669150000000000467e-02
9.141728000000000354e-02
7.142948000000000353e-02
7.846337000000000450e-02
6.517807999999999935e-02
