5.896208000000000005e-02
8.507776000000000227e-02
6.437159000000000630e-02
6.756218999999999419e-02
6.498658000000000212e-02
7.733078999999999648e-02
7.843002999999999780e-02
6.867623000000000477e-02
6.793064999999999520e-02
7.387923999999999880e-02
6.952355999999999814e-02
9.042778999999999401e-02
1.067744500000000069e-01
9.911561000000000676e-02
9.459083999999999548e-02
7.875153000000000014e-02
7.382302999999999782e-02
7.314468999999999832e-02
1.027021399999999973e-01
1.024507399999999985e-01
9.329092999999999414e-02
1.024693500000000007e-01
1.364401899999999890e-01
1.454405900000000085e-01
1.352964500000000125e-01
1.199928400000000034e-01
9.415468999999999922e-02
7.813040999999999736e-02
8.598198999999999426e-02
1.882720700000000136e-01
2.731395999999999824e-01
3.227793899999999994e-01
3.571858099999999925e-01
3.570443999999999840e-01
2.836683999999999872e-01
2.775317999999999952e-01
2.013074800000000109e-01
1.152077499999999977e-01
8.070853999999999528e-02
7.380193999999999643e-02
7.947186000000000528e-02
7.874828999999999857e-02
9.626611999999999669e-02
9.849655999999999689e-02
1.036420799999999975e-01
1.349426699999999868e-01
1.268097499999999989e-01
1.236500499999999975e-01
9.698242999999999447e-02
7.280022999999999356e-02
6.735001999999999656e-02
7.266195000000000292e-02
7.694992000000000498e-02
7.111794999999999922e-02
9.990936000000000261e-02
8.173880999999999508e-02
8.547501000000000404e-02
9.919849000000000028e-02
1.023669799999999963e-01
8.877010000000000456e-02
6.976846999999999910e-02
7.736403000000000030e-02
6.519943000000000266e-02
5.944913000000000280e-02
