6.279701999999999507e-02
9.448950000000000404e-02
7.706915999999999767e-02
7.275455000000000116e-02
6.796304999999999708e-02
7.141121000000000274e-02
6.885842999999999825e-02
7.349213000000000273e-02
8.616503000000000356e-02
7.804348999999999315e-02
7.185940000000000383e-02
7.173614999999999853e-02
9.014202999999999799e-02
9.819986999999999466e-02
9.313723999999999614e-02
7.635801000000000394e-02
6.759144000000000263e-02
7.010326999999999531e-02
8.080906000000000200e-02
8.918202999999999547e-02
6.835708999999999536e-02
7.523971999999999605e-02
7.467786999999999342e-02
8.391759999999999498e-02
8.393831000000000209e-02
8.954363999999999379e-02
7.361236000000000168e-02
7.903477999999999892e-02
1.006052300000000038e-01
1.157239099999999993e-01
1.294968400000000019e-01
7.228898000000000268e-02
7.712349000000000288e-02
7.288314999999999377e-02
9.513391999999999682e-02
1.010882300000000011e-01
1.238727200000000056e-01
1.040015900000000049e-01
1.126258400000000048e-01
1.105695000000000011e-01
1.335668700000000042e-01
1.497928799999999894e-01
9.237198000000000631e-02
9.085685999999999762e-02
1.137649000000000021e-01
1.663355199999999867e-01
2.644436700000000195e-01
3.293088699999999758e-01
4.043276299999999934e-01
3.996426200000000040e-01
3.918460300000000118e-01
3.264332400000000134e-01
2.546258599999999817e-01
2.172873200000000060e-01
1.220588199999999984e-01
9.210195000000000187e-02
7.339574999999999572e-02
7.029000999999999999e-02
7.974779999999999369e-02
7.737244999999999540e-02
8.725608999999999449e-02
9.969658000000000686e-02
8.990077000000000484e-02
5.815628999999999937e-02
