5.323761999999999939e-02
8.198223000000000316e-02
1.055147000000000029e-01
1.075326999999999950e-01
1.212918099999999999e-01
1.193277900000000030e-01
1.439243699999999959e-01
1.270456600000000047e-01
1.051617400000000035e-01
9.930991000000000124e-02
7.181843000000000254e-02
9.207677000000000223e-02
1.286330699999999883e-01
2.035301499999999930e-01
2.721437800000000018e-01
3.288352800000000076e-01
3.858147900000000186e-01
3.307145499999999960e-01
2.923261200000000226e-01
2.023844599999999883e-01
1.517323600000000106e-01
1.084726300000000004e-01
8.015142000000000100e-02
7.151095999999999842e-02
7.592585999999999780e-02
8.776270999999999378e-02
1.053723500000000035e-01
1.219439300000000059e-01
1.210408300000000020e-01
1.538113399999999908e-01
1.567884200000000117e-01
1.012466499999999936e-01
9.103332000000000090e-02
8.722459999999999936e-02
9.606074000000000557e-02
9.255135000000000445e-02
8.550626999999999533e-02
7.286536999999999875e-02
7.547425000000000661e-02
7.927272000000000485e-02
8.097514999999999574e-02
7.640273999999999677e-02
6.984247000000000372e-02
6.817119000000000650e-02
6.671006999999999632e-02
7.243146999999999780e-02
7.906201000000000201e-02
8.238397999999999555e-02
7.612418999999999436e-02
8.835178999999999949e-02
9.357857999999999454e-02
8.846181999999999657e-02
7.715716000000000241e-02
7.402978000000000336e-02
6.999344000000000399e-02
7.188116999999999424e-02
8.345007000000000119e-02
8.212906000000000373e-02
8.628194999999999615e-02
8.470803000000000360e-02
6.563178999999999541e-02
7.204232000000000691e-02
7.713224999999999942e-02
6.060022000000000325e-02
