7.197285000000000488e-02
1.191685799999999962e-01
1.798353299999999877e-01
2.461381099999999933e-01
2.945262799999999737e-01
3.173747100000000043e-01
2.969840200000000152e-01
2.766945100000000046e-01
2.614396199999999837e-01
2.432919299999999896e-01
2.365047000000000121e-01
1.472770599999999874e-01
1.038284299999999993e-01
8.884269999999999667e-02
1.019026600000000060e-01
9.761005000000000376e-02
1.042814299999999944e-01
1.307167899999999994e-01
1.355885400000000074e-01
1.239081499999999947e-01
1.438487900000000042e-01
1.466055500000000011e-01
9.604100999999999611e-02
7.578389000000000653e-02
7.410516999999999799e-02
7.952185000000000503e-02
7.723568000000000100e-02
8.669963999999999449e-02
8.282667999999999975e-02
9.644998000000000460e-02
7.586405000000000232e-02
6.987187000000000259e-02
7.353753999999999846e-02
6.819136000000000641e-02
6.746017999999999459e-02
7.375629000000000213e-02
7.470048999999999439e-02
7.349451999999999374e-02
7.593961999999999934e-02
9.131833000000000311e-02
8.079284000000000465e-02
8.631502000000000618e-02
8.035106000000000193e-02
7.604951000000000072e-02
7.710731999999999309e-02
9.432970999999999717e-02
8.856616999999999962e-02
8.174655999999999589e-02
7.051501000000000297e-02
7.047486999999999502e-02
6.645963000000000565e-02
7.119211999999999763e-02
7.972973999999999339e-02
8.471831999999999974e-02
8.297372999999999554e-02
7.489426000000000416e-02
7.029699999999999838e-02
8.359155000000000058e-02
8.772523999999999600e-02
7.776204000000000449e-02
8.225030999999999315e-02
6.908963999999999384e-02
7.462383000000000211e-02
6.154919999999999836e-02
