5.529915999999999998e-02
7.358343999999999996e-02
6.447653000000000412e-02
6.542059999999999542e-02
6.731953000000000242e-02
6.739807999999999910e-02
6.524969999999999382e-02
6.593731999999999371e-02
6.596240000000000436e-02
6.617552000000000156e-02
6.679972000000000687e-02
7.127579000000000553e-02
8.988759000000000332e-02
8.661897000000000346e-02
8.525992000000000293e-02
7.804531000000000662e-02
6.750720999999999805e-02
6.975003000000000453e-02
7.793833000000000011e-02
8.194263999999999715e-02
7.982556999999999847e-02
8.379140000000000199e-02
9.457772999999999874e-02
8.608179000000000525e-02
8.715298000000000489e-02
8.817165000000000419e-02
7.977397999999999434e-02
7.111596000000000584e-02
6.730276999999999787e-02
9.316960999999999993e-02
1.346138699999999966e-01
1.659887999999999919e-01
2.015084199999999937e-01
2.097116400000000047e-01
1.537364300000000072e-01
1.496531999999999862e-01
1.445636299999999985e-01
1.138444200000000017e-01
8.696476000000000206e-02
6.516454000000000690e-02
6.343590999999999813e-02
6.635145000000000626e-02
8.274505999999999528e-02
7.666499000000000230e-02
8.088172999999999890e-02
8.764368000000000158e-02
9.844503000000000281e-02
9.227639999999999454e-02
7.899936000000000458e-02
7.046478999999999937e-02
6.538615000000000399e-02
7.330473999999999324e-02
7.064125999999999739e-02
7.115299999999999403e-02
7.503819000000000461e-02
7.744966999999999824e-02
8.107746000000000397e-02
7.920552999999999622e-02
8.722182000000000546e-02
7.080398000000000247e-02
6.626985999999999988e-02
7.153930999999999485e-02
6.555581000000000602e-02
5.346312999999999760e-02
