5.387302000000000063e-02
7.414813000000000653e-02
7.923484999999999556e-02
8.245802000000000687e-02
8.031030999999999587e-02
7.832382999999999706e-02
6.924590999999999386e-02
6.577205999999999331e-02
6.809291000000000649e-02
7.582648999999999639e-02
8.225543999999999911e-02
8.541720999999999342e-02
8.096958999999999407e-02
7.627878999999999909e-02
7.506988000000000549e-02
8.067878000000000549e-02
8.036084000000000283e-02
7.296299000000000534e-02
6.833443999999999630e-02
6.936283000000000032e-02
7.426852999999999927e-02
7.469966000000000106e-02
7.171711000000000058e-02
6.573655000000000470e-02
6.823817999999999551e-02
8.111305000000000598e-02
8.634418000000000648e-02
8.545904999999999474e-02
7.804690000000000238e-02
7.817185000000000106e-02
8.660384000000000138e-02
8.595919000000000476e-02
8.054899000000000087e-02
1.021755699999999933e-01
8.696584000000000259e-02
1.034260500000000055e-01
1.094899899999999954e-01
1.445831499999999936e-01
1.148256700000000047e-01
9.508192999999999506e-02
9.090929000000000371e-02
9.777257999999999782e-02
1.376387299999999869e-01
1.386394599999999921e-01
1.688681499999999946e-01
2.352251300000000045e-01
2.431694399999999867e-01
2.413129400000000035e-01
2.505868399999999774e-01
1.360535200000000111e-01
1.265588099999999938e-01
1.318481999999999987e-01
7.507257000000000513e-02
7.461381000000000263e-02
7.548238999999999643e-02
8.649856000000000211e-02
9.009106000000000058e-02
1.223543899999999934e-01
9.876269999999999494e-02
1.116176499999999988e-01
9.487565000000000581e-02
8.579718000000000067e-02
7.293655999999999751e-02
5.673157000000000200e-02
