5.607729999999999659e-02
7.160188000000000663e-02
7.533737999999999546e-02
8.367352999999999597e-02
8.123065999999999620e-02
8.919718000000000091e-02
9.089287000000000061e-02
8.153043999999999569e-02
7.212941000000000491e-02
7.050441000000000347e-02
8.122666000000000608e-02
8.166655999999999915e-02
7.181909999999999683e-02
7.535738000000000159e-02
7.241369000000000278e-02
7.277588000000000112e-02
8.258930000000000438e-02
8.222040999999999378e-02
7.926921000000000661e-02
7.829284999999999717e-02
7.472280000000000588e-02
7.759718999999999645e-02
9.072429999999999384e-02
8.194376999999999911e-02
8.230621999999999938e-02
7.964925000000000477e-02
7.662718000000000307e-02
9.145891999999999911e-02
9.560343999999999787e-02
7.335395000000000110e-02
8.829103000000000645e-02
7.990745000000000486e-02
9.465703000000000311e-02
1.212395599999999962e-01
1.110878000000000004e-01
8.642664999999999376e-02
8.504891000000000534e-02
9.839897999999999700e-02
1.137753100000000045e-01
9.726999000000000062e-02
8.201369999999999494e-02
8.715051000000000048e-02
1.207155599999999995e-01
1.598943600000000131e-01
1.881330900000000028e-01
1.446211900000000106e-01
1.095637000000000000e-01
8.802221999999999824e-02
1.049604600000000054e-01
1.714289599999999913e-01
2.558707299999999907e-01
2.606058700000000172e-01
3.495773699999999984e-01
4.161275600000000074e-01
4.205048100000000066e-01
3.350351200000000196e-01
2.900703000000000031e-01
2.553641799999999962e-01
1.929253800000000074e-01
1.537992199999999865e-01
9.703641999999999823e-02
8.787246999999999419e-02
7.378790999999999822e-02
6.361010000000000275e-02
