5.545796000000000059e-02
6.929195000000000493e-02
6.938384999999999692e-02
7.642791000000000168e-02
8.506484000000000267e-02
8.799092999999999498e-02
9.124569999999999903e-02
8.101345000000000074e-02
7.828609999999999736e-02
6.827379000000000087e-02
7.580225999999999631e-02
7.826900000000000523e-02
7.737167000000000350e-02
8.266511999999999472e-02
7.139399000000000439e-02
7.267606000000000066e-02
7.649358000000000546e-02
8.307504000000000277e-02
8.250155000000000682e-02
7.891048000000000506e-02
8.114522000000000401e-02
7.059561000000000308e-02
7.878548999999999969e-02
1.009615100000000043e-01
8.555548999999999793e-02
9.725952000000000208e-02
7.723191999999999557e-02
9.127931000000000239e-02
8.948343000000000269e-02
7.141401999999999473e-02
8.066984000000000654e-02
8.143717000000000317e-02
8.196251000000000231e-02
1.030318800000000062e-01
1.119098500000000052e-01
1.111547999999999981e-01
7.303645000000000276e-02
7.785275999999999308e-02
9.875198000000000309e-02
9.860075000000000089e-02
8.695440999999999587e-02
8.228050000000000641e-02
1.060568199999999961e-01
1.287443799999999916e-01
1.634099499999999983e-01
1.465830100000000136e-01
1.239914800000000011e-01
1.046302900000000008e-01
1.077713899999999947e-01
1.686885800000000046e-01
2.361478100000000135e-01
2.235244999999999871e-01
3.333298000000000094e-01
4.354520700000000244e-01
4.851694100000000232e-01
4.448628099999999974e-01
3.850657900000000189e-01
3.170009300000000141e-01
3.024873699999999777e-01
2.004672600000000082e-01
1.173774900000000010e-01
1.017382800000000004e-01
8.230427999999999356e-02
6.370560000000000112e-02
