5.856122999999999884e-02
7.780389000000000055e-02
7.388193999999999317e-02
8.709298999999999513e-02
9.398889000000000549e-02
9.771929999999999505e-02
8.433179000000000369e-02
8.234974999999999934e-02
7.348001999999999312e-02
7.504755000000000453e-02
9.209686999999999735e-02
9.436020000000000518e-02
8.596412999999999971e-02
8.212796999999999459e-02
7.482300999999999536e-02
7.299205999999999750e-02
1.017167600000000033e-01
1.026370900000000003e-01
9.913379999999999415e-02
8.806559999999999389e-02
8.878729000000000482e-02
8.591012000000000648e-02
1.127913100000000057e-01
9.798390999999999351e-02
7.774425999999999559e-02
9.180617000000000638e-02
8.239053000000000349e-02
1.031740700000000066e-01
1.077353699999999970e-01
7.722384999999999666e-02
9.730189000000000199e-02
9.061953000000000369e-02
1.043153899999999940e-01
1.110674400000000034e-01
1.433479800000000137e-01
1.118623700000000026e-01
7.934375999999999929e-02
9.569294000000000411e-02
9.646688000000000485e-02
1.215919000000000028e-01
1.201449299999999970e-01
1.019411000000000067e-01
1.256553800000000110e-01
2.189917399999999903e-01
2.341599199999999936e-01
1.335335699999999903e-01
1.224955999999999962e-01
9.998324000000000100e-02
1.474854200000000060e-01
3.033898500000000165e-01
4.247738099999999739e-01
3.925588099999999803e-01
4.340535400000000155e-01
4.927506099999999778e-01
4.920270400000000266e-01
4.427872900000000000e-01
3.433303799999999906e-01
2.759544800000000020e-01
2.186471399999999898e-01
1.503477799999999864e-01
9.053292000000000284e-02
7.795586000000000182e-02
7.248973000000000222e-02
6.320380000000000442e-02
