5.950488000000000305e-02
8.213988999999999319e-02
7.637842000000000242e-02
8.636330000000000395e-02
7.646332999999999602e-02
7.826771999999999896e-02
7.045761000000000385e-02
7.329935999999999396e-02
7.166827000000000614e-02
6.762886999999999371e-02
7.339036000000000171e-02
8.645084000000000102e-02
9.893920999999999966e-02
1.077933199999999980e-01
1.287009000000000070e-01
1.063151199999999991e-01
7.308836000000000499e-02
7.760823999999999501e-02
8.746233999999999953e-02
1.007867499999999944e-01
1.032670100000000063e-01
9.108844000000000662e-02
1.444563600000000059e-01
1.187298400000000032e-01
1.369115300000000035e-01
1.257101999999999942e-01
9.751329999999999720e-02
1.127808800000000000e-01
9.436896000000000173e-02
9.661730000000000318e-02
2.348218099999999919e-01
2.702960099999999755e-01
3.525120600000000159e-01
3.886820999999999748e-01
2.885755899999999929e-01
2.998540399999999884e-01
2.289447199999999905e-01
2.018715000000000093e-01
1.670902999999999972e-01
1.886793099999999890e-01
2.694001200000000207e-01
2.249565900000000118e-01
2.671963299999999819e-01
2.433026600000000039e-01
1.258988400000000119e-01
1.965661900000000017e-01
1.303769100000000125e-01
1.629704399999999942e-01
9.591223000000000110e-02
7.883835999999999622e-02
8.364393999999999996e-02
7.050808999999999549e-02
1.023126099999999983e-01
7.947514999999999441e-02
1.379346399999999973e-01
9.511044000000000442e-02
1.159131399999999978e-01
8.993642000000000303e-02
1.056121599999999966e-01
8.768731000000000442e-02
7.065583000000000280e-02
8.297714999999999952e-02
7.737244999999999540e-02
5.803599999999999731e-02
