1.380193399999999904e-01
3.294652399999999925e-01
3.335514099999999926e-01
3.176854800000000201e-01
2.451719599999999943e-01
2.088247699999999929e-01
1.632842399999999972e-01
1.199797199999999980e-01
7.992042000000000590e-02
9.158724000000000032e-02
8.833033999999999331e-02
7.837998999999999661e-02
1.002044200000000024e-01
1.229103799999999996e-01
1.603245899999999891e-01
1.702099699999999882e-01
1.486957200000000034e-01
1.682215300000000080e-01
1.324301700000000137e-01
9.548407999999999896e-02
7.623879000000000072e-02
7.327184000000000474e-02
7.167767999999999362e-02
6.977740999999999805e-02
6.938574000000000130e-02
7.940239000000000325e-02
7.066340999999999595e-02
6.985102999999999451e-02
7.279033999999999505e-02
6.765675999999999635e-02
6.672738000000000280e-02
7.135320000000000551e-02
6.846378999999999659e-02
6.756913999999999976e-02
6.720848999999999573e-02
6.849165999999999588e-02
6.916411000000000087e-02
6.888513000000000275e-02
6.834481000000000583e-02
6.410142000000000617e-02
6.373259000000000563e-02
6.467098999999999764e-02
7.384664999999999979e-02
6.840841999999999756e-02
6.881408999999999443e-02
6.596984999999999655e-02
7.177066000000000001e-02
7.463685000000000458e-02
7.223211000000000215e-02
6.955891000000000157e-02
6.611425999999999414e-02
6.531731000000000342e-02
6.642344999999999500e-02
6.788215999999999695e-02
6.830825999999999565e-02
6.716353999999999380e-02
6.679817000000000393e-02
6.539923000000000264e-02
6.609987000000000501e-02
6.650280000000000080e-02
6.680260999999999838e-02
6.744295000000000151e-02
6.649732999999999339e-02
5.481923999999999825e-02
