5.617123999999999728e-02
6.650838000000000583e-02
8.124141999999999475e-02
7.935250000000000636e-02
8.179388999999999410e-02
8.198521000000000281e-02
7.175795999999999564e-02
6.992573000000000538e-02
7.795336999999999406e-02
8.666219999999999479e-02
8.105624999999999636e-02
7.902206000000000508e-02
7.849287000000000625e-02
7.318346000000000573e-02
7.776861000000000190e-02
8.046870999999999885e-02
8.903336000000000583e-02
8.514927999999999386e-02
8.166408999999999474e-02
7.389817999999999387e-02
9.101897000000000459e-02
1.005440900000000026e-01
1.025214099999999934e-01
8.318569000000000657e-02
7.169970999999999983e-02
7.611297999999999675e-02
8.700982999999999634e-02
1.510927800000000099e-01
2.370699000000000001e-01
2.617330299999999776e-01
2.769824599999999859e-01
2.487473500000000060e-01
2.004462599999999872e-01
1.737616100000000108e-01
1.319150199999999939e-01
9.760285999999999962e-02
7.352875999999999856e-02
6.985170999999999741e-02
8.457476999999999356e-02
8.898855999999999433e-02
1.056420599999999960e-01
9.208241999999999816e-02
1.064653899999999931e-01
1.135078000000000059e-01
1.094984299999999938e-01
8.821566000000000130e-02
7.045081000000000260e-02
6.967515000000000513e-02
7.540884999999999949e-02
7.964569000000000509e-02
9.240481000000000389e-02
7.990534999999999999e-02
7.582331999999999961e-02
7.706833999999999907e-02
7.615331000000000183e-02
7.458210999999999313e-02
7.290699999999999958e-02
7.493313999999999531e-02
6.919314999999999494e-02
7.610232999999999581e-02
9.034435000000000382e-02
7.445567000000000157e-02
6.738637000000000099e-02
5.942038000000000181e-02
