7.454072999999999949e-02
1.036356900000000025e-01
7.803988000000000591e-02
7.378260999999999847e-02
6.914874000000000021e-02
6.938782000000000283e-02
7.246713000000000460e-02
7.644923000000000690e-02
7.797906999999999755e-02
6.919260000000000688e-02
6.717892999999999781e-02
6.865806000000000686e-02
8.612574000000000618e-02
9.438902000000000403e-02
9.714156999999999653e-02
7.317684000000000688e-02
6.883913999999999311e-02
6.689430999999999850e-02
7.441762000000000377e-02
7.617300999999999933e-02
7.337074000000000373e-02
8.141722999999999322e-02
7.409546000000000188e-02
7.399688999999999572e-02
8.296541000000000332e-02
7.643935000000000313e-02
6.981895000000000462e-02
7.472397999999999540e-02
8.223170999999999953e-02
1.024275199999999941e-01
1.079906399999999989e-01
7.695175999999999406e-02
7.189605000000000301e-02
7.863767000000000673e-02
9.326275000000000537e-02
9.232439000000000617e-02
1.000660500000000036e-01
1.152083099999999943e-01
1.221041900000000013e-01
1.284286799999999895e-01
1.539281600000000083e-01
1.007080800000000054e-01
7.027002000000000248e-02
7.255617999999999790e-02
8.262518000000000640e-02
1.248484700000000031e-01
2.157607500000000011e-01
2.436480400000000102e-01
3.080308099999999882e-01
2.739245299999999994e-01
2.332744300000000048e-01
2.155378000000000016e-01
1.785862400000000072e-01
1.627761000000000069e-01
1.359253099999999936e-01
7.539584000000000563e-02
7.110742000000000451e-02
7.410645000000000426e-02
6.651414999999999411e-02
6.754166999999999810e-02
6.827895999999999965e-02
6.994288999999999368e-02
7.784919999999999340e-02
6.066560000000000008e-02
