7.067521999999999693e-02
1.055328700000000008e-01
1.108344500000000010e-01
9.308937999999999935e-02
8.361240000000000339e-02
7.152978000000000114e-02
7.868911000000000655e-02
6.899602999999999986e-02
8.153552999999999495e-02
7.833484000000000280e-02
8.391440999999999484e-02
8.671716000000000146e-02
1.289297500000000096e-01
1.266429699999999936e-01
1.468682099999999990e-01
1.293913399999999936e-01
9.454287000000000107e-02
7.615650999999999671e-02
7.108390000000000541e-02
1.224113299999999988e-01
1.706624800000000053e-01
2.605218300000000098e-01
2.884220800000000251e-01
2.449897699999999956e-01
2.412003899999999867e-01
2.131447900000000006e-01
1.588594600000000079e-01
1.038065100000000046e-01
8.184574999999999489e-02
7.150626999999999678e-02
7.883139999999999592e-02
9.120182999999999762e-02
8.789716000000000196e-02
9.889845999999999360e-02
1.327874400000000066e-01
1.235394600000000037e-01
1.079853100000000010e-01
1.173602900000000060e-01
8.991725999999999885e-02
7.479283000000000459e-02
7.964264999999999539e-02
8.380948000000000564e-02
8.137318999999999802e-02
7.094151999999999403e-02
7.333183000000000062e-02
7.219686000000000159e-02
7.387741999999999920e-02
6.831611999999999407e-02
6.739438000000000373e-02
7.236739000000000366e-02
7.412093000000000154e-02
8.511567999999999912e-02
7.590476999999999641e-02
6.895405000000000284e-02
7.149426999999999865e-02
7.035866000000000342e-02
7.372924999999999618e-02
8.335083999999999549e-02
9.945130000000000636e-02
9.273531000000000135e-02
7.506282000000000232e-02
6.572232000000000074e-02
6.579303000000000234e-02
5.719037999999999899e-02
