5.691254999999999925e-02
7.149057999999999802e-02
7.579307999999999879e-02
1.080021500000000051e-01
1.272847099999999954e-01
1.506792200000000026e-01
1.860036399999999979e-01
2.607049900000000253e-01
2.776708600000000193e-01
2.996739400000000275e-01
3.169811699999999788e-01
2.277583300000000088e-01
1.886037000000000130e-01
1.397245199999999909e-01
8.764850000000000418e-02
7.698080999999999674e-02
7.660569000000000406e-02
7.141382000000000285e-02
7.337594000000000061e-02
7.992733999999999950e-02
8.888276000000000510e-02
1.089121400000000045e-01
1.152206199999999958e-01
8.972502000000000255e-02
9.674285000000000523e-02
9.004752000000000589e-02
8.029986000000000068e-02
7.186412000000000355e-02
7.440937000000000245e-02
7.055403999999999842e-02
6.872253000000000389e-02
6.686532000000000586e-02
6.833646000000000165e-02
7.071890000000000120e-02
6.901715999999999407e-02
6.797043999999999309e-02
7.076206000000000162e-02
7.394003000000000381e-02
7.209459000000000006e-02
6.574191999999999536e-02
6.475082000000000060e-02
6.476851999999999610e-02
8.897663999999999573e-02
8.716922000000000559e-02
7.836711000000000371e-02
6.953365999999999714e-02
6.904377000000000431e-02
7.253882000000000385e-02
8.081944000000000627e-02
1.014594300000000032e-01
9.431409999999999794e-02
8.858842999999999579e-02
6.693984999999999519e-02
7.288513000000000630e-02
9.213309999999999556e-02
1.162608100000000061e-01
1.141808400000000057e-01
7.164689999999999948e-02
6.904267000000000043e-02
7.358576000000000006e-02
7.725408999999999748e-02
6.721285999999999927e-02
1.055273899999999987e-01
6.207893999999999912e-02
