5.121499000000000190e-02
9.151676000000000255e-02
1.683506100000000116e-01
2.173516600000000021e-01
2.690781700000000054e-01
2.528704399999999741e-01
2.643320900000000195e-01
2.113428300000000093e-01
1.788519000000000081e-01
1.560813799999999918e-01
1.360717100000000124e-01
1.101300499999999932e-01
9.385516000000000691e-02
7.945747999999999700e-02
7.215710999999999653e-02
8.402012999999999843e-02
7.855908999999999809e-02
8.982706999999999498e-02
9.958002999999999993e-02
9.447811999999999877e-02
1.039785500000000029e-01
1.045463199999999981e-01
9.208020999999999567e-02
8.062257999999999925e-02
8.089248000000000272e-02
7.936998000000000664e-02
7.600766000000000466e-02
7.327301999999999427e-02
7.523032000000000330e-02
7.890094999999999748e-02
6.972704999999999875e-02
6.685357999999999579e-02
6.635481999999999492e-02
6.685670999999999975e-02
6.737469999999999570e-02
6.907230000000000314e-02
7.354802000000000561e-02
7.566459000000000379e-02
7.461813000000000473e-02
7.467134000000000271e-02
7.193127000000000548e-02
7.348952000000000262e-02
7.435045999999999322e-02
7.077218999999999871e-02
7.260289000000000326e-02
8.008656999999999582e-02
8.446296999999999833e-02
8.021285000000000220e-02
7.361802000000000623e-02
7.745776000000000050e-02
6.834427999999999337e-02
6.968472000000000555e-02
7.492682999999999982e-02
8.349196999999999869e-02
9.086434999999999651e-02
8.139897999999999578e-02
7.244655999999999318e-02
7.519417999999999935e-02
8.893373000000000250e-02
7.785986999999999769e-02
8.361454999999999582e-02
7.384602999999999307e-02
7.443487000000000020e-02
6.188959000000000127e-02
