5.342791999999999680e-02
6.945329000000000086e-02
7.810962000000000460e-02
8.151071999999999484e-02
8.206868000000000496e-02
9.108689000000000369e-02
7.740597000000000449e-02
8.277302000000000270e-02
9.004144999999999510e-02
1.031391100000000061e-01
1.037374999999999964e-01
8.640976000000000212e-02
7.200626000000000249e-02
7.011931000000000413e-02
8.140194000000000596e-02
1.232858599999999971e-01
1.449215399999999876e-01
1.602551500000000129e-01
1.784287400000000023e-01
2.073441299999999876e-01
1.948559300000000105e-01
1.623025499999999899e-01
1.256129599999999957e-01
1.040385399999999988e-01
7.726252000000000120e-02
6.802002000000000048e-02
6.867607000000000572e-02
6.832507000000000164e-02
6.744353000000000153e-02
8.351791000000000076e-02
8.548941000000000179e-02
9.203380999999999368e-02
1.033673700000000001e-01
1.014008799999999988e-01
9.479276000000000368e-02
7.834676000000000140e-02
6.954705999999999388e-02
7.379565999999999903e-02
7.552169000000000243e-02
7.517677999999999860e-02
7.257932999999999746e-02
7.209488999999999481e-02
7.476605000000000056e-02
7.521801000000000181e-02
6.874286999999999759e-02
6.663497000000000170e-02
6.789140000000000452e-02
6.827205000000000079e-02
6.738336000000000325e-02
6.820059000000000538e-02
7.345765999999999407e-02
7.475568000000000490e-02
7.443302000000000251e-02
7.242184999999999595e-02
7.514600000000000446e-02
7.288687000000000638e-02
7.068135999999999863e-02
6.976739999999999331e-02
6.798036999999999830e-02
6.682499999999999551e-02
7.052758000000000638e-02
7.372225999999999779e-02
6.655745999999999885e-02
5.401038999999999840e-02
