5.370624999999999705e-02
6.608245999999999565e-02
6.808703000000000671e-02
6.793879999999999364e-02
6.402563999999999478e-02
6.547640999999999878e-02
6.335607999999999518e-02
6.381059000000000037e-02
6.436840000000000617e-02
6.809192999999999496e-02
6.794556000000000207e-02
6.639394999999999325e-02
6.590770999999999435e-02
6.675567000000000306e-02
6.849033000000000204e-02
6.888542000000000276e-02
7.081184999999999563e-02
6.443103999999999498e-02
6.409821000000000268e-02
6.403014999999999401e-02
6.635868999999999795e-02
6.640471000000000568e-02
6.656425000000000536e-02
6.498813999999999980e-02
6.691982999999999959e-02
7.122963000000000211e-02
7.242746999999999380e-02
7.113054000000000598e-02
6.796778000000000541e-02
6.522740000000000482e-02
6.431831999999999827e-02
6.862363000000000490e-02
6.878212999999999688e-02
7.092901000000000067e-02
7.404579999999999496e-02
7.731467000000000200e-02
7.262129000000000500e-02
7.756620999999999655e-02
7.932954999999999868e-02
7.033762999999999821e-02
6.560694000000000248e-02
6.740746000000000238e-02
8.489225000000000243e-02
1.029905599999999949e-01
1.151614799999999966e-01
1.365433000000000063e-01
1.353838599999999948e-01
1.353443599999999969e-01
1.238864999999999966e-01
9.311725999999999337e-02
9.013085999999999320e-02
8.434705000000000674e-02
7.108693000000000650e-02
6.945424000000000042e-02
6.659097999999999407e-02
6.959152999999999867e-02
7.199614999999999487e-02
7.148970999999999798e-02
7.389805000000000679e-02
7.656594999999999374e-02
8.628291999999999906e-02
8.304583000000000104e-02
6.848029999999999395e-02
5.433037000000000283e-02
