6.885230000000000516e-02
1.218973799999999996e-01
9.106190999999999591e-02
7.576665999999999956e-02
7.604294000000000331e-02
7.955321999999999394e-02
8.421879000000000171e-02
7.758233000000000490e-02
9.420164000000000315e-02
1.213753699999999963e-01
1.084145599999999932e-01
1.376721700000000104e-01
1.563900000000000012e-01
1.230105300000000068e-01
1.298289699999999880e-01
9.075632000000000144e-02
7.162219999999999698e-02
7.441746000000000472e-02
1.168255299999999969e-01
2.162049400000000121e-01
2.779810999999999810e-01
3.499863999999999753e-01
3.608118300000000001e-01
2.836967699999999870e-01
2.401732699999999943e-01
1.750264199999999881e-01
1.244431099999999957e-01
9.119707000000000507e-02
7.509356999999999838e-02
7.647447000000000272e-02
7.415222999999999953e-02
9.318484000000000489e-02
1.098662100000000058e-01
1.260720200000000069e-01
1.537091299999999994e-01
1.208637399999999973e-01
1.233807199999999993e-01
1.056790600000000052e-01
9.043455000000000243e-02
8.159085000000000643e-02
9.381393000000000371e-02
9.435941999999999941e-02
8.938474999999999893e-02
7.609907999999999950e-02
6.955388999999999322e-02
7.464152000000000287e-02
8.012585999999999320e-02
7.043942000000000259e-02
6.890359999999999541e-02
7.100088000000000232e-02
8.166028999999999649e-02
8.677232999999999474e-02
7.212224999999999886e-02
6.886335000000000373e-02
7.373119999999999674e-02
7.910720000000000252e-02
8.432470000000000243e-02
8.757529000000000008e-02
1.013022999999999979e-01
9.169457999999999775e-02
7.197876999999999748e-02
7.046320999999999835e-02
7.090580999999999967e-02
5.755334000000000144e-02
