7.089415999999999773e-02
1.202778099999999989e-01
1.446010799999999930e-01
1.552276200000000106e-01
1.369986099999999929e-01
7.883376000000000272e-02
7.333760999999999752e-02
6.869482000000000366e-02
8.864901999999999505e-02
1.091244100000000050e-01
9.891666000000000347e-02
8.704174000000000633e-02
1.093287200000000042e-01
1.192615100000000011e-01
1.946423599999999865e-01
1.472233099999999961e-01
1.490035500000000124e-01
1.269612200000000135e-01
7.478903000000000634e-02
8.216516999999999571e-02
1.370448300000000064e-01
3.191226099999999732e-01
3.685571300000000106e-01
3.560262299999999991e-01
3.525554200000000082e-01
3.577311000000000241e-01
2.904940500000000037e-01
1.807333799999999990e-01
1.280332200000000031e-01
7.552427999999999919e-02
7.849826999999999499e-02
7.980869999999999631e-02
7.760092999999999852e-02
9.435900999999999317e-02
1.202348699999999937e-01
1.372143200000000007e-01
1.358358600000000027e-01
1.765102299999999902e-01
1.448555099999999929e-01
9.486081000000000374e-02
8.316611000000000142e-02
8.327632000000000090e-02
7.940166999999999364e-02
7.699815000000000131e-02
9.054785999999999391e-02
9.347078999999999804e-02
7.533024000000000664e-02
8.004567999999999406e-02
7.862771000000000343e-02
7.209799999999999542e-02
7.831327999999999900e-02
8.619965000000000266e-02
7.483304000000000344e-02
7.806042000000000536e-02
7.826792000000000471e-02
7.124664999999999471e-02
6.987694999999999323e-02
8.312327999999999384e-02
1.154316299999999934e-01
1.103244599999999992e-01
8.658670999999999729e-02
7.683357000000000381e-02
6.904957999999999929e-02
5.798360999999999793e-02
