5.946130000000000165e-02
7.868804000000000076e-02
7.635110000000000507e-02
7.629679999999999795e-02
7.408929999999999683e-02
8.460109000000000379e-02
8.702392999999999934e-02
1.007265100000000052e-01
8.386686000000000141e-02
8.838163000000000269e-02
7.456562999999999386e-02
7.348477999999999954e-02
7.052585999999999578e-02
7.441578999999999555e-02
8.736721000000000070e-02
1.035228100000000068e-01
8.934458000000000677e-02
7.789297000000000581e-02
8.262548999999999588e-02
1.113177800000000051e-01
1.451806300000000050e-01
1.015687400000000046e-01
9.212420999999999804e-02
7.327416999999999958e-02
8.861797000000000424e-02
1.430243300000000051e-01
1.866155100000000122e-01
3.310557299999999925e-01
3.235866099999999967e-01
3.019855900000000259e-01
2.874752899999999944e-01
1.816282899999999978e-01
2.163686900000000024e-01
1.307633699999999899e-01
8.819496000000000280e-02
6.911465999999999443e-02
9.704873999999999445e-02
9.173736000000000390e-02
1.202138700000000004e-01
1.088033800000000051e-01
1.701714099999999952e-01
9.835446999999999940e-02
1.676352000000000120e-01
1.153210399999999997e-01
1.068204799999999954e-01
8.534274999999999500e-02
7.605670999999999959e-02
7.396233000000000668e-02
7.715476999999999752e-02
8.896788999999999392e-02
8.477416000000000118e-02
8.055629000000000262e-02
7.784037000000000595e-02
8.022179000000000115e-02
6.794690999999999925e-02
7.241351999999999511e-02
8.297034000000000353e-02
8.399524999999999353e-02
7.551998000000000044e-02
7.426125000000000087e-02
9.016132999999999786e-02
7.656097000000000596e-02
6.752155999999999436e-02
5.861841999999999747e-02
