5.623724000000000084e-02
6.857826999999999673e-02
6.756004999999999650e-02
6.616147000000000000e-02
6.724945000000000228e-02
6.603117999999999488e-02
6.698843000000000159e-02
6.468335999999999530e-02
6.668657999999999531e-02
6.518074000000000090e-02
6.724808000000000174e-02
6.381953999999999405e-02
6.469576999999999967e-02
6.966092000000000117e-02
7.241377999999999704e-02
6.673722999999999461e-02
6.626906000000000463e-02
6.534379999999999356e-02
6.508163999999999616e-02
6.763344000000000300e-02
6.604403000000000357e-02
6.612128999999999923e-02
6.630750000000000532e-02
6.375248999999999500e-02
6.609439000000000286e-02
6.674025000000000096e-02
6.572591999999999324e-02
6.634660000000000557e-02
6.476355999999999780e-02
6.856080000000000507e-02
6.954887999999999348e-02
6.543092999999999826e-02
6.622308000000000361e-02
6.408803999999999890e-02
6.457171999999999912e-02
6.610196000000000127e-02
6.651848999999999956e-02
6.605732000000000270e-02
6.910826000000000469e-02
6.775712000000000401e-02
7.048767999999999700e-02
7.275326999999999489e-02
7.112230999999999415e-02
6.890950999999999327e-02
7.127522999999999498e-02
7.355541000000000162e-02
7.718481000000000647e-02
8.006135000000000335e-02
7.938438999999999912e-02
8.762551000000000367e-02
9.399201999999999557e-02
9.599201000000000261e-02
9.532453999999999927e-02
8.823702999999999408e-02
7.914401999999999548e-02
7.492772000000000321e-02
6.853499000000000396e-02
6.622643000000000280e-02
6.604619000000000462e-02
6.550168000000000657e-02
6.627288000000000623e-02
6.672664999999999846e-02
7.416870000000000407e-02
5.327058999999999961e-02
