5.372205000000000036e-02
8.521671000000000107e-02
8.890138999999999680e-02
1.031021800000000016e-01
9.291950000000000209e-02
7.749021999999999855e-02
7.280029000000000361e-02
6.587357000000000629e-02
7.195582000000000367e-02
6.730018999999999585e-02
7.072857999999999923e-02
7.340267000000000319e-02
7.354412999999999923e-02
9.460712999999999762e-02
1.242135500000000059e-01
1.356672600000000117e-01
1.455845400000000123e-01
1.087897500000000045e-01
1.029398400000000047e-01
7.125452999999999648e-02
7.813575000000000381e-02
1.088284000000000057e-01
1.722746199999999894e-01
1.942746200000000090e-01
2.355656600000000100e-01
3.055571300000000101e-01
3.291231700000000204e-01
2.742184100000000235e-01
2.607590900000000267e-01
1.300855300000000048e-01
8.840183000000000069e-02
7.021782999999999497e-02
7.027767999999999515e-02
8.370486000000000593e-02
9.844303000000000081e-02
1.131702400000000053e-01
1.318423400000000023e-01
1.742523599999999950e-01
1.774775700000000012e-01
1.218129899999999960e-01
9.810024000000000521e-02
8.750507000000000424e-02
7.158625999999999878e-02
7.391517999999999700e-02
8.536905999999999661e-02
9.204689000000000620e-02
7.226936999999999944e-02
8.311952999999999703e-02
8.091966000000000436e-02
7.524516000000000537e-02
7.149648999999999588e-02
6.995244000000000462e-02
6.782620000000000315e-02
7.024073999999999596e-02
8.380097000000000240e-02
8.190930999999999906e-02
7.172736999999999863e-02
7.273060000000000636e-02
7.032394999999999619e-02
7.152321999999999846e-02
7.420498000000000371e-02
8.078713999999999340e-02
8.330247999999999819e-02
5.672180999999999751e-02
