5.829155999999999921e-02
7.471737999999999991e-02
6.815266000000000379e-02
7.131553000000000198e-02
7.432445000000000024e-02
7.260521999999999809e-02
6.441283999999999899e-02
6.425567999999999558e-02
6.762400000000000355e-02
8.015592000000000550e-02
7.779387000000000107e-02
9.030709000000000652e-02
7.641096999999999473e-02
6.747390000000000332e-02
7.603612999999999345e-02
8.403650999999999482e-02
8.566988000000000381e-02
7.531416000000000499e-02
6.835288000000000475e-02
6.758250999999999842e-02
7.635543999999999665e-02
1.002262200000000048e-01
1.238823200000000041e-01
8.190648000000000373e-02
6.819311000000000123e-02
7.385392000000000345e-02
9.148802999999999797e-02
8.947707000000000577e-02
8.880514000000000463e-02
6.994403000000000425e-02
6.857966999999999536e-02
7.213413999999999937e-02
7.899214000000000235e-02
9.448278000000000232e-02
7.712539999999999674e-02
6.933161000000000185e-02
8.309453999999999452e-02
1.201633399999999935e-01
9.689641999999999700e-02
8.289391999999999594e-02
7.303800000000000570e-02
6.837409999999999322e-02
7.873122999999999927e-02
9.316771000000000080e-02
1.135782899999999984e-01
1.197654300000000060e-01
1.164509199999999994e-01
1.211731399999999986e-01
1.038067899999999960e-01
1.323123999999999967e-01
1.059568699999999947e-01
1.023701699999999964e-01
7.854316000000000075e-02
8.077858999999999734e-02
1.362930400000000042e-01
1.930670999999999915e-01
2.624034599999999773e-01
3.454455399999999954e-01
4.050522100000000236e-01
3.945940700000000190e-01
3.788287300000000024e-01
4.032126999999999795e-01
2.983889000000000125e-01
6.436113999999999724e-02
