5.706988000000000338e-02
7.336492999999999487e-02
6.850512000000000268e-02
7.410100999999999494e-02
1.158423600000000053e-01
1.193800200000000034e-01
9.144442999999999322e-02
1.127989100000000022e-01
1.321474900000000063e-01
1.615438299999999994e-01
2.069949799999999951e-01
2.009512800000000099e-01
1.118514500000000050e-01
9.571048000000000056e-02
7.375566999999999540e-02
1.066226599999999941e-01
1.814554499999999904e-01
2.201033199999999912e-01
3.156907299999999750e-01
4.032648500000000080e-01
4.398205000000000031e-01
3.892467600000000250e-01
2.803101499999999802e-01
2.117435199999999906e-01
1.066562999999999956e-01
7.818962999999999608e-02
6.902371000000000201e-02
7.448578999999999617e-02
8.831833000000000045e-02
1.108599499999999988e-01
1.039421400000000023e-01
1.134900199999999970e-01
1.300003499999999867e-01
1.221864399999999934e-01
1.130235400000000057e-01
7.602636000000000116e-02
7.343822999999999324e-02
7.886941999999999564e-02
8.146644999999999581e-02
8.447087000000000345e-02
7.855359000000000647e-02
7.263445000000000318e-02
7.981183000000000027e-02
7.555470999999999715e-02
6.863616999999999635e-02
7.175252999999999493e-02
7.015923000000000298e-02
7.097080000000000055e-02
6.505943000000000143e-02
6.635818000000000272e-02
6.839928000000000674e-02
7.388226000000000515e-02
7.746730999999999756e-02
7.680968000000000517e-02
7.631962000000000468e-02
7.511194999999999677e-02
7.014204000000000272e-02
6.938484000000000318e-02
6.853328999999999671e-02
6.759885000000000199e-02
7.458154999999999646e-02
7.847292000000000156e-02
8.156554000000000582e-02
5.628448999999999952e-02
