5.242226999999999998e-02
6.784057999999999755e-02
6.945205999999999602e-02
7.564487999999999768e-02
8.549824999999999786e-02
1.032308599999999937e-01
8.201930999999999805e-02
1.136777399999999993e-01
1.307777599999999929e-01
1.638216799999999973e-01
1.972712100000000024e-01
1.535385999999999973e-01
8.606020000000000336e-02
7.186676000000000175e-02
7.117057000000000244e-02
1.115350100000000039e-01
2.117142700000000100e-01
2.314966800000000102e-01
3.653204400000000240e-01
4.004152100000000214e-01
4.219911100000000026e-01
3.818004099999999790e-01
2.906589500000000270e-01
1.759191900000000031e-01
1.187090699999999999e-01
7.648512000000000366e-02
7.822519999999999474e-02
7.893047000000000257e-02
9.103361000000000092e-02
1.529467700000000097e-01
1.721821600000000008e-01
1.502896800000000088e-01
1.992173000000000138e-01
1.842637099999999972e-01
1.532335300000000067e-01
8.894676999999999445e-02
7.324345000000000161e-02
7.877560999999999591e-02
8.960909000000000235e-02
9.936464000000000407e-02
9.745360000000000134e-02
9.120619000000000642e-02
8.805100999999999900e-02
8.889197999999999544e-02
7.200346999999999997e-02
7.445847999999999356e-02
7.214391000000000553e-02
7.473064000000000096e-02
6.812770999999999411e-02
7.177917999999999799e-02
7.787476999999999594e-02
9.295079000000000535e-02
9.305955999999999950e-02
9.939288000000000289e-02
9.121424000000000198e-02
8.814436999999999967e-02
8.162727000000000177e-02
7.693534999999999957e-02
7.182168999999999359e-02
7.677191999999999350e-02
8.476595000000000657e-02
9.803870000000000640e-02
1.003591800000000062e-01
6.266467000000000565e-02
