6.025268000000000290e-02
8.281557000000000501e-02
6.429181000000000479e-02
7.146239999999999537e-02
6.821388999999999925e-02
7.226955000000000184e-02
7.187454000000000065e-02
7.298902000000000168e-02
6.819883000000000195e-02
7.072380999999999807e-02
7.511993999999999616e-02
9.083275000000000376e-02
1.032597299999999940e-01
1.039007700000000034e-01
1.075821299999999980e-01
8.090643000000000140e-02
7.692111999999999561e-02
7.755856999999999335e-02
8.188107000000000024e-02
7.921485000000000332e-02
8.043506999999999740e-02
9.309240000000000570e-02
9.368706999999999729e-02
1.137313800000000069e-01
1.098704699999999979e-01
1.073226199999999936e-01
8.143380000000000063e-02
7.879759999999999542e-02
1.187646400000000046e-01
1.773770299999999911e-01
2.106156600000000101e-01
2.595263400000000220e-01
2.445867999999999931e-01
2.725684299999999727e-01
1.690049899999999938e-01
1.201097599999999960e-01
9.694381999999999999e-02
8.729966999999999588e-02
8.055772999999999406e-02
7.987666000000000210e-02
8.002713999999999661e-02
1.082420699999999958e-01
1.274369700000000105e-01
1.313522900000000104e-01
1.363805700000000065e-01
1.122723000000000054e-01
1.038368300000000050e-01
1.158939199999999975e-01
9.318112000000000616e-02
7.650505000000000499e-02
7.961058000000000023e-02
7.992855000000000099e-02
8.511037000000000463e-02
7.767604000000000175e-02
9.573300999999999339e-02
1.009402300000000058e-01
8.445679000000000380e-02
7.611324999999999341e-02
7.257057999999999565e-02
8.273861999999999883e-02
8.987865999999999911e-02
8.074161000000000532e-02
8.165646000000000015e-02
5.835024999999999934e-02
