7.419496999999999898e-02
1.205038799999999938e-01
1.193998799999999999e-01
1.205504500000000034e-01
1.286639400000000044e-01
1.448872700000000124e-01
1.428602800000000062e-01
1.139427300000000060e-01
1.027031500000000069e-01
9.106213999999999975e-02
8.333715999999999346e-02
7.727335000000000453e-02
7.208124999999999949e-02
6.706143000000000520e-02
6.703359999999999874e-02
7.573040000000000327e-02
8.264354999999999618e-02
8.414125000000000076e-02
8.670447000000000570e-02
7.913908000000000054e-02
8.208063999999999638e-02
8.062896999999999426e-02
7.329433000000000475e-02
6.930455000000000643e-02
7.063637999999999861e-02
7.293402000000000218e-02
6.943388000000000337e-02
6.790385999999999644e-02
7.530288000000000259e-02
8.741485999999999701e-02
6.769264999999999310e-02
6.753939000000000470e-02
7.038463999999999832e-02
6.657504999999999673e-02
6.569571999999999912e-02
6.908699999999999564e-02
6.727616999999999625e-02
6.666695000000000260e-02
7.003858999999999779e-02
7.932817000000000340e-02
7.004248000000000418e-02
7.613976000000000077e-02
6.845848000000000211e-02
6.847796999999999912e-02
7.156714000000000131e-02
7.680554000000000547e-02
7.597869000000000150e-02
6.980326000000000586e-02
6.492419000000000662e-02
6.420826999999999785e-02
6.952224999999999377e-02
8.140593000000000135e-02
8.994315999999999423e-02
9.324746999999999897e-02
8.452611000000000152e-02
7.502828999999999748e-02
6.904029000000000416e-02
9.130937999999999555e-02
8.569006999999999319e-02
8.103828999999999894e-02
7.819758000000000264e-02
6.763948999999999656e-02
6.854045000000000276e-02
6.429555000000000686e-02
