8.047902999999999307e-02
1.567827900000000052e-01
1.625637000000000054e-01
1.519583899999999987e-01
1.449969299999999961e-01
1.501498699999999908e-01
1.276497500000000063e-01
1.049184400000000017e-01
8.087821000000000593e-02
7.823795000000000055e-02
7.330106999999999595e-02
6.379474999999999729e-02
6.628494000000000053e-02
6.424209000000000169e-02
6.683603000000000460e-02
7.069635000000000502e-02
7.714830999999999772e-02
8.080302000000000318e-02
8.312759999999999594e-02
7.948450999999999433e-02
8.592819000000000151e-02
9.266950999999999661e-02
8.065015000000000378e-02
7.174339999999999884e-02
6.721882999999999331e-02
7.307900000000000507e-02
6.745312000000000530e-02
7.534166000000000474e-02
7.033130999999999411e-02
8.500273999999999330e-02
7.196036000000000099e-02
6.622983999999999816e-02
7.040322000000000247e-02
6.791629999999999889e-02
6.893509000000000442e-02
7.321284000000000125e-02
6.836928000000000449e-02
7.303771000000000568e-02
8.979508999999999408e-02
1.052991100000000013e-01
8.026658999999999877e-02
9.059788000000000563e-02
7.383902000000000521e-02
8.268838000000000577e-02
1.043401999999999941e-01
1.162704999999999989e-01
9.586369000000000140e-02
7.687586000000000419e-02
6.948113000000000206e-02
7.043662000000000534e-02
7.165161999999999920e-02
8.951876000000000277e-02
9.456296999999999620e-02
8.005837999999999843e-02
8.528689000000000409e-02
7.937695999999999641e-02
7.945502000000000120e-02
9.756724999999999426e-02
1.001844300000000049e-01
7.910764000000000684e-02
7.470901000000000625e-02
6.900707000000000368e-02
6.547583999999999349e-02
6.703117000000000103e-02
