5.611759000000000192e-02
7.014829999999999677e-02
8.142352999999999397e-02
9.269017999999999702e-02
8.870506000000000224e-02
9.053297999999999901e-02
7.028197999999999390e-02
6.514599999999999558e-02
6.947966999999999338e-02
8.804890999999999412e-02
1.049073400000000017e-01
7.173738999999999810e-02
7.305175999999999337e-02
8.254464000000000246e-02
9.628211999999999882e-02
1.073957600000000068e-01
9.565464999999999385e-02
8.961049999999999571e-02
6.869321000000000454e-02
7.575969000000000453e-02
7.869640999999999442e-02
8.446671000000000040e-02
1.056331499999999951e-01
1.057472299999999976e-01
8.524898000000000198e-02
9.958703000000000694e-02
1.192342900000000067e-01
1.273892500000000094e-01
1.009063899999999986e-01
7.216743000000000463e-02
7.776785999999999421e-02
1.167599599999999960e-01
1.702911699999999917e-01
2.407292000000000043e-01
2.307639400000000007e-01
2.707201200000000085e-01
3.277605199999999996e-01
2.829562700000000097e-01
1.862563200000000030e-01
1.186006099999999952e-01
8.503813000000000344e-02
6.989528000000000407e-02
7.818711999999999884e-02
8.694976000000000094e-02
9.520109999999999684e-02
1.303795299999999935e-01
1.501493899999999937e-01
1.678009199999999923e-01
1.138458799999999965e-01
1.092068199999999961e-01
9.687323000000000461e-02
1.021729700000000018e-01
8.253162999999999472e-02
8.983923000000000603e-02
9.553095000000000336e-02
8.705461999999999922e-02
8.445597000000000520e-02
9.809110999999999525e-02
1.061875999999999931e-01
8.407937000000000050e-02
8.701093999999999495e-02
8.873971999999999416e-02
7.318652999999999964e-02
5.926760999999999835e-02
