6.478622000000000547e-02
9.504358000000000251e-02
8.459985000000000421e-02
7.912352000000000274e-02
7.652452999999999339e-02
7.632896000000000125e-02
6.780276999999999832e-02
7.236718000000000317e-02
7.397626000000000202e-02
8.275314000000000281e-02
8.121681999999999513e-02
7.762191000000000229e-02
8.324632999999999339e-02
8.640783000000000491e-02
1.013712999999999975e-01
8.946708000000000438e-02
7.666151999999999689e-02
7.330124000000000362e-02
7.905228000000000255e-02
1.069779700000000056e-01
1.497392800000000024e-01
2.168987699999999907e-01
2.225487100000000107e-01
2.183860699999999877e-01
2.006900899999999877e-01
1.849778400000000045e-01
1.394669299999999890e-01
9.755097000000000074e-02
7.961237000000000175e-02
6.795879999999999976e-02
7.020880999999999650e-02
7.567232999999999599e-02
7.405230000000000146e-02
9.025474999999999470e-02
1.098586299999999988e-01
9.663831000000000504e-02
9.702497999999999678e-02
1.109438199999999985e-01
8.830728999999999662e-02
7.277506000000000252e-02
7.206877000000000422e-02
6.890008000000000243e-02
7.889852999999999450e-02
6.601969000000000587e-02
6.942755000000000454e-02
6.891158999999999479e-02
6.685360999999999387e-02
6.681739000000000428e-02
6.713057000000000052e-02
6.510309000000000235e-02
7.199199000000000570e-02
7.222849000000000630e-02
6.733667999999999598e-02
6.909568000000000654e-02
6.816874000000000544e-02
6.691059000000000589e-02
6.753673999999999789e-02
7.449190999999999452e-02
8.147110999999999936e-02
8.138604000000000671e-02
7.668532999999999600e-02
6.723986999999999326e-02
6.794319999999999526e-02
5.551066999999999807e-02
