7.359482000000000523e-02
1.074940699999999971e-01
8.222569999999999879e-02
8.721977000000000202e-02
8.011060999999999876e-02
7.150326999999999378e-02
6.546037000000000383e-02
7.086069999999999869e-02
8.129695000000000671e-02
9.083837999999999635e-02
9.033657999999999966e-02
7.792000000000000315e-02
7.294058000000000486e-02
8.533380999999999605e-02
9.409931000000000545e-02
7.682065999999999895e-02
9.229281000000000290e-02
8.745914999999999939e-02
7.666082999999999925e-02
7.682039000000000228e-02
7.933819000000000288e-02
1.052684900000000062e-01
9.568688000000000193e-02
7.872282999999999364e-02
8.514591999999999994e-02
7.483542999999999445e-02
9.576574999999999671e-02
1.192552699999999966e-01
1.145606200000000019e-01
1.062740499999999949e-01
1.327690199999999876e-01
1.173420700000000066e-01
1.289909200000000089e-01
1.117281400000000036e-01
9.747683000000000042e-02
8.062898000000000287e-02
9.980833999999999540e-02
1.094139900000000026e-01
1.293223599999999973e-01
9.023377000000000481e-02
9.913576999999999806e-02
1.200973600000000002e-01
1.368119899999999944e-01
1.413238900000000076e-01
1.131124299999999999e-01
8.605622999999999745e-02
8.204984999999999362e-02
9.636432000000000331e-02
1.306042400000000103e-01
2.214848100000000042e-01
2.724365300000000101e-01
2.807082200000000083e-01
2.529479000000000033e-01
2.487899500000000097e-01
1.853225199999999906e-01
1.324212700000000076e-01
1.060227799999999970e-01
9.270715999999999679e-02
8.093909000000000520e-02
6.941036000000000428e-02
6.642821999999999616e-02
6.921014999999999806e-02
7.335535999999999446e-02
5.585489999999999899e-02
