5.518391999999999742e-02
6.692876999999999854e-02
8.348252999999999924e-02
7.866104999999999625e-02
7.020041999999999949e-02
7.265931000000000473e-02
6.622735000000000427e-02
7.479610000000000425e-02
8.509936999999999363e-02
1.043031299999999939e-01
9.689340999999999926e-02
1.139988599999999935e-01
8.826214999999999755e-02
8.060188000000000075e-02
8.945899999999999685e-02
7.510350999999999833e-02
1.352840800000000010e-01
1.079274199999999961e-01
1.104791900000000049e-01
1.134136599999999995e-01
1.272987600000000108e-01
1.482617599999999924e-01
1.252176600000000084e-01
1.107251900000000011e-01
8.277856000000000103e-02
7.554368000000000194e-02
1.265220200000000128e-01
2.423922699999999930e-01
3.761615200000000270e-01
4.579662999999999928e-01
4.998669299999999871e-01
5.142940900000000370e-01
4.751078499999999982e-01
3.665796499999999791e-01
2.346210200000000135e-01
1.655124299999999882e-01
1.147295799999999977e-01
7.013600000000000390e-02
7.603192999999999757e-02
9.175914999999999766e-02
9.259520000000000250e-02
1.239479099999999945e-01
1.820064299999999968e-01
1.703114799999999873e-01
1.713998899999999992e-01
1.354331500000000021e-01
8.978737000000000523e-02
9.010917999999999706e-02
8.813962000000000185e-02
8.872702999999999840e-02
9.661820999999999604e-02
9.209675000000000500e-02
8.693449000000000315e-02
9.331079999999999930e-02
9.052446000000000104e-02
1.022672699999999935e-01
1.119851999999999931e-01
9.129917999999999367e-02
8.655482000000000453e-02
8.226256999999999320e-02
8.902203000000000199e-02
7.556878000000000206e-02
9.915609999999999702e-02
5.976595999999999992e-02
