6.650407999999999320e-02
1.057674100000000061e-01
1.386828300000000069e-01
1.143774699999999950e-01
1.210853199999999963e-01
1.409593700000000005e-01
1.041121400000000058e-01
6.810673000000000421e-02
8.360075000000000145e-02
1.111629499999999965e-01
1.247111800000000048e-01
1.488858600000000088e-01
2.223930799999999930e-01
2.308009599999999995e-01
1.791849000000000081e-01
1.743928600000000106e-01
1.726472400000000074e-01
1.443905099999999997e-01
1.112326399999999937e-01
7.421624999999999750e-02
7.351823000000000385e-02
6.834859000000000073e-02
7.427625999999999673e-02
9.044214000000000420e-02
1.185357499999999953e-01
1.266531100000000132e-01
1.718130099999999882e-01
1.487872299999999925e-01
1.516641800000000095e-01
1.232380000000000003e-01
9.711511999999999922e-02
9.669883999999999424e-02
8.174446000000000490e-02
1.095593299999999964e-01
9.164875000000000105e-02
1.013049000000000033e-01
9.965177999999999536e-02
7.646991000000000205e-02
7.451842999999999662e-02
7.243840999999999475e-02
7.198675000000000213e-02
6.779799999999999716e-02
7.054844999999999866e-02
6.855313000000000379e-02
7.043679999999999386e-02
6.385024000000000255e-02
6.793380999999999725e-02
7.718888999999999612e-02
7.526660999999999768e-02
7.661961999999999939e-02
8.216650000000000342e-02
6.889069999999999916e-02
6.581504999999999994e-02
7.120042000000000038e-02
8.219334999999999836e-02
8.434545000000000237e-02
8.896313999999999611e-02
8.034721999999999698e-02
6.991079000000000043e-02
7.249055999999999556e-02
7.652570000000000205e-02
7.021015999999999369e-02
8.561330999999999802e-02
5.886364999999999653e-02
