6.625683999999999740e-02
1.028180000000000066e-01
7.327923000000000076e-02
7.453983999999999610e-02
1.022159900000000066e-01
1.420265300000000119e-01
2.380532300000000046e-01
3.264176200000000194e-01
3.696704499999999838e-01
3.924266100000000090e-01
3.946007200000000159e-01
3.264868300000000056e-01
2.846997099999999947e-01
2.225605700000000131e-01
1.150855699999999981e-01
9.180792000000000119e-02
8.574798999999999616e-02
7.127427000000000068e-02
7.467121999999999649e-02
8.196053999999999840e-02
9.332558999999999994e-02
9.987131000000000480e-02
1.172038799999999964e-01
1.106144299999999997e-01
1.456146700000000016e-01
1.443161099999999974e-01
1.117215700000000062e-01
8.161371000000000597e-02
9.043879000000000501e-02
8.983924000000000076e-02
8.986196000000000461e-02
8.274628000000000538e-02
7.459736999999999618e-02
7.705167000000000266e-02
8.228009000000000017e-02
7.568982000000000487e-02
7.385118000000000238e-02
8.080566999999999611e-02
8.006003000000000425e-02
7.126870999999999901e-02
6.870495999999999548e-02
7.196004999999999763e-02
7.953957000000000388e-02
8.458024000000000098e-02
8.047580999999999485e-02
7.883370000000000655e-02
7.599989000000000050e-02
6.793061999999999712e-02
6.984229999999999605e-02
9.159736000000000267e-02
9.747939999999999383e-02
9.963758999999999810e-02
7.824443000000000370e-02
6.869859999999999856e-02
6.955429000000000472e-02
8.538352999999999915e-02
9.052201999999999471e-02
7.761463000000000390e-02
8.521560999999999719e-02
7.931892000000000109e-02
6.635890999999999318e-02
7.120516999999999819e-02
7.702199999999999325e-02
5.805350000000000094e-02
