5.277509999999999840e-02
8.374537999999999427e-02
7.736444000000000654e-02
7.681309000000000053e-02
6.542338000000000320e-02
6.799020999999999537e-02
7.232196999999999931e-02
7.447317999999999993e-02
7.515876999999999974e-02
7.860625999999999725e-02
7.997751999999999639e-02
7.185827999999999660e-02
6.574647999999999604e-02
7.659327999999999970e-02
8.423677000000000248e-02
9.029645000000000032e-02
9.795516999999999419e-02
7.093965000000000687e-02
7.534892999999999452e-02
8.033638999999999364e-02
7.223432999999999937e-02
7.057278999999999636e-02
8.241518999999999928e-02
8.507359000000000449e-02
9.982215999999999312e-02
1.110817600000000016e-01
1.214353900000000042e-01
9.620354000000000405e-02
8.546702000000000465e-02
8.036551000000000111e-02
7.567116000000000120e-02
9.771122000000000141e-02
1.700582499999999941e-01
1.645084300000000110e-01
1.397135399999999972e-01
1.614263700000000135e-01
1.992738500000000024e-01
1.623387500000000039e-01
8.646571999999999592e-02
7.189151000000000569e-02
1.052527399999999974e-01
1.946260300000000054e-01
2.455771900000000008e-01
2.428261899999999973e-01
2.674527199999999771e-01
2.646919799999999934e-01
1.801209199999999899e-01
1.914317299999999944e-01
2.396715100000000043e-01
1.385006799999999871e-01
9.518833999999999629e-02
8.396143000000000356e-02
7.056930999999999621e-02
7.160713999999999968e-02
9.181443999999999717e-02
1.368637699999999957e-01
1.145829299999999995e-01
1.025041000000000008e-01
1.243391799999999936e-01
1.476740099999999944e-01
1.390869600000000095e-01
1.184176599999999940e-01
9.414569000000000409e-02
5.849826999999999805e-02
