5.658501999999999976e-02
9.015247999999999318e-02
1.111543499999999990e-01
1.083107999999999987e-01
1.183218699999999957e-01
1.471577299999999866e-01
1.407557899999999917e-01
1.469430200000000075e-01
1.682257199999999953e-01
1.955382200000000126e-01
1.682217599999999980e-01
1.135058300000000020e-01
8.738806000000000351e-02
1.063797900000000018e-01
2.075935499999999878e-01
3.251698299999999930e-01
4.097300500000000123e-01
3.906471400000000038e-01
3.957992200000000071e-01
3.813540599999999947e-01
3.210706700000000025e-01
2.051197899999999963e-01
1.236390500000000003e-01
1.144366899999999937e-01
7.134321999999999886e-02
7.158130000000000048e-02
8.265176000000000467e-02
8.118467000000000044e-02
8.836244000000000043e-02
1.320616900000000093e-01
1.794394400000000056e-01
1.343978899999999921e-01
1.408291299999999968e-01
1.100452700000000006e-01
1.012436599999999992e-01
9.578846000000000582e-02
7.921606000000000480e-02
8.649951999999999641e-02
8.181020999999999432e-02
8.812705999999999318e-02
8.032727000000000617e-02
7.849858999999999309e-02
7.426090999999999942e-02
6.806748999999999439e-02
6.693680000000000463e-02
7.867841999999999891e-02
8.014675000000000271e-02
7.726948999999999623e-02
7.081619000000000108e-02
7.872975000000000112e-02
9.113023000000000651e-02
1.071151399999999976e-01
9.318490000000000106e-02
8.839202999999999644e-02
7.631095000000000239e-02
7.360279999999999601e-02
7.007853999999999473e-02
7.361278999999999739e-02
8.004440000000000166e-02
7.540547000000000222e-02
7.223296999999999357e-02
8.395706000000000002e-02
7.473701000000000649e-02
6.130420999999999787e-02
