5.487498999999999849e-02
6.578080000000000038e-02
6.369626000000000454e-02
6.446598000000000606e-02
6.526041000000000480e-02
6.897016000000000258e-02
6.509349999999999858e-02
6.394766000000000339e-02
6.550235000000000085e-02
6.401571999999999818e-02
6.579395999999999856e-02
6.708907999999999539e-02
7.062593999999999816e-02
7.240161999999999987e-02
6.810800999999999661e-02
6.852121999999999380e-02
6.803467000000000542e-02
6.476643999999999457e-02
6.675366000000000632e-02
6.884263999999999661e-02
6.526255999999999724e-02
6.672685000000000421e-02
6.856871000000000493e-02
6.814837999999999452e-02
7.391068000000000637e-02
7.214829000000000381e-02
6.960069000000000672e-02
7.509438999999999698e-02
7.460954999999999671e-02
8.770814999999999861e-02
7.616399000000000086e-02
6.427549000000000456e-02
6.775717000000000545e-02
7.090662999999999827e-02
7.770141999999999327e-02
8.524389000000000272e-02
8.015796999999999506e-02
7.863594999999999613e-02
8.619311999999999807e-02
9.295127999999999724e-02
1.009448899999999955e-01
8.218208000000000457e-02
7.110249000000000430e-02
6.938956999999999764e-02
8.701498000000000566e-02
1.313947000000000032e-01
1.786442500000000044e-01
1.821535400000000027e-01
1.993580299999999916e-01
1.892318000000000056e-01
1.869411300000000109e-01
1.869888200000000000e-01
1.257131800000000077e-01
1.132144600000000029e-01
8.403362000000000331e-02
7.606754999999999767e-02
7.065852000000000244e-02
6.647134999999999849e-02
7.106463999999999837e-02
7.633260000000000045e-02
7.499915000000000054e-02
7.732044000000000417e-02
8.083851999999999705e-02
5.564245999999999776e-02
