5.304620000000000168e-02
7.547853000000000201e-02
8.238979000000000441e-02
7.515144999999999464e-02
6.587798999999999738e-02
7.161088999999999649e-02
6.931072000000000621e-02
8.038088999999999651e-02
8.932489000000000401e-02
8.778262000000000564e-02
7.996657000000000071e-02
7.561502999999999974e-02
6.675174999999999859e-02
7.023487000000000480e-02
8.374916000000000305e-02
9.388082000000000371e-02
1.019765400000000044e-01
7.902956999999999343e-02
7.460207000000000643e-02
8.995762000000000203e-02
1.089865500000000015e-01
1.028038800000000003e-01
9.503986999999999852e-02
7.728952000000000044e-02
7.283580000000000609e-02
9.681020999999999377e-02
1.617677399999999932e-01
2.230040699999999987e-01
2.504077599999999793e-01
2.645921700000000154e-01
1.924271999999999927e-01
1.995444399999999896e-01
1.860064300000000004e-01
1.551013599999999937e-01
1.077010899999999993e-01
7.596819000000000488e-02
7.153447000000000278e-02
7.171146999999999938e-02
8.795456000000000107e-02
9.281670000000000198e-02
1.219852000000000020e-01
1.100599399999999950e-01
1.214294699999999977e-01
9.578424000000000660e-02
1.109262399999999954e-01
7.863320000000000032e-02
7.332481000000000415e-02
7.098047999999999857e-02
8.026676000000000644e-02
8.044930999999999610e-02
8.176869999999999972e-02
7.591119000000000339e-02
7.202835000000000487e-02
7.802760999999999725e-02
6.639074000000000364e-02
9.118972999999999662e-02
7.292089999999999683e-02
6.976736999999999522e-02
6.842420000000000446e-02
6.904554000000000247e-02
8.340870000000000228e-02
7.503901000000000321e-02
6.735272999999999954e-02
5.723621999999999738e-02
