5.536200000000000149e-02
6.510069999999999746e-02
6.477840999999999461e-02
6.773869999999999891e-02
6.800636999999999655e-02
7.029641000000000362e-02
6.472171000000000174e-02
6.220641999999999838e-02
6.471757999999999678e-02
6.478520000000000112e-02
6.808783000000000196e-02
6.622369000000000172e-02
6.914043999999999746e-02
7.012545000000000583e-02
6.594231999999999871e-02
6.809706000000000092e-02
7.075275000000000314e-02
6.635989000000000471e-02
6.465249000000000690e-02
6.493406999999999651e-02
6.516220999999999819e-02
6.746496000000000437e-02
7.202915999999999486e-02
7.183380000000000321e-02
7.226235000000000297e-02
7.551584000000000074e-02
7.334406999999999732e-02
7.579511999999999361e-02
7.702866999999999353e-02
8.044793999999999556e-02
7.111186999999999370e-02
6.724705000000000266e-02
7.381155000000000355e-02
7.429951999999999390e-02
8.130155999999999494e-02
8.675990000000000091e-02
9.281559000000000337e-02
1.124311800000000056e-01
1.177788200000000063e-01
1.055774500000000032e-01
1.014927199999999946e-01
8.698037999999999603e-02
9.225097999999999632e-02
1.467088000000000003e-01
2.051147100000000056e-01
2.897952799999999884e-01
3.874126999999999987e-01
4.309794599999999809e-01
3.960652100000000009e-01
3.121914900000000159e-01
3.006455299999999942e-01
2.479980999999999991e-01
1.595000199999999924e-01
1.365349700000000055e-01
7.902288999999999841e-02
7.757000999999999480e-02
8.019700999999999913e-02
7.199622999999999440e-02
8.713371000000000310e-02
1.111261100000000002e-01
1.433027199999999945e-01
1.336851000000000012e-01
1.128815900000000039e-01
6.500880000000000547e-02
