5.642699000000000326e-02
6.680083000000000548e-02
6.596602000000000021e-02
6.909057000000000393e-02
7.152703000000000533e-02
7.509254999999999403e-02
7.136312999999999684e-02
6.748722999999999528e-02
6.888911999999999813e-02
7.011639000000000066e-02
7.129876000000000269e-02
6.693158999999999914e-02
7.022441000000000100e-02
6.985526999999999709e-02
6.720323999999999742e-02
6.804409999999999625e-02
7.366620999999999586e-02
7.637059999999999682e-02
6.982542999999999389e-02
6.851593000000000266e-02
6.736211999999999755e-02
6.740163000000000404e-02
7.371895000000000531e-02
7.130578999999999390e-02
6.985710000000000530e-02
7.218102999999999325e-02
6.945954000000000017e-02
7.339144000000000223e-02
7.292977000000000487e-02
7.261257999999999602e-02
6.997433000000000125e-02
6.760960000000000580e-02
7.146252999999999633e-02
7.878043999999999325e-02
7.729716999999999838e-02
7.674319000000000279e-02
6.633186000000000637e-02
7.221049000000000218e-02
7.690078999999999665e-02
7.773422000000000665e-02
7.505436000000000052e-02
8.398134000000000154e-02
9.137670999999999988e-02
9.802434999999999621e-02
9.188451999999999731e-02
7.885631999999999364e-02
7.798170000000000102e-02
7.411872999999999378e-02
7.809199999999999475e-02
1.232628900000000000e-01
1.500448699999999969e-01
1.550790400000000013e-01
1.985945299999999913e-01
2.101713600000000015e-01
2.177095099999999950e-01
1.624260499999999885e-01
1.401101800000000008e-01
1.198880499999999960e-01
1.012239999999999945e-01
9.103543999999999525e-02
8.198743000000000003e-02
7.750031999999999754e-02
7.653620999999999341e-02
5.606679999999999997e-02
