5.233411000000000313e-02
6.531702000000000341e-02
6.612835000000000241e-02
6.653009000000000006e-02
7.094860999999999529e-02
7.793687000000000531e-02
7.910831000000000113e-02
7.273048999999999487e-02
7.126970000000000527e-02
6.726116999999999513e-02
6.934772999999999632e-02
6.754258999999999957e-02
6.921265999999999530e-02
6.981084999999999374e-02
6.793989000000000278e-02
6.834494000000000680e-02
7.171254999999999991e-02
7.173862000000000294e-02
7.171346000000000664e-02
7.296336999999999962e-02
6.942420000000000535e-02
6.632799000000000333e-02
7.309106999999999410e-02
8.545287999999999495e-02
7.239684000000000397e-02
7.937342000000000009e-02
7.106435999999999309e-02
7.279128999999999461e-02
7.179359000000000435e-02
6.894406000000000145e-02
7.433623999999999787e-02
7.400787999999999811e-02
7.351064999999999683e-02
8.861499000000000459e-02
1.077190299999999934e-01
1.004203600000000002e-01
6.937778999999999474e-02
7.488082000000000071e-02
8.673888999999999905e-02
8.102824000000000138e-02
7.451849000000000667e-02
7.565739000000000491e-02
8.416394000000000652e-02
1.118945699999999988e-01
1.247400599999999998e-01
1.183493699999999954e-01
1.043615900000000041e-01
8.715738000000000651e-02
7.297434999999999339e-02
1.189884499999999956e-01
1.705540600000000073e-01
2.202806200000000103e-01
2.526223699999999850e-01
3.123466999999999771e-01
3.546490700000000107e-01
2.914779499999999857e-01
2.834551000000000154e-01
2.493913500000000116e-01
2.112171200000000082e-01
1.754676000000000013e-01
1.380938399999999955e-01
1.252571299999999943e-01
6.986986000000000585e-02
6.339419999999999777e-02
