7.321808999999999956e-02
9.939646000000000592e-02
8.305191000000000656e-02
7.659332000000000640e-02
8.558093999999999424e-02
1.189607099999999973e-01
9.751754999999999451e-02
9.831468000000000151e-02
1.315948999999999869e-01
1.413785399999999970e-01
1.514252700000000007e-01
1.920628699999999967e-01
1.627630100000000135e-01
1.081040100000000004e-01
9.641384000000000065e-02
7.290001000000000120e-02
1.016956299999999952e-01
1.409975099999999926e-01
2.399426400000000126e-01
3.715934499999999918e-01
4.201341900000000185e-01
4.322348500000000038e-01
3.682710799999999729e-01
2.975203699999999785e-01
1.762709799999999938e-01
1.337266900000000092e-01
9.053400999999999810e-02
8.009230999999999989e-02
8.386441999999999508e-02
9.218727000000000171e-02
9.686388999999999416e-02
1.175777999999999962e-01
1.451833100000000099e-01
1.626899199999999879e-01
1.942527599999999965e-01
1.026333799999999963e-01
9.272036999999999640e-02
7.980416999999999372e-02
8.361607000000000067e-02
8.513663999999999954e-02
9.790877000000000607e-02
8.631856999999999724e-02
9.927840999999999749e-02
8.894567999999999919e-02
6.784136000000000333e-02
6.805558999999999914e-02
7.141869000000000689e-02
7.081468000000000484e-02
7.185574999999999601e-02
7.232254999999999934e-02
7.423626999999999310e-02
8.608699000000000212e-02
7.787771000000000277e-02
7.664799999999999391e-02
8.245516999999999430e-02
8.192415999999999587e-02
8.498558000000000501e-02
7.675083000000000599e-02
7.378171000000000035e-02
7.950637000000000676e-02
7.204180000000000306e-02
8.481191999999999898e-02
8.293253999999999904e-02
5.812032999999999783e-02
