5.134770000000000306e-02
7.419771000000000005e-02
1.029971100000000028e-01
2.318317900000000098e-01
3.339112399999999981e-01
3.854610600000000220e-01
5.211158999999999653e-01
5.431006600000000129e-01
5.464342199999999705e-01
5.122281300000000037e-01
4.912577000000000194e-01
3.216052099999999747e-01
2.501357499999999900e-01
1.750902199999999909e-01
8.356318999999999553e-02
7.621951000000000420e-02
7.644360999999999517e-02
7.649026999999999910e-02
8.320529000000000119e-02
9.402186999999999351e-02
1.126377800000000068e-01
1.298866399999999977e-01
1.118731200000000064e-01
9.115086999999999495e-02
9.001707999999999932e-02
7.927552000000000210e-02
7.839820000000000122e-02
7.391395000000000604e-02
7.415610000000000257e-02
7.256218000000000390e-02
7.035391000000000561e-02
6.690762000000000098e-02
7.027629000000000514e-02
6.631128000000000022e-02
6.523207000000000311e-02
6.769047000000000258e-02
6.879380999999999691e-02
7.355810999999999600e-02
6.986406000000000560e-02
6.628325999999999663e-02
6.556185000000000485e-02
6.958689999999999320e-02
7.732741999999999394e-02
7.588214000000000070e-02
7.061175000000000090e-02
6.964317999999999897e-02
6.656855999999999884e-02
6.817309000000000563e-02
7.010270999999999864e-02
7.556477000000000332e-02
7.603052000000000421e-02
7.148010000000000475e-02
6.541892000000000540e-02
6.641904999999999337e-02
7.322088000000000207e-02
7.626658000000000048e-02
7.591897000000000229e-02
6.695367000000000679e-02
6.570226999999999318e-02
6.590922000000000447e-02
6.464158999999999877e-02
6.551735999999999671e-02
7.172357000000000038e-02
5.325317000000000245e-02
