5.706405999999999978e-02
8.077658999999999534e-02
6.761293999999999638e-02
6.783245000000000247e-02
7.098746999999999696e-02
7.816570000000000462e-02
7.093236999999999459e-02
7.009010999999999714e-02
7.228171999999999375e-02
1.037425800000000009e-01
1.154834200000000033e-01
1.245067599999999941e-01
9.362292999999999310e-02
8.160048000000000301e-02
6.906254000000000559e-02
7.273090999999999584e-02
8.128923999999999872e-02
1.005532199999999987e-01
1.173891400000000029e-01
1.376632499999999870e-01
1.945544300000000004e-01
2.870357900000000129e-01
2.374560500000000018e-01
1.584208000000000005e-01
9.371276000000000606e-02
7.767952000000000190e-02
7.272138999999999687e-02
6.995348999999999318e-02
6.892764999999999309e-02
7.134504999999999320e-02
7.098604999999999499e-02
8.121320999999999402e-02
8.625423999999999591e-02
8.804251000000000438e-02
9.885900000000000243e-02
7.823109999999999786e-02
7.278463999999999767e-02
7.373269999999999824e-02
7.269620000000000248e-02
7.041208000000000189e-02
7.403273000000000492e-02
7.400004000000000304e-02
7.711162000000000571e-02
7.223108999999999780e-02
6.652515000000000511e-02
6.890499999999999403e-02
7.181395999999999613e-02
7.073011999999999355e-02
6.827938000000000063e-02
6.670115000000000072e-02
7.207521999999999540e-02
7.218460999999999628e-02
6.985431999999999753e-02
7.361871999999999860e-02
7.234003999999999435e-02
7.311278999999999695e-02
6.941431000000000684e-02
6.753950000000000231e-02
6.989107999999999432e-02
6.840156999999999488e-02
7.002287999999999568e-02
7.186963000000000379e-02
7.610614000000000268e-02
5.526402999999999871e-02
