5.099582999999999894e-02
7.465154999999999708e-02
7.585672000000000248e-02
7.792992999999999448e-02
8.275324000000000568e-02
9.153661000000000436e-02
8.370589999999999975e-02
6.746940999999999355e-02
6.861784999999999413e-02
7.274543999999999455e-02
8.606170000000000486e-02
9.123625999999999958e-02
9.668714999999999948e-02
9.099806000000000561e-02
8.467088999999999865e-02
9.652410000000000156e-02
9.699678000000000466e-02
7.311787000000000147e-02
7.071396000000000626e-02
7.702921999999999547e-02
6.760059000000000207e-02
8.473013000000000072e-02
9.765780000000000294e-02
7.907569000000000403e-02
9.937102999999999908e-02
1.009154500000000038e-01
1.157268399999999975e-01
1.219305100000000058e-01
1.061507500000000020e-01
1.118205599999999994e-01
9.121872999999999787e-02
6.977740999999999805e-02
1.114890199999999942e-01
1.278417900000000107e-01
1.229322699999999963e-01
1.208731200000000006e-01
1.181840599999999936e-01
1.336534900000000137e-01
1.293619000000000019e-01
1.305440400000000001e-01
1.321761300000000028e-01
9.577795000000000059e-02
8.899767999999999568e-02
1.841604000000000019e-01
3.215411899999999767e-01
4.641319799999999995e-01
5.049020100000000122e-01
4.774496599999999980e-01
4.194363999999999870e-01
3.286166500000000101e-01
2.925978300000000032e-01
2.343138300000000007e-01
1.445743300000000009e-01
1.312831000000000137e-01
6.843127999999999711e-02
7.067653999999999603e-02
8.561159000000000130e-02
9.391995999999999678e-02
1.065758799999999978e-01
1.290902499999999897e-01
1.226571399999999978e-01
1.262262200000000001e-01
1.076928199999999947e-01
6.300355000000000538e-02
