5.270153000000000337e-02
6.599133000000000082e-02
6.575746999999999842e-02
6.898081999999999825e-02
6.870748999999999607e-02
7.269280000000000186e-02
6.588605000000000156e-02
6.371077999999999464e-02
6.424673999999999663e-02
6.755092999999999515e-02
7.163192000000000170e-02
7.296527999999999348e-02
7.315497999999999446e-02
7.943753000000000619e-02
7.186589000000000171e-02
7.476705999999999630e-02
7.299738999999999534e-02
6.544389999999999930e-02
6.564444999999999308e-02
6.982281999999999378e-02
6.461403999999999759e-02
6.566302999999999723e-02
6.942483000000000681e-02
7.112609999999999766e-02
7.625083000000000555e-02
7.684240000000000514e-02
7.671902999999999362e-02
7.975405000000000688e-02
7.698871999999999660e-02
8.608527000000000540e-02
6.956226000000000076e-02
6.485216000000000591e-02
6.709950000000000636e-02
7.146022000000000485e-02
7.555515999999999621e-02
7.870043000000000177e-02
8.024789999999999701e-02
8.414106999999999836e-02
9.387381000000000197e-02
8.688133000000000661e-02
8.717366000000000004e-02
7.299049000000000509e-02
7.197373999999999439e-02
8.182836000000000276e-02
9.381138999999999450e-02
1.249783599999999967e-01
1.572015900000000022e-01
1.659837100000000065e-01
1.812849599999999950e-01
1.448188900000000057e-01
1.357928800000000047e-01
1.259445299999999990e-01
8.882608000000000170e-02
8.560468000000000244e-02
6.754398000000000346e-02
6.693090000000000150e-02
6.650970999999999966e-02
6.758403000000000327e-02
6.947994000000000392e-02
6.944266999999999801e-02
6.846431999999999518e-02
7.308865000000000500e-02
7.389556999999999376e-02
5.321361000000000147e-02
