5.732635999999999982e-02
8.485363999999999407e-02
8.098458999999999519e-02
9.887503999999999738e-02
1.043794299999999953e-01
1.087760200000000010e-01
7.040813999999999406e-02
7.648489999999999456e-02
7.912755000000000483e-02
7.422752000000000516e-02
7.505343999999999904e-02
7.240098000000000367e-02
6.908652999999999322e-02
7.051092000000000470e-02
7.720836000000000365e-02
8.176252999999999993e-02
7.692047000000000467e-02
7.375170000000000337e-02
8.387843999999999856e-02
1.046868499999999980e-01
1.284162699999999990e-01
1.382437199999999866e-01
1.039094599999999952e-01
7.210682999999999676e-02
8.402191000000000520e-02
9.784096999999999933e-02
1.023234900000000031e-01
1.110451999999999967e-01
8.496111000000000635e-02
9.856605999999999701e-02
9.402818000000000287e-02
1.402567000000000119e-01
1.527665599999999957e-01
8.075329000000000534e-02
8.621813000000000393e-02
1.084520499999999943e-01
1.778892599999999935e-01
2.666449799999999759e-01
4.359323700000000135e-01
4.269622299999999981e-01
3.660533400000000048e-01
3.232367600000000118e-01
2.293754699999999980e-01
2.100160399999999872e-01
8.219809000000000143e-02
7.381569000000000325e-02
7.455299999999999427e-02
7.729595999999999689e-02
9.560989999999999767e-02
8.604293999999999831e-02
1.185224299999999981e-01
1.840340799999999888e-01
1.728372699999999873e-01
2.187547200000000136e-01
1.633717399999999875e-01
1.448567199999999944e-01
1.070888499999999993e-01
7.752728000000000397e-02
7.858431999999999917e-02
8.899199000000000692e-02
8.588166999999999329e-02
1.051751400000000003e-01
1.142880599999999969e-01
6.058158000000000293e-02
