5.740115999999999968e-02
1.110652699999999937e-01
7.550642999999999938e-02
7.067096000000000489e-02
9.720394999999999730e-02
1.188668199999999980e-01
8.930502999999999358e-02
9.072629999999999584e-02
1.308845600000000109e-01
1.468588999999999867e-01
1.953499300000000050e-01
1.841219199999999945e-01
1.741220699999999899e-01
1.235172499999999951e-01
9.245802999999999661e-02
7.328192999999999513e-02
9.826738000000000139e-02
1.667367499999999891e-01
2.931673499999999932e-01
3.962164499999999978e-01
4.412418000000000173e-01
4.414383800000000191e-01
3.894937299999999825e-01
3.045177800000000157e-01
1.881476900000000063e-01
1.110455300000000034e-01
8.714043000000000483e-02
8.090888000000000246e-02
8.443923999999999874e-02
1.032249199999999978e-01
1.073309900000000011e-01
1.215161300000000000e-01
1.622878600000000060e-01
1.685356799999999933e-01
1.688966500000000093e-01
1.062815299999999991e-01
9.242264999999999509e-02
8.382459999999999911e-02
8.938580000000000136e-02
8.751030999999999394e-02
9.743483000000000005e-02
9.512863000000000568e-02
1.049660500000000052e-01
8.492589999999999861e-02
6.739278999999999409e-02
6.877162000000000552e-02
7.149701999999999447e-02
7.021487999999999341e-02
7.070044999999999802e-02
7.344778000000000417e-02
7.411555999999999700e-02
7.926682000000000172e-02
7.910483999999999571e-02
8.015445999999999682e-02
8.227592000000000239e-02
8.124058000000000668e-02
8.027821999999999736e-02
7.460115000000000496e-02
7.291490999999999945e-02
7.709591999999999834e-02
7.323667999999999845e-02
9.057656999999999514e-02
9.241349000000000091e-02
5.711046000000000178e-02
