5.923326999999999759e-02
7.155432999999999932e-02
6.895157999999999843e-02
6.856996999999999398e-02
6.685852000000000461e-02
6.857945999999999487e-02
7.372613000000000083e-02
7.112414999999999710e-02
7.147728000000000415e-02
6.665799999999999503e-02
6.751777999999999946e-02
6.633253999999999539e-02
7.219198999999999755e-02
7.324714000000000225e-02
7.292656000000000138e-02
6.871731000000000367e-02
7.262398000000000464e-02
7.923687000000000091e-02
8.267386000000000179e-02
8.652229999999999643e-02
8.288505999999999652e-02
7.577609000000000428e-02
7.208900000000000030e-02
7.118215999999999433e-02
7.737879000000000285e-02
7.810844000000000120e-02
7.465199999999999614e-02
8.046187999999999951e-02
8.337556999999999607e-02
9.352280000000000315e-02
9.734120999999999746e-02
8.751551999999999942e-02
8.338252000000000164e-02
8.091360000000000219e-02
1.011394000000000043e-01
1.337792700000000057e-01
1.600832600000000050e-01
1.913864799999999977e-01
1.966094999999999926e-01
1.584840899999999941e-01
1.269275699999999896e-01
1.113239800000000029e-01
9.533746999999999361e-02
8.053873000000000282e-02
6.682957000000000480e-02
6.809975000000000056e-02
7.025294999999999457e-02
7.338533999999999335e-02
8.484656999999999616e-02
8.954033000000000131e-02
9.467693000000000636e-02
1.161747000000000057e-01
1.047440500000000052e-01
9.447186000000000472e-02
7.712296000000000429e-02
7.183430000000000371e-02
7.218054999999999610e-02
7.075346000000000413e-02
7.179280999999999857e-02
7.203299000000000507e-02
7.337446999999999719e-02
7.154354000000000269e-02
7.410355999999999888e-02
5.534101999999999771e-02
