5.547479000000000299e-02
6.955298999999999510e-02
7.073493999999999615e-02
6.654193999999999387e-02
6.830635999999999652e-02
7.583167000000000380e-02
8.918916000000000344e-02
9.058001999999999720e-02
8.979942999999999953e-02
7.550611000000000128e-02
6.613864999999999328e-02
6.521709000000000533e-02
6.754127000000000047e-02
7.761674999999999824e-02
7.910762000000000349e-02
8.474529999999999563e-02
6.925818000000000252e-02
6.970561999999999592e-02
7.124015999999999682e-02
9.098913999999999613e-02
8.472167999999999366e-02
7.905233000000000398e-02
7.683789000000000591e-02
8.379356999999999778e-02
8.346620000000000428e-02
8.804939000000000515e-02
7.917290000000000438e-02
7.368842999999999921e-02
6.813300999999999386e-02
6.965417000000000136e-02
7.276787999999999312e-02
7.254080000000000250e-02
7.064642000000000144e-02
7.904550999999999938e-02
9.827835000000000043e-02
1.025929500000000022e-01
7.839930999999999983e-02
8.140629000000000615e-02
7.313221000000000305e-02
7.498362999999999556e-02
7.396906999999999788e-02
7.966415999999999775e-02
9.159886000000000417e-02
1.121232999999999952e-01
1.206957099999999977e-01
1.054561700000000019e-01
1.182473299999999977e-01
1.392160699999999973e-01
1.030560799999999944e-01
8.321581000000000117e-02
7.983566999999999747e-02
7.721860999999999309e-02
1.384206900000000129e-01
2.353522799999999970e-01
3.394098600000000077e-01
3.110498800000000008e-01
3.262584199999999934e-01
3.388362200000000213e-01
3.532176300000000047e-01
2.909643700000000277e-01
2.189185899999999962e-01
1.623360799999999937e-01
1.125178800000000007e-01
6.155406000000000072e-02
