5.432663000000000075e-02
6.862986000000000086e-02
7.023348999999999565e-02
6.357793999999999945e-02
6.697242000000000473e-02
7.543850000000000555e-02
8.686214999999999908e-02
9.132226999999999706e-02
8.709693999999999769e-02
7.287496000000000251e-02
6.709536000000000666e-02
6.642354000000000314e-02
7.566443000000000474e-02
8.189971999999999530e-02
7.778258999999999868e-02
8.566748000000000418e-02
6.827099999999999835e-02
7.015048999999999590e-02
7.390346000000000415e-02
8.653278000000000358e-02
7.683413999999999522e-02
7.804608999999999852e-02
7.956799999999999984e-02
8.062800000000000522e-02
8.020700999999999525e-02
9.018176999999999444e-02
7.752526999999999335e-02
7.377464999999999717e-02
6.848223000000000504e-02
7.065195999999999976e-02
7.305177999999999672e-02
6.795719000000000065e-02
7.463801000000000463e-02
7.725168000000000312e-02
9.074901999999999969e-02
1.039556499999999967e-01
6.902982000000000562e-02
7.197222999999999815e-02
7.198656000000000499e-02
7.120252999999999999e-02
7.835472000000000270e-02
8.821344999999999881e-02
8.558517999999999681e-02
9.705310000000000326e-02
1.022151000000000032e-01
9.689330000000000165e-02
1.059275699999999987e-01
1.197306600000000026e-01
8.601720000000000199e-02
8.278942999999999719e-02
9.554482999999999726e-02
1.110736999999999974e-01
1.324166200000000126e-01
2.073729500000000003e-01
3.097732699999999895e-01
3.078928899999999746e-01
3.407812100000000011e-01
3.325534499999999727e-01
3.494613500000000039e-01
3.166525399999999824e-01
2.050831899999999985e-01
1.484874899999999998e-01
1.123431399999999941e-01
6.194706999999999991e-02
