5.968857999999999803e-02
8.320884000000000613e-02
8.131958999999999715e-02
8.032034000000000395e-02
7.487330000000000374e-02
7.601853000000000082e-02
7.174473000000000655e-02
7.917172999999999572e-02
7.978101999999999416e-02
7.185273999999999828e-02
7.030298999999999576e-02
6.903238999999999903e-02
6.838747000000000575e-02
7.247800000000000076e-02
7.540370999999999879e-02
7.442911000000000665e-02
7.190792000000000017e-02
8.377743999999999469e-02
9.709402999999999784e-02
1.069146400000000052e-01
1.218652100000000016e-01
1.015136600000000056e-01
8.833133999999999431e-02
6.825876000000000166e-02
9.137753999999999321e-02
1.013901100000000055e-01
9.396656999999999926e-02
1.059481899999999976e-01
9.461944999999999384e-02
1.182463599999999948e-01
1.361987699999999968e-01
1.362438199999999877e-01
1.131918900000000033e-01
7.551972999999999325e-02
1.018918500000000060e-01
1.636285299999999943e-01
2.486644799999999933e-01
3.595222200000000035e-01
4.234152400000000260e-01
3.834037200000000034e-01
3.028054199999999918e-01
2.293751800000000118e-01
1.581820999999999922e-01
1.060394900000000001e-01
6.767307000000000183e-02
6.784136000000000333e-02
7.314342999999999539e-02
7.491567000000000365e-02
8.861700999999999606e-02
9.871942999999999691e-02
1.086779900000000021e-01
1.515633600000000081e-01
1.512277300000000047e-01
1.328701499999999924e-01
1.163968699999999995e-01
9.108847000000000471e-02
8.571748999999999341e-02
7.323904999999999998e-02
7.726262999999999881e-02
8.622414999999999941e-02
7.781486999999999432e-02
8.636728999999999934e-02
1.043251099999999987e-01
5.813480000000000036e-02
