6.262012999999999607e-02
9.460828000000000293e-02
1.289683299999999921e-01
1.251584299999999872e-01
1.340091800000000055e-01
1.453044000000000002e-01
1.406544600000000089e-01
1.435599200000000075e-01
1.086834099999999942e-01
8.092106000000000299e-02
7.954848999999999948e-02
8.481705000000000494e-02
1.590975500000000042e-01
2.381794999999999884e-01
2.972430600000000034e-01
3.937562099999999954e-01
4.708372100000000060e-01
3.809326599999999785e-01
2.980565099999999967e-01
2.349197899999999894e-01
1.526910099999999881e-01
9.967189999999999384e-02
7.720200000000000673e-02
7.583777999999999353e-02
8.045681000000000360e-02
8.402096000000000564e-02
9.833638000000000101e-02
1.309634399999999865e-01
1.321325000000000138e-01
1.425841599999999876e-01
1.500674800000000031e-01
1.046505800000000069e-01
1.037619600000000003e-01
8.290556999999999788e-02
8.412786999999999349e-02
9.657351999999999603e-02
8.983787999999999496e-02
7.356861000000000650e-02
7.382268000000000163e-02
8.137395999999999519e-02
8.528750000000000220e-02
7.493672999999999307e-02
6.912271999999999861e-02
6.973039000000000320e-02
7.078130000000000532e-02
6.988561000000000079e-02
7.298340999999999856e-02
7.787969999999999615e-02
7.563217999999999330e-02
8.589494999999999769e-02
9.972150000000000458e-02
8.628516999999999437e-02
7.760789999999999356e-02
7.353561000000000125e-02
7.133158000000000554e-02
7.127044000000000434e-02
7.987924000000000413e-02
7.626257000000000175e-02
8.169917000000000151e-02
7.771374000000000337e-02
6.488542999999999394e-02
6.781544999999999934e-02
7.143924000000000107e-02
6.120571999999999818e-02
