5.164807999999999899e-02
6.824410999999999672e-02
7.531108999999999720e-02
7.334031000000000577e-02
7.588976999999999529e-02
7.504579999999999584e-02
7.021276999999999380e-02
6.701559999999999462e-02
7.105382999999999838e-02
7.935562999999999645e-02
7.692717000000000305e-02
8.113104000000000149e-02
7.827264999999999917e-02
7.825909999999999811e-02
7.378514999999999380e-02
6.842347000000000012e-02
8.249692999999999610e-02
7.555886000000000546e-02
7.550168000000000157e-02
7.461168999999999440e-02
8.520004999999999939e-02
9.735019999999999785e-02
9.700662000000000174e-02
8.734409999999999397e-02
7.844747000000000525e-02
7.044971999999999346e-02
7.678203000000000111e-02
1.060970799999999964e-01
1.637974199999999991e-01
1.812687400000000115e-01
1.921839700000000095e-01
2.132240099999999916e-01
2.041330199999999984e-01
1.675567799999999885e-01
1.089810100000000032e-01
8.240870999999999613e-02
8.122867999999999755e-02
7.013492000000000337e-02
7.040311999999999959e-02
7.947002999999999706e-02
8.565419999999999978e-02
7.603176000000000379e-02
9.159372000000000347e-02
1.063177399999999939e-01
1.063507600000000025e-01
9.099793000000000465e-02
7.272636999999999852e-02
7.264054000000000344e-02
7.346555999999999920e-02
6.953968000000000649e-02
7.528178000000000647e-02
7.636922999999999628e-02
7.373061999999999672e-02
7.340225000000000222e-02
7.166698000000000512e-02
7.783893000000000062e-02
7.755025999999999586e-02
6.748075000000000601e-02
6.842320000000000346e-02
7.210991999999999402e-02
8.322160000000000668e-02
7.445564999999999822e-02
6.980527999999999733e-02
5.479414999999999980e-02
