5.649889999999999773e-02
8.108611000000000291e-02
7.729432999999999443e-02
6.832997999999999850e-02
6.799462000000000561e-02
7.715687000000000240e-02
6.887166000000000121e-02
7.157594999999999930e-02
6.528290000000000481e-02
7.048050000000000148e-02
6.968441000000000218e-02
6.597113999999999756e-02
6.638753000000000015e-02
6.847559000000000284e-02
7.308538000000000534e-02
7.363546999999999454e-02
6.944574000000000580e-02
6.589892999999999446e-02
7.045300000000000173e-02
7.262810000000000099e-02
7.509536999999999463e-02
7.173941000000000345e-02
6.883301000000000003e-02
7.159026999999999752e-02
7.071591000000000682e-02
7.462401999999999924e-02
7.567814999999999959e-02
6.819716000000000666e-02
6.761330000000000118e-02
6.689699999999999813e-02
6.748735000000000150e-02
7.534797000000000022e-02
8.209489000000000369e-02
8.254379000000000577e-02
7.927958000000000227e-02
8.296813000000000105e-02
8.612580999999999709e-02
8.830237000000000502e-02
7.808192999999999384e-02
7.357468999999999815e-02
7.438912000000000302e-02
1.054705499999999962e-01
1.364360199999999912e-01
1.661917599999999939e-01
1.646576399999999940e-01
1.571590499999999946e-01
1.456793700000000025e-01
1.207333800000000013e-01
1.069593999999999961e-01
7.332226999999999495e-02
6.761999000000000482e-02
6.740746999999999711e-02
7.036311000000000648e-02
7.448829999999999341e-02
8.275269000000000374e-02
7.959025000000000127e-02
7.819020000000000137e-02
7.457661000000000151e-02
7.496427999999999425e-02
7.773610999999999716e-02
7.417796000000000112e-02
7.386144999999999516e-02
6.539847000000000021e-02
5.379769000000000218e-02
