5.373979999999999729e-02
7.299877999999999922e-02
8.136828999999999590e-02
8.715800999999999410e-02
8.623712000000000044e-02
1.013674999999999993e-01
8.179767000000000288e-02
9.032684000000000546e-02
1.035923900000000064e-01
1.091369699999999998e-01
1.365153500000000075e-01
8.340169999999999528e-02
6.990722000000000602e-02
7.409182000000000268e-02
1.012567300000000031e-01
1.697925899999999932e-01
1.970875699999999897e-01
2.178868499999999930e-01
2.634645700000000090e-01
2.710633599999999754e-01
2.637810099999999824e-01
1.903214799999999873e-01
1.418543899999999969e-01
1.022278199999999970e-01
7.070867000000000124e-02
6.761736000000000135e-02
7.078136000000000150e-02
7.140016000000000418e-02
8.289125999999999439e-02
9.810736999999999930e-02
1.068720900000000029e-01
1.187848700000000007e-01
1.257657600000000042e-01
9.556689000000000156e-02
1.001906999999999937e-01
7.763256999999999797e-02
7.017895999999999856e-02
7.554584999999999773e-02
8.059215999999999602e-02
8.708934000000000120e-02
7.295448000000000210e-02
7.252606000000000330e-02
7.349432000000000187e-02
7.749678000000000122e-02
6.720054000000000305e-02
7.100818000000000407e-02
6.753876000000000324e-02
6.963808999999999971e-02
6.528293000000000290e-02
6.900807000000000468e-02
8.086902999999999453e-02
8.767531000000000629e-02
8.819301999999999697e-02
7.985933000000000614e-02
7.916444000000000258e-02
7.640363999999999489e-02
6.935268999999999462e-02
7.285785999999999651e-02
7.043154999999999555e-02
6.553412999999999600e-02
7.542701000000000267e-02
8.251308999999999727e-02
7.447014000000000411e-02
5.810657999999999795e-02
