5.703077000000000146e-02
7.047341000000000022e-02
6.806241999999999848e-02
6.916857999999999340e-02
7.072082000000000368e-02
7.392609999999999459e-02
6.764230999999999716e-02
6.639565999999999524e-02
6.842098000000000624e-02
6.817357000000000278e-02
7.167426000000000352e-02
7.087398999999999782e-02
7.376723999999999781e-02
8.041455000000000131e-02
7.694811000000000012e-02
7.169135999999999564e-02
6.913771000000000500e-02
6.874544000000000488e-02
7.319129000000000607e-02
7.708449000000000551e-02
6.646863000000000077e-02
6.936641999999999808e-02
7.725659999999999472e-02
7.686221999999999499e-02
8.056588000000000638e-02
8.878270000000000606e-02
8.055693999999999355e-02
9.172507000000000577e-02
9.099638000000000171e-02
9.778129000000000681e-02
8.885738999999999443e-02
7.000665999999999833e-02
6.973606999999999723e-02
8.168775999999999815e-02
8.637913999999999315e-02
1.016447199999999940e-01
1.061041800000000063e-01
9.771842000000000028e-02
8.318884000000000001e-02
8.110307999999999407e-02
1.006574600000000042e-01
9.030657000000000267e-02
9.520681000000000282e-02
9.956961999999999757e-02
1.091746499999999981e-01
1.552127299999999932e-01
2.288154799999999878e-01
2.387913600000000081e-01
2.650633800000000151e-01
2.000173500000000104e-01
2.031185000000000074e-01
1.817792400000000086e-01
1.211749300000000001e-01
1.140505599999999953e-01
7.173045000000000115e-02
7.077991000000000144e-02
7.192513000000000378e-02
7.568584000000000422e-02
7.876527999999999308e-02
9.352446000000000370e-02
1.015848099999999976e-01
1.085323799999999977e-01
8.683014999999999484e-02
5.833875000000000172e-02
