5.882818000000000075e-02
9.179558000000000162e-02
1.286573900000000104e-01
1.188576799999999933e-01
1.284385500000000124e-01
1.774086500000000011e-01
1.412175999999999987e-01
9.621084000000000580e-02
7.964867999999999948e-02
6.943319000000000574e-02
9.178295999999999677e-02
1.580244500000000107e-01
2.598360499999999851e-01
3.275801199999999747e-01
3.725171400000000244e-01
3.957727600000000012e-01
3.805090799999999995e-01
3.181910199999999911e-01
2.105414999999999925e-01
1.348069299999999915e-01
9.786377999999999744e-02
7.195912000000000142e-02
7.125041999999999487e-02
7.475901000000000074e-02
9.318002000000000229e-02
9.454861000000000515e-02
1.295039500000000066e-01
1.502035899999999979e-01
1.263623399999999897e-01
1.399872600000000022e-01
1.387767599999999990e-01
8.250751000000000612e-02
8.320735999999999410e-02
1.001841599999999943e-01
9.301592999999999667e-02
9.710319000000000589e-02
8.813036000000000481e-02
7.183699000000000334e-02
7.409970999999999919e-02
7.440781999999999952e-02
8.536080999999999530e-02
6.900240000000000540e-02
6.666893999999999598e-02
7.356079999999999564e-02
7.475863000000000647e-02
6.812279000000000251e-02
7.155227999999999589e-02
8.659640999999999866e-02
8.865686999999999873e-02
9.509977999999999487e-02
9.405344999999999678e-02
7.553767000000000120e-02
6.863734000000000501e-02
7.199862999999999402e-02
7.900424000000000335e-02
8.342135000000000522e-02
8.746824000000000265e-02
8.073681000000000607e-02
7.182154000000000316e-02
7.549917999999999907e-02
7.218223000000000000e-02
7.312976999999999672e-02
7.879215000000000524e-02
6.036252999999999758e-02
