5.219340000000000090e-02
7.349608000000000529e-02
6.847594999999999377e-02
6.851377999999999635e-02
7.795613999999999322e-02
8.113357000000000208e-02
7.218634999999999635e-02
6.650842999999999339e-02
6.653689000000000131e-02
7.602022999999999420e-02
7.586469999999999325e-02
9.495299999999999574e-02
9.167036000000000628e-02
9.258122000000000573e-02
8.691475999999999369e-02
7.208425999999999723e-02
7.965096000000000676e-02
7.869310999999999667e-02
8.200567999999999746e-02
7.947319999999999385e-02
8.268873000000000195e-02
9.832356000000000429e-02
1.139637399999999939e-01
1.068595400000000029e-01
9.620663999999999605e-02
8.388988999999999474e-02
6.907897000000000343e-02
1.144982400000000011e-01
1.657461100000000020e-01
2.395689300000000133e-01
2.912375600000000064e-01
3.293589399999999889e-01
3.404703099999999982e-01
3.013238899999999831e-01
2.005532200000000043e-01
1.419712900000000000e-01
1.078640800000000011e-01
7.656356000000000273e-02
7.552749999999999742e-02
8.038575000000000581e-02
8.974632999999999916e-02
9.143487000000000142e-02
1.157571700000000064e-01
1.327579200000000015e-01
1.349250200000000066e-01
1.092102999999999963e-01
8.837739000000000011e-02
8.692110000000000114e-02
8.281910000000000660e-02
7.327574000000000587e-02
8.170402000000000220e-02
7.846008999999999622e-02
7.650281999999999916e-02
7.947160000000000335e-02
8.659229999999999705e-02
9.212035999999999836e-02
8.541553000000000340e-02
7.355883000000000560e-02
7.156384999999999830e-02
7.813596999999999904e-02
8.447772000000000614e-02
8.193271000000000581e-02
8.006064999999999710e-02
5.783649999999999902e-02
