5.460791000000000256e-02
7.054430000000000422e-02
7.083053000000000266e-02
7.062351999999999519e-02
6.759922000000000153e-02
6.786509999999999765e-02
6.664090999999999765e-02
6.740179000000000309e-02
6.676418000000000630e-02
6.963389000000000384e-02
6.947522999999999893e-02
6.943892999999999593e-02
6.846494000000000191e-02
6.990580000000000405e-02
7.089526000000000161e-02
7.463994999999999658e-02
7.368502999999999858e-02
6.658603000000000438e-02
6.467385999999999968e-02
6.707232000000000471e-02
6.731252000000000069e-02
6.757736999999999772e-02
6.978405000000000025e-02
7.063811000000000395e-02
7.317711000000000354e-02
7.767214000000000063e-02
8.043337999999999877e-02
7.478382000000000085e-02
7.076035999999999437e-02
6.835430000000000672e-02
6.854804000000000452e-02
7.090230000000000143e-02
7.415674999999999351e-02
7.621306999999999388e-02
8.218225999999999309e-02
8.781550999999999940e-02
8.732246999999999926e-02
8.475770999999999999e-02
7.796540999999999888e-02
7.010628000000000692e-02
6.739633999999999903e-02
7.507384999999999753e-02
9.054613999999999718e-02
1.022505499999999956e-01
1.253250800000000054e-01
1.405219900000000133e-01
1.325975400000000137e-01
1.296113700000000035e-01
1.243701200000000007e-01
9.307559999999999445e-02
8.034658999999999551e-02
8.304522999999999766e-02
6.675277999999999767e-02
6.804093999999999420e-02
6.997061000000000253e-02
7.098955999999999322e-02
6.851200999999999819e-02
7.129613999999999396e-02
7.278945000000000554e-02
7.476370999999999711e-02
7.418830999999999343e-02
7.327343999999999524e-02
7.196289000000000158e-02
5.369125999999999760e-02
