5.410311999999999760e-02
7.628511000000000319e-02
9.160933999999999744e-02
8.989581000000000655e-02
7.907849999999999602e-02
8.597093999999999570e-02
7.186378999999999684e-02
7.536974000000000451e-02
8.503112000000000170e-02
1.058510399999999935e-01
9.105794000000000388e-02
9.670322000000000640e-02
7.602680000000000549e-02
7.441952000000000289e-02
7.603084000000000231e-02
8.229849000000000192e-02
1.009917800000000032e-01
8.708533000000000246e-02
8.217782999999999338e-02
9.469200999999999313e-02
1.084012200000000065e-01
1.298553299999999910e-01
1.223323099999999997e-01
9.479709000000000052e-02
7.314901999999999516e-02
7.827085000000000292e-02
1.337950800000000107e-01
1.937498300000000118e-01
3.269546300000000238e-01
3.247315299999999905e-01
3.400064700000000051e-01
3.105860699999999919e-01
2.584052099999999963e-01
1.871274099999999940e-01
1.050497199999999992e-01
7.891343000000000663e-02
7.088906000000000374e-02
7.190180999999999656e-02
7.686925000000000008e-02
8.763770999999999367e-02
1.098969399999999985e-01
9.392269999999999786e-02
1.267417399999999916e-01
1.198359499999999966e-01
1.096191700000000019e-01
8.760825999999999336e-02
7.007225999999999733e-02
6.753003999999999951e-02
7.289983999999999353e-02
8.452345999999999471e-02
9.402009000000000061e-02
7.953153000000000306e-02
7.708117000000000441e-02
7.677549999999999653e-02
7.102339000000000568e-02
7.745672000000000668e-02
7.763849000000000444e-02
7.380702000000000096e-02
7.049407000000000589e-02
7.781174000000000424e-02
8.344529000000000529e-02
7.309002000000000554e-02
6.716882999999999881e-02
5.630344999999999794e-02
