6.308302000000000354e-02
1.067318399999999945e-01
1.244359899999999963e-01
1.267182099999999978e-01
1.297344400000000064e-01
8.781485999999999459e-02
8.025902000000000036e-02
6.839330000000000409e-02
7.893624999999999947e-02
9.741719999999999546e-02
8.387516000000000416e-02
8.441471000000000391e-02
9.932968999999999826e-02
1.007783700000000060e-01
1.461423299999999870e-01
1.328635200000000127e-01
1.378051499999999874e-01
1.400411000000000017e-01
9.068929000000000573e-02
6.806513999999999620e-02
9.017453999999999747e-02
1.544786499999999951e-01
2.550437500000000135e-01
2.807886299999999835e-01
3.064823199999999748e-01
3.424258499999999761e-01
3.020101199999999930e-01
2.189354299999999864e-01
1.638999899999999954e-01
1.027262899999999979e-01
7.975701000000000318e-02
7.241683000000000148e-02
7.379745999999999528e-02
7.763111999999999790e-02
8.267705999999999666e-02
1.028871199999999986e-01
1.008332799999999974e-01
1.586919099999999916e-01
1.534447499999999909e-01
1.117976799999999965e-01
8.766928999999999694e-02
7.728833999999999704e-02
7.119306000000000245e-02
7.735226000000000601e-02
9.072673000000000543e-02
8.999877000000000571e-02
7.545406999999999809e-02
8.517396000000000689e-02
8.506010999999999433e-02
7.685978999999999728e-02
7.109679000000000693e-02
7.314764999999999462e-02
6.759830999999999479e-02
7.580327000000000592e-02
8.701064000000000020e-02
7.831831999999999683e-02
6.832359999999999822e-02
6.808514999999999706e-02
8.613800000000000623e-02
8.406404000000000654e-02
8.222292000000000489e-02
8.260626000000000080e-02
9.117812000000000139e-02
5.742189000000000321e-02
