5.299915999999999655e-02
6.942447000000000201e-02
7.377324000000000381e-02
7.602059999999999373e-02
8.584762999999999422e-02
8.361799999999999788e-02
6.694002000000000285e-02
6.544444000000000650e-02
6.537381999999999915e-02
7.926788999999999363e-02
9.506253000000000619e-02
6.886283999999999461e-02
6.761876999999999471e-02
8.086490999999999818e-02
9.320583999999999814e-02
1.094650800000000063e-01
9.840517000000000014e-02
9.578436999999999368e-02
7.047533999999999743e-02
6.616028000000000187e-02
7.337849999999999928e-02
8.927707999999999477e-02
1.094501499999999961e-01
1.030810100000000007e-01
9.294939000000000673e-02
9.312096999999999736e-02
1.177687899999999982e-01
1.665707800000000016e-01
1.263209100000000085e-01
7.913689000000000140e-02
7.379737999999999576e-02
9.358987000000000556e-02
1.861222700000000063e-01
3.243526500000000201e-01
3.070668300000000128e-01
3.492719499999999977e-01
3.777365999999999779e-01
3.183312699999999995e-01
2.292534300000000080e-01
1.396114699999999875e-01
8.047105999999999704e-02
6.889281999999999351e-02
8.001505000000000423e-02
7.936361999999999584e-02
7.134490000000000276e-02
7.382007000000000152e-02
9.512065000000000103e-02
8.854194999999999427e-02
8.260578999999999839e-02
1.119337900000000052e-01
1.119011200000000067e-01
1.139406899999999973e-01
1.023331299999999944e-01
1.072159899999999971e-01
9.594996000000000080e-02
8.855762000000000356e-02
8.702885999999999955e-02
9.566966000000000359e-02
8.519817999999999836e-02
8.455856999999999957e-02
1.040023000000000059e-01
9.989061999999999941e-02
1.070288199999999967e-01
5.836571000000000120e-02
