6.061840000000000284e-02
8.072667999999999511e-02
8.041966000000000392e-02
1.125395099999999954e-01
1.273093100000000089e-01
1.123485699999999948e-01
1.227180799999999933e-01
9.407690000000000496e-02
8.948699000000000237e-02
6.840411000000000408e-02
6.682154999999999345e-02
7.084408000000000372e-02
9.284916999999999476e-02
1.213555899999999993e-01
1.378281299999999931e-01
1.270206899999999917e-01
1.177703799999999940e-01
1.168914399999999992e-01
1.305714799999999898e-01
1.516041599999999878e-01
1.234084000000000014e-01
7.740542000000000256e-02
1.233529700000000062e-01
1.686992900000000017e-01
2.920925300000000169e-01
3.922421899999999906e-01
4.277666800000000102e-01
3.991434300000000213e-01
3.663103600000000015e-01
2.211935200000000046e-01
1.490445400000000031e-01
9.140020000000000089e-02
8.869924999999999338e-02
7.593545000000000156e-02
7.314595999999999598e-02
9.285667000000000226e-02
8.632249000000000172e-02
1.430367399999999956e-01
1.695859000000000116e-01
1.290668399999999882e-01
1.199477500000000058e-01
1.121965300000000026e-01
9.404017000000000626e-02
7.843798999999999910e-02
7.667298999999999642e-02
8.060586000000000140e-02
7.682398999999999478e-02
9.839206000000000341e-02
8.209054000000000351e-02
8.243515999999999344e-02
7.754411999999999416e-02
7.123543000000000236e-02
7.121855000000000546e-02
7.280967000000000688e-02
8.114427999999999919e-02
7.691710999999999687e-02
7.217516000000000209e-02
6.860879000000000283e-02
6.660148000000000457e-02
6.979546999999999835e-02
7.104032000000000402e-02
7.803498999999999852e-02
8.352323999999999860e-02
5.642363000000000239e-02
