5.681761999999999924e-02
7.718096000000000678e-02
6.806579999999999575e-02
7.369291000000000036e-02
7.563635999999999970e-02
7.189950000000000507e-02
6.628051000000000081e-02
6.524451000000000556e-02
6.582720999999999711e-02
7.193824000000000052e-02
7.671807999999999406e-02
7.219569000000000680e-02
6.791484000000000409e-02
6.689892999999999534e-02
7.112287999999999943e-02
6.790989000000000053e-02
7.800103999999999371e-02
7.505581000000000058e-02
6.922177000000000191e-02
6.492960999999999872e-02
6.619896999999999587e-02
6.972404000000000102e-02
7.246645999999999643e-02
6.771720999999999990e-02
6.510046999999999362e-02
6.558627000000000207e-02
7.464033000000000473e-02
7.852890999999999344e-02
7.953438000000000174e-02
6.807483999999999758e-02
7.705639999999999712e-02
7.799514999999999920e-02
8.529238999999999571e-02
7.796736999999999418e-02
8.020718000000000292e-02
7.400183999999999929e-02
7.589352000000000598e-02
8.250179000000000540e-02
9.385909000000000613e-02
8.874991999999999603e-02
8.524737000000000287e-02
9.776548000000000183e-02
1.157017899999999988e-01
1.460524400000000056e-01
1.436049500000000090e-01
8.989181999999999728e-02
8.920227999999999491e-02
1.141033500000000062e-01
1.677144899999999939e-01
2.259649300000000083e-01
2.854182100000000055e-01
3.140730600000000150e-01
3.141811800000000043e-01
3.560170799999999858e-01
3.496048199999999828e-01
2.438631800000000127e-01
1.950569699999999962e-01
1.657753899999999947e-01
1.305910100000000074e-01
1.001927299999999937e-01
7.385163000000000144e-02
7.393246000000000540e-02
6.897999999999999965e-02
5.674900000000000083e-02
