5.832807000000000269e-02
7.302867999999999860e-02
6.441779999999999728e-02
6.815994000000000219e-02
6.731513999999999553e-02
6.843100000000000571e-02
6.525498999999999883e-02
6.645571000000000117e-02
7.238500000000000489e-02
7.561927999999999706e-02
7.252163000000000359e-02
7.931762000000000534e-02
7.362412999999999597e-02
6.735291999999999668e-02
7.160199000000000424e-02
8.057777000000000689e-02
7.552726999999999358e-02
6.849676000000000375e-02
6.663985999999999521e-02
6.511830000000000396e-02
6.884495000000000198e-02
8.487593999999999694e-02
9.632878999999999747e-02
7.014280000000000515e-02
6.789523000000000086e-02
6.828233999999999693e-02
7.426905000000000312e-02
7.731370999999999383e-02
8.115121000000000140e-02
7.226905000000000134e-02
6.621800999999999382e-02
6.495349999999999735e-02
6.880774000000000612e-02
7.078642000000000267e-02
6.518532000000000493e-02
6.830970999999999571e-02
6.880883000000000138e-02
8.307528000000000135e-02
7.886667999999999457e-02
7.147773999999999794e-02
6.463792000000000149e-02
6.616673000000000693e-02
7.544937000000000171e-02
8.253212999999999522e-02
7.763473999999999375e-02
7.462264000000000397e-02
7.691907000000000605e-02
9.406947000000000225e-02
8.082042000000000392e-02
9.059043999999999430e-02
7.571079999999999477e-02
9.321641999999999428e-02
7.227830999999999839e-02
7.283112999999999393e-02
9.943992999999999582e-02
1.180984499999999937e-01
1.706503199999999942e-01
1.957891599999999899e-01
2.145323000000000091e-01
2.441748800000000108e-01
2.032555799999999913e-01
1.895037699999999881e-01
1.402861300000000089e-01
5.669385999999999870e-02
