7.496875999999999540e-02
1.104524300000000042e-01
8.549656999999999396e-02
9.139448000000000016e-02
8.507960000000000522e-02
7.563411000000000439e-02
6.768954000000000637e-02
6.971779000000000170e-02
8.070687999999999473e-02
9.933274000000000270e-02
9.975233999999999490e-02
8.376103999999999494e-02
7.065591999999999706e-02
7.759948999999999319e-02
8.942703000000000457e-02
8.306035000000000501e-02
1.058997500000000008e-01
9.426946999999999410e-02
7.523472999999999966e-02
7.033942999999999446e-02
7.972851000000000243e-02
1.151496999999999937e-01
9.930028000000000465e-02
7.507829000000000585e-02
7.237417999999999629e-02
7.300648999999999333e-02
8.552814000000000250e-02
9.309219000000000521e-02
9.373968000000000578e-02
9.966808000000000611e-02
1.101378199999999974e-01
9.911925000000000596e-02
1.112275300000000050e-01
9.529055000000000164e-02
7.990890999999999966e-02
7.647334999999999550e-02
1.240540900000000057e-01
1.476019000000000081e-01
1.439833000000000085e-01
1.038847799999999960e-01
1.164089100000000043e-01
1.567260799999999898e-01
1.517287300000000061e-01
1.650530199999999947e-01
1.680907199999999990e-01
1.259815699999999872e-01
1.650201400000000096e-01
2.317120599999999975e-01
3.627558399999999961e-01
4.827140300000000162e-01
5.940290099999999684e-01
5.770049699999999504e-01
5.173544900000000002e-01
4.932203600000000243e-01
4.088516200000000267e-01
2.518297400000000241e-01
1.588833299999999893e-01
1.331752099999999883e-01
9.136539000000000466e-02
6.592494999999999605e-02
6.616634999999999878e-02
8.191829000000000471e-02
1.095746799999999938e-01
6.929441000000000073e-02
