5.061473999999999834e-02
1.153368800000000027e-01
1.100578299999999954e-01
9.534718999999999833e-02
7.582629000000000452e-02
7.535654999999999437e-02
6.657301000000000191e-02
7.162960999999999634e-02
7.778757000000000033e-02
9.906473999999999835e-02
9.609582999999999320e-02
8.435041999999999540e-02
1.125861600000000046e-01
1.190975199999999984e-01
1.566012900000000041e-01
1.233080200000000043e-01
9.387858000000000314e-02
8.780612000000000139e-02
6.644519000000000120e-02
1.047085199999999994e-01
1.382546000000000053e-01
2.909639800000000109e-01
3.075707300000000144e-01
2.856735300000000088e-01
2.545880699999999996e-01
2.300661800000000090e-01
2.018128299999999986e-01
1.249542500000000028e-01
8.813294000000000683e-02
6.666904999999999359e-02
7.418238000000000609e-02
7.309912999999999828e-02
7.209973000000000076e-02
7.726112000000000257e-02
1.097713300000000003e-01
1.233162500000000023e-01
1.118279100000000026e-01
1.294709699999999908e-01
1.183615900000000026e-01
8.293976000000000126e-02
7.745240000000000458e-02
7.907371000000000538e-02
7.406844999999999402e-02
6.931932000000000371e-02
7.905681999999999987e-02
8.366846000000000005e-02
7.386603999999999393e-02
7.387309999999999710e-02
7.333246000000000209e-02
6.708029999999999549e-02
7.501778000000000612e-02
8.798859000000000541e-02
6.722504999999999453e-02
7.631960999999999606e-02
7.378632999999999720e-02
7.483695999999999404e-02
7.053375000000000616e-02
7.832156999999999314e-02
1.092542900000000039e-01
9.834600000000000286e-02
7.775693000000000188e-02
7.347794000000000547e-02
6.790332999999999786e-02
5.572433000000000247e-02
