6.080040999999999918e-02
8.819712000000000385e-02
9.653011999999999704e-02
7.997065000000000423e-02
7.726188999999999973e-02
9.418790999999999969e-02
1.150187399999999943e-01
1.314583300000000121e-01
1.211089999999999944e-01
1.099832200000000065e-01
1.042357399999999934e-01
6.944614999999999816e-02
6.680827999999999767e-02
9.020757999999999555e-02
1.318889000000000034e-01
1.502570799999999873e-01
1.393662099999999904e-01
9.588671000000000000e-02
1.077991799999999945e-01
1.681709999999999872e-01
1.910238900000000017e-01
1.238308500000000062e-01
7.985432000000000641e-02
7.064881000000000633e-02
1.382146599999999892e-01
2.372553599999999985e-01
3.689360899999999943e-01
4.572876399999999952e-01
4.894412499999999944e-01
4.145075400000000077e-01
3.003563899999999731e-01
2.477461499999999983e-01
1.941665099999999866e-01
9.049345999999999779e-02
7.730220000000000147e-02
7.705304999999999793e-02
8.483166999999999791e-02
8.834472000000000158e-02
9.052631999999999346e-02
1.099085399999999990e-01
1.714385900000000018e-01
1.474039400000000111e-01
1.330680099999999866e-01
9.204993999999999676e-02
7.959022999999999792e-02
7.408222999999999892e-02
7.720955999999999653e-02
7.909451000000000676e-02
7.010160000000000002e-02
8.135278999999999427e-02
8.035636999999999641e-02
7.669972999999999375e-02
7.635345999999999800e-02
8.423020999999999980e-02
7.483386000000000204e-02
6.728610000000000146e-02
6.656265000000000098e-02
6.621588000000000473e-02
7.574335000000000095e-02
7.791791000000000689e-02
7.764994999999999536e-02
7.582036000000000331e-02
6.735831000000000457e-02
5.922444999999999793e-02
