5.184194999999999776e-02
7.582613000000000547e-02
8.370039999999999425e-02
9.909221000000000001e-02
1.103615399999999941e-01
1.074947099999999933e-01
8.982874000000000414e-02
6.928357999999999739e-02
7.507157000000000413e-02
8.429841999999999891e-02
9.919740999999999975e-02
1.032888099999999948e-01
1.269252300000000000e-01
1.161390800000000056e-01
8.547391000000000016e-02
1.038408900000000051e-01
9.834134999999999405e-02
7.842623999999999429e-02
8.957592000000000332e-02
8.581999999999999351e-02
7.051962999999999981e-02
7.568342000000000125e-02
1.119605800000000040e-01
7.788280000000000203e-02
1.129738200000000026e-01
1.135712299999999952e-01
1.272640700000000069e-01
1.326192200000000099e-01
1.253068099999999907e-01
1.102919599999999944e-01
9.008816999999999520e-02
8.671669999999999379e-02
7.454524999999999346e-02
1.128506299999999934e-01
1.362278600000000062e-01
1.189124899999999957e-01
9.999619999999999342e-02
1.278327900000000017e-01
1.708599500000000104e-01
1.784726199999999985e-01
1.573488399999999898e-01
1.016387400000000052e-01
1.563937499999999980e-01
1.518025000000000069e-01
2.452396500000000035e-01
4.209318200000000121e-01
4.641210100000000005e-01
4.731982900000000214e-01
4.095971899999999999e-01
3.451099100000000197e-01
3.335471999999999881e-01
2.768351099999999954e-01
1.639590599999999898e-01
1.635668399999999911e-01
7.162077000000000027e-02
7.689105999999999719e-02
9.567668000000000006e-02
9.445774999999999311e-02
1.168096700000000043e-01
1.284319499999999892e-01
1.405174700000000054e-01
1.435435899999999987e-01
1.226580800000000027e-01
7.194615999999999512e-02
