5.509813999999999684e-02
7.701652000000000498e-02
7.279942999999999831e-02
1.000371899999999981e-01
1.068082699999999968e-01
1.181851000000000013e-01
1.357595600000000013e-01
1.172879800000000000e-01
1.268029800000000096e-01
7.093349000000000182e-02
7.481707999999999414e-02
7.302108000000000210e-02
8.349455999999999545e-02
1.028312900000000057e-01
1.368689800000000012e-01
1.347696899999999975e-01
1.145625700000000025e-01
1.184576299999999943e-01
1.389987000000000028e-01
1.620257900000000029e-01
1.718346600000000002e-01
8.694881999999999611e-02
1.030594400000000022e-01
1.375641999999999976e-01
2.763727300000000109e-01
3.930372599999999994e-01
4.604349699999999990e-01
4.565579000000000165e-01
4.653379899999999791e-01
3.100349000000000022e-01
1.960399899999999973e-01
1.236284700000000042e-01
1.085758400000000068e-01
7.253803000000000334e-02
7.732777999999999874e-02
8.807415999999999856e-02
8.697831999999999786e-02
1.260383900000000001e-01
1.472916900000000029e-01
1.265475199999999967e-01
1.443814300000000050e-01
1.237143899999999935e-01
9.862049000000000509e-02
7.969484000000000290e-02
6.848007000000000399e-02
7.437407999999999519e-02
7.313769000000000520e-02
8.918238000000000554e-02
7.748009999999999620e-02
8.170584999999999654e-02
7.466346000000000094e-02
7.000380999999999965e-02
7.196766000000000274e-02
7.653303000000000189e-02
8.359527999999999404e-02
7.667951000000000628e-02
6.887440999999999702e-02
6.996302000000000076e-02
6.730205999999999689e-02
6.969251999999999392e-02
6.554145999999999583e-02
7.788169999999999815e-02
8.916596000000000244e-02
5.755471999999999672e-02
