5.518954000000000221e-02
8.309600000000000319e-02
7.282615000000000616e-02
7.487418999999999325e-02
6.696713999999999445e-02
7.309158999999999795e-02
7.149672999999999445e-02
7.592416999999999916e-02
7.846163000000000443e-02
7.182584999999999664e-02
7.102588999999999431e-02
6.853270999999999669e-02
7.343892999999999949e-02
8.470355999999999719e-02
8.405505000000000615e-02
7.761798999999999782e-02
7.313084999999999725e-02
7.797927999999999804e-02
8.169266000000000028e-02
8.756073000000000328e-02
8.486807000000000378e-02
7.812869999999999537e-02
7.146987000000000478e-02
7.195935000000000525e-02
7.540035000000000487e-02
7.978696000000000399e-02
7.878834999999999311e-02
8.998971000000000053e-02
8.796178999999999804e-02
1.127733999999999959e-01
1.335391999999999968e-01
1.136945000000000039e-01
9.423128000000000060e-02
1.022537000000000029e-01
1.084974999999999967e-01
1.617290500000000131e-01
1.935708499999999888e-01
2.710205299999999817e-01
3.752015799999999790e-01
3.606197199999999770e-01
2.704544400000000182e-01
1.436533299999999957e-01
1.046166800000000036e-01
1.035267299999999974e-01
7.176796000000000564e-02
7.558892999999999862e-02
7.017576999999999843e-02
8.159589999999999899e-02
9.435119000000000145e-02
1.456908100000000039e-01
1.624339399999999989e-01
1.628222300000000122e-01
1.238809399999999949e-01
1.088057000000000052e-01
8.750267000000000461e-02
8.630459999999999521e-02
8.295642000000000293e-02
9.171242000000000283e-02
6.991804000000000074e-02
7.582104000000000621e-02
8.335887999999999631e-02
8.861513000000000029e-02
9.913109999999999977e-02
5.644118000000000052e-02
