9.499910999999999772e-02
2.299949099999999969e-01
2.446194299999999988e-01
2.189048500000000119e-01
1.773485099999999870e-01
1.482928099999999971e-01
1.261842499999999978e-01
9.983896000000000437e-02
7.071481000000000294e-02
7.747629000000000321e-02
7.821264999999999468e-02
8.148429999999999562e-02
1.006491800000000048e-01
1.198324000000000056e-01
1.420338899999999960e-01
1.635579500000000075e-01
1.525824199999999964e-01
1.599394799999999950e-01
1.253550200000000114e-01
1.032259499999999969e-01
8.812064999999999482e-02
8.122762000000000038e-02
7.516572000000000531e-02
7.008079000000000391e-02
7.923473000000000321e-02
8.865327000000000623e-02
7.559322999999999737e-02
7.960034000000000554e-02
7.725856000000000390e-02
7.115755999999999470e-02
7.363277999999999490e-02
7.885983000000000576e-02
7.522674999999999501e-02
6.913655999999999968e-02
7.169934000000000029e-02
7.574872000000000549e-02
7.813504000000000282e-02
8.134687999999999641e-02
7.439882000000000439e-02
7.087363000000000690e-02
7.313321000000000405e-02
8.020082000000000599e-02
1.018556300000000026e-01
9.058921999999999808e-02
9.663824000000000025e-02
7.684802999999999773e-02
8.588207000000000479e-02
1.015267100000000061e-01
9.156330000000000024e-02
7.962510000000000421e-02
7.137654999999999694e-02
7.040333999999999481e-02
7.009838999999999654e-02
7.857073000000000529e-02
7.707395000000000218e-02
7.571095999999999382e-02
7.777096000000000009e-02
7.851141999999999843e-02
7.804055000000000020e-02
7.719781000000000559e-02
7.740281999999999718e-02
8.259125999999999967e-02
7.794004999999999683e-02
6.256272999999999695e-02
