5.660062999999999900e-02
6.704783999999999744e-02
6.682470000000000077e-02
6.808928000000000202e-02
7.019224000000000296e-02
7.103581999999999952e-02
6.569186000000000469e-02
6.507511000000000545e-02
6.449903999999999360e-02
7.083836000000000299e-02
7.285568000000000599e-02
6.493566000000000615e-02
6.898369999999999502e-02
7.492548000000000263e-02
8.395084999999999353e-02
9.197437999999999447e-02
7.889714000000000449e-02
8.069068999999999547e-02
6.619664000000000104e-02
7.288677000000000350e-02
8.088958000000000259e-02
9.756684999999999663e-02
1.176157699999999945e-01
1.074089599999999978e-01
9.429769999999999819e-02
9.745059999999999834e-02
1.259008600000000033e-01
1.590311699999999995e-01
1.215013900000000008e-01
8.453307000000000182e-02
8.318830000000000668e-02
1.335467100000000129e-01
2.749427600000000083e-01
4.614939100000000072e-01
4.771711200000000042e-01
5.034538499999999805e-01
5.085510600000000547e-01
4.652270399999999806e-01
3.323584800000000117e-01
1.916606899999999947e-01
1.071238600000000013e-01
7.287438000000000249e-02
6.843973000000000417e-02
7.054739000000000149e-02
9.504097000000000239e-02
1.175095599999999990e-01
1.249184899999999931e-01
1.345883200000000113e-01
1.036191800000000052e-01
1.688796399999999975e-01
1.447599199999999864e-01
1.574767699999999881e-01
1.088041700000000056e-01
1.056338400000000066e-01
8.750376999999999461e-02
9.464353999999999822e-02
8.732225999999999877e-02
1.175429199999999952e-01
1.089518800000000009e-01
8.694058000000000341e-02
1.232983799999999991e-01
1.166954999999999937e-01
1.339715400000000001e-01
6.231002000000000068e-02
