6.413243000000000416e-02
1.408211000000000046e-01
1.356842400000000115e-01
1.191297699999999959e-01
1.232976199999999967e-01
1.100713200000000003e-01
7.789469000000000254e-02
8.516919000000000572e-02
1.105220400000000019e-01
2.399468999999999907e-01
2.419224199999999991e-01
2.856058799999999787e-01
3.583111199999999830e-01
3.428503600000000207e-01
2.880130100000000137e-01
2.342173800000000028e-01
2.164835800000000088e-01
1.243292399999999936e-01
9.560757000000000283e-02
7.506379000000000523e-02
8.117117000000000082e-02
8.108390999999999516e-02
8.766535000000000299e-02
1.017974199999999996e-01
1.199038199999999943e-01
1.406526300000000007e-01
1.473138599999999909e-01
1.274523899999999987e-01
1.020203600000000044e-01
8.420769000000000171e-02
8.531521000000000243e-02
7.992649000000000281e-02
8.552123000000000363e-02
1.044719199999999959e-01
9.430921000000000443e-02
9.621424000000000643e-02
8.912519000000000691e-02
7.026229999999999976e-02
7.353558000000000316e-02
7.088695000000000412e-02
6.966867000000000199e-02
7.217777999999999694e-02
6.866302999999999990e-02
7.172771999999999482e-02
6.996291000000000315e-02
7.755135999999999974e-02
8.548772000000000315e-02
9.202388999999999708e-02
9.384765999999999941e-02
8.051473000000000657e-02
8.004218000000000444e-02
7.498319999999999985e-02
8.431102000000000041e-02
8.978292999999999691e-02
9.017405000000000559e-02
7.583797999999999928e-02
7.017344999999999833e-02
6.970047999999999522e-02
7.516710000000000058e-02
7.937028000000000139e-02
9.686788999999999816e-02
8.717932999999999932e-02
7.532033000000000478e-02
5.768165000000000098e-02
