5.343508000000000285e-02
6.704010000000000524e-02
6.780877999999999906e-02
6.392667000000000488e-02
6.480035000000000656e-02
6.888226999999999545e-02
8.122635000000000272e-02
8.227022999999999975e-02
8.670788000000000106e-02
7.627925000000000677e-02
6.592976000000000392e-02
6.424475000000000324e-02
7.108760000000000079e-02
7.932074999999999543e-02
7.187527000000000499e-02
7.710720000000000074e-02
6.925291000000000086e-02
6.996927000000000008e-02
7.186302999999999441e-02
8.569711000000000689e-02
8.603373999999999744e-02
7.439067000000000596e-02
7.217608999999999830e-02
8.456468000000000318e-02
7.185793999999999515e-02
1.019615600000000066e-01
8.551137000000000321e-02
7.638333999999999402e-02
6.865622999999999865e-02
6.750971999999999529e-02
8.136448000000000291e-02
7.595984999999999543e-02
7.299495000000000289e-02
8.600183999999999607e-02
8.785639000000000642e-02
9.426189999999999569e-02
7.662879000000000218e-02
7.804403999999999508e-02
8.205453999999999526e-02
8.869796000000000624e-02
6.984297999999999895e-02
6.716205999999999565e-02
8.075495000000000589e-02
9.654058999999999557e-02
1.024029999999999940e-01
1.049029699999999982e-01
1.291963899999999943e-01
1.443969599999999909e-01
9.964932999999999430e-02
7.253223000000000309e-02
8.858406000000000613e-02
9.118758999999999892e-02
1.325468700000000111e-01
1.886083000000000065e-01
2.908027499999999987e-01
3.009812499999999780e-01
3.033861800000000053e-01
3.054729400000000261e-01
3.078331599999999946e-01
2.873117000000000032e-01
2.170507200000000025e-01
1.745321499999999970e-01
1.036131799999999992e-01
6.027529000000000220e-02
