6.263602999999999532e-02
9.312552999999999803e-02
8.151648999999999701e-02
7.522413000000000016e-02
7.973800999999999806e-02
9.046774000000000482e-02
8.867455999999999949e-02
6.924337999999999327e-02
7.821422000000000097e-02
7.599198999999999538e-02
7.815674000000000232e-02
8.621333999999999942e-02
9.603446999999999678e-02
1.057444399999999951e-01
1.092486599999999974e-01
9.137839999999999852e-02
6.870324999999999349e-02
6.935499999999999998e-02
8.732847000000000526e-02
8.277969000000000299e-02
1.106795299999999982e-01
9.037169000000000452e-02
1.016135900000000036e-01
1.083189199999999991e-01
1.029226699999999939e-01
1.297650899999999996e-01
1.243042699999999945e-01
7.927378000000000202e-02
8.835708000000000450e-02
1.792295899999999942e-01
2.361155699999999968e-01
3.245089899999999972e-01
3.643851900000000255e-01
3.919050700000000220e-01
3.044757499999999895e-01
2.652055300000000226e-01
2.287485700000000122e-01
1.381313399999999914e-01
9.727304000000000506e-02
7.556909000000000542e-02
7.118283000000000249e-02
9.635000000000000508e-02
8.729183000000000081e-02
1.004276499999999933e-01
1.003345499999999946e-01
1.122462099999999990e-01
9.545289999999999331e-02
9.533445999999999587e-02
9.999118999999999369e-02
7.524807999999999497e-02
7.017260000000000164e-02
7.842367000000000088e-02
7.553348000000000007e-02
7.700353000000000059e-02
9.267401999999999584e-02
9.293519999999999559e-02
1.031163999999999970e-01
7.391549999999999510e-02
9.039452000000000598e-02
7.748797000000000323e-02
7.470232000000000261e-02
8.116766999999999732e-02
6.902745999999999882e-02
5.643237999999999727e-02
