7.877905999999999798e-02
2.140205699999999933e-01
2.325974000000000097e-01
2.295250400000000135e-01
2.115151600000000076e-01
2.163355899999999943e-01
1.996279400000000037e-01
1.464930600000000083e-01
1.158399999999999985e-01
1.029953400000000047e-01
1.114151300000000011e-01
7.569604000000000610e-02
6.985365999999999798e-02
7.766025999999999485e-02
7.460798000000000429e-02
7.287146999999999375e-02
7.770965000000000511e-02
8.784424999999999872e-02
8.612522000000000233e-02
7.893646999999999470e-02
8.264180000000000137e-02
7.709855999999999654e-02
7.162184000000000605e-02
7.036064000000000207e-02
7.119354999999999434e-02
7.571869000000000516e-02
6.674309000000000491e-02
6.713320999999999872e-02
6.629522999999999666e-02
6.811615999999999504e-02
6.612634000000000567e-02
6.554975999999999858e-02
6.773927000000000420e-02
6.733111999999999431e-02
6.512909000000000059e-02
6.502689000000000386e-02
6.649507999999999808e-02
7.111781000000000352e-02
7.202245999999999648e-02
6.899639999999999940e-02
6.692712000000000661e-02
6.730134999999999590e-02
6.989135000000000486e-02
7.622099999999999709e-02
7.690536000000000594e-02
7.432777999999999607e-02
6.835927999999999449e-02
6.922559999999999825e-02
6.544320000000000692e-02
6.704446999999999490e-02
6.750597999999999321e-02
7.030588000000000115e-02
6.817339999999999511e-02
6.935711999999999433e-02
6.983802000000000065e-02
6.954412999999999567e-02
7.020089999999999664e-02
7.274289999999999923e-02
7.856876000000000138e-02
6.856270999999999893e-02
6.747079999999999744e-02
6.679828999999999628e-02
6.364021999999999735e-02
5.295721999999999929e-02
