5.727899000000000185e-02
7.324226000000000347e-02
7.496682999999999819e-02
6.837128000000000649e-02
6.545976000000000572e-02
7.321044000000000163e-02
7.771938000000000457e-02
8.924276999999999904e-02
9.969081999999999943e-02
9.632767999999999886e-02
7.267991999999999508e-02
7.249753999999999921e-02
6.982149999999999468e-02
7.421340999999999355e-02
7.600891999999999371e-02
9.561933999999999712e-02
8.099040000000000405e-02
7.870370000000000144e-02
6.933878000000000263e-02
8.969488999999999934e-02
8.234334999999999571e-02
1.017481199999999975e-01
8.787604999999999722e-02
7.679991999999999375e-02
7.981702999999999715e-02
1.017574499999999993e-01
1.110371099999999944e-01
8.735107000000000288e-02
7.997044999999999848e-02
7.543650999999999829e-02
7.071260000000000046e-02
8.579707999999999779e-02
8.674184000000000061e-02
8.222529000000000643e-02
9.930642000000000635e-02
1.064978800000000031e-01
7.871970999999999830e-02
9.960919000000000023e-02
8.757555000000000200e-02
8.720469999999999611e-02
7.668471999999999789e-02
7.775906999999999958e-02
9.864441999999999655e-02
1.174582599999999949e-01
1.047872499999999985e-01
1.175400300000000037e-01
1.333453400000000066e-01
1.943144599999999944e-01
1.497047800000000095e-01
1.122117599999999937e-01
7.795146000000000019e-02
7.491467999999999738e-02
1.002137300000000009e-01
1.453943000000000041e-01
2.905149200000000098e-01
3.332641100000000023e-01
4.320696600000000220e-01
4.472217299999999840e-01
4.235390700000000175e-01
3.682476599999999767e-01
2.878411699999999795e-01
2.704308000000000267e-01
1.915297800000000106e-01
6.192903000000000296e-02
