5.572370000000000101e-02
6.806903000000000259e-02
6.876743999999999912e-02
7.009642000000000650e-02
7.618049000000000348e-02
8.247980000000000589e-02
9.073852999999999780e-02
8.684925999999999757e-02
8.819950999999999486e-02
7.048002999999999907e-02
6.848139999999999783e-02
6.957380000000000508e-02
7.476821999999999635e-02
8.718259999999999899e-02
7.359093999999999358e-02
7.342318999999999929e-02
7.156142000000000059e-02
7.311270999999999742e-02
8.135973999999999984e-02
8.521826000000000401e-02
8.119672999999999474e-02
7.243829999999999714e-02
8.126775999999999445e-02
8.360692000000000124e-02
8.964513000000000342e-02
9.126895999999999620e-02
7.905143000000000586e-02
8.357137000000000593e-02
7.321817999999999382e-02
7.978341999999999379e-02
7.569911000000000001e-02
7.818679000000000601e-02
8.158219999999999361e-02
9.751753999999999978e-02
1.125905700000000009e-01
1.140734300000000034e-01
7.630059000000000147e-02
7.116289000000000642e-02
8.095014999999999850e-02
9.783482000000000289e-02
8.489119999999999999e-02
7.423401000000000305e-02
9.700301000000000062e-02
1.098582099999999978e-01
1.527482699999999916e-01
1.452260300000000059e-01
1.720933799999999902e-01
1.654419599999999990e-01
1.038336200000000015e-01
1.208540200000000064e-01
1.788110300000000097e-01
1.727354700000000021e-01
2.544244500000000242e-01
3.715121399999999907e-01
4.043493599999999910e-01
3.823220999999999981e-01
3.935593399999999797e-01
3.367071999999999843e-01
2.865727200000000030e-01
2.658393399999999795e-01
1.683541699999999974e-01
1.186400799999999950e-01
7.363638000000000128e-02
6.114735999999999783e-02
