5.917868999999999907e-02
7.026540000000000563e-02
7.470685000000000520e-02
7.665238000000000607e-02
9.093829000000000495e-02
9.689868999999999566e-02
1.027299899999999933e-01
9.379614999999999481e-02
8.504016000000000353e-02
7.486368000000000189e-02
8.046354999999999480e-02
8.263869000000000076e-02
8.660323999999999800e-02
8.530799999999999494e-02
7.137544999999999307e-02
7.071025999999999700e-02
9.334446000000000410e-02
8.764926000000000661e-02
9.070599000000000023e-02
7.768310999999999966e-02
7.701288000000000578e-02
7.918461000000000249e-02
1.082186299999999962e-01
9.897609999999999741e-02
7.337095999999999896e-02
8.078440000000000620e-02
7.498356000000000465e-02
1.046656400000000042e-01
1.268228299999999975e-01
7.721667999999999588e-02
7.591581000000000023e-02
1.138344200000000056e-01
1.178146000000000054e-01
8.627746000000000026e-02
1.034132200000000001e-01
9.086531000000000469e-02
7.697249999999999925e-02
1.029449399999999987e-01
1.428752399999999867e-01
1.322810100000000044e-01
1.250708399999999887e-01
1.557099100000000069e-01
1.387566000000000077e-01
1.324545400000000095e-01
1.435936700000000066e-01
1.355912200000000123e-01
9.581525999999999932e-02
1.070017399999999980e-01
1.214566499999999993e-01
2.300618700000000016e-01
3.721671699999999916e-01
4.145330199999999743e-01
4.595332999999999779e-01
4.841892400000000207e-01
4.563445199999999757e-01
3.488899200000000200e-01
2.310060999999999920e-01
1.741348400000000129e-01
1.298117500000000035e-01
1.028375499999999998e-01
7.504637999999999587e-02
8.118422000000000138e-02
7.652377000000000484e-02
6.073332000000000036e-02
