5.843285000000000146e-02
7.870438999999999907e-02
7.991476000000000135e-02
8.027497999999999578e-02
7.954313999999999829e-02
7.952172999999999881e-02
7.340860999999999914e-02
7.885767000000000471e-02
7.932414000000000132e-02
7.163556000000000090e-02
7.560933999999999711e-02
7.288466999999999862e-02
7.066090999999999345e-02
7.232724000000000097e-02
7.895117000000000107e-02
7.798120000000000052e-02
7.133251000000000175e-02
8.185766999999999349e-02
9.543525999999999399e-02
1.045685600000000048e-01
1.158552199999999949e-01
1.106715800000000055e-01
1.002235900000000013e-01
6.932757000000000502e-02
7.611017999999999950e-02
8.226717999999999531e-02
9.368980000000000363e-02
8.208785000000000387e-02
9.289053999999999367e-02
1.020638199999999995e-01
1.255418199999999984e-01
1.120989399999999941e-01
1.013261300000000004e-01
7.449008999999999492e-02
7.867126000000000674e-02
9.133824999999999583e-02
1.453500799999999926e-01
2.945418699999999834e-01
2.988322099999999870e-01
3.288391500000000245e-01
2.760634399999999933e-01
2.344826499999999869e-01
1.578656099999999896e-01
1.239451599999999987e-01
8.270507000000000553e-02
1.004380400000000062e-01
8.838493000000000044e-02
1.188121099999999986e-01
7.965537999999999785e-02
1.255584800000000001e-01
1.065101799999999960e-01
1.762969000000000064e-01
1.326361299999999910e-01
1.479762799999999878e-01
1.101728500000000027e-01
9.589214000000000071e-02
8.192866000000000037e-02
7.512552999999999592e-02
6.926387999999999989e-02
8.249784000000000284e-02
7.050525000000000542e-02
9.323531000000000180e-02
1.042956099999999969e-01
5.639481999999999828e-02
