6.179541999999999674e-02
9.038575999999999555e-02
8.383675000000000155e-02
9.297867999999999411e-02
7.274458999999999786e-02
7.538910000000000056e-02
6.818230000000000124e-02
7.244947999999999666e-02
7.650990000000000568e-02
7.213662999999999326e-02
8.476482000000000461e-02
7.338081000000000464e-02
8.872335000000000638e-02
1.034974800000000028e-01
1.272382699999999867e-01
1.269763399999999931e-01
8.302872000000000030e-02
7.524184999999999901e-02
7.728720999999999508e-02
9.057437000000000127e-02
9.188156000000000101e-02
8.518583999999999878e-02
9.994134000000000351e-02
1.096014800000000011e-01
1.140053300000000019e-01
1.435058300000000009e-01
1.578653499999999876e-01
1.350800500000000071e-01
8.411773000000000167e-02
9.759236999999999773e-02
1.548774800000000118e-01
2.188149500000000081e-01
3.129764800000000013e-01
4.266409299999999738e-01
3.553451899999999775e-01
3.383882899999999805e-01
3.107688699999999749e-01
2.234646799999999989e-01
1.040773599999999938e-01
7.691934999999999745e-02
7.526544999999999763e-02
8.340535000000000310e-02
1.046657899999999947e-01
1.164226299999999992e-01
1.114854599999999946e-01
1.236481700000000017e-01
1.540353600000000101e-01
1.650190099999999938e-01
1.149608000000000019e-01
9.144697999999999716e-02
8.052661999999999320e-02
8.789777000000000007e-02
8.277445999999999415e-02
9.332442000000000515e-02
8.586185000000000345e-02
8.570959000000000216e-02
1.146871200000000035e-01
1.246809400000000040e-01
1.238610899999999931e-01
8.585338000000000691e-02
7.576776999999999818e-02
8.860529999999999795e-02
6.781302000000000163e-02
6.197194999999999787e-02
