5.625370999999999844e-02
7.065345000000000653e-02
8.255705000000000682e-02
7.145455000000000556e-02
6.697026999999999841e-02
7.390241000000000171e-02
7.423084000000000626e-02
8.227447000000000232e-02
8.589069000000000564e-02
8.397180999999999396e-02
7.939794999999999492e-02
7.439379999999999604e-02
6.799313999999999358e-02
7.214307999999999832e-02
7.789355000000000584e-02
9.029719999999999414e-02
1.076245799999999975e-01
8.984351000000000143e-02
7.780808999999999642e-02
9.686738000000000293e-02
1.128532099999999955e-01
1.076116599999999979e-01
9.265755000000000519e-02
6.727089999999999459e-02
6.942191000000000334e-02
8.998409999999999742e-02
1.434585899999999969e-01
2.348270899999999883e-01
2.876015900000000181e-01
2.717515799999999926e-01
2.439643099999999898e-01
2.398077799999999982e-01
1.881634399999999874e-01
1.041472400000000020e-01
1.143640600000000035e-01
8.488162000000000484e-02
6.938104000000000493e-02
7.117785000000000084e-02
7.390639000000000236e-02
7.484293000000000196e-02
9.253656000000000381e-02
1.133575799999999995e-01
1.051723600000000064e-01
1.291973600000000111e-01
1.107359299999999963e-01
8.586120999999999337e-02
6.821156000000000441e-02
6.908258999999999928e-02
8.149473000000000134e-02
8.980301000000000256e-02
8.121783999999999948e-02
7.826415000000000455e-02
7.768877000000000421e-02
8.561589999999999478e-02
7.498842000000000008e-02
8.664225999999999872e-02
7.661255000000000148e-02
7.675656999999999619e-02
7.030248000000000053e-02
7.963847999999999761e-02
9.169790999999999359e-02
7.461666999999999605e-02
6.709207999999999839e-02
5.945310000000000178e-02
