5.144705000000000111e-02
8.820189999999999975e-02
8.431020999999999654e-02
1.163961099999999971e-01
1.467586899999999972e-01
1.027854799999999985e-01
1.265496200000000016e-01
7.525429999999999620e-02
8.803735000000000033e-02
7.313029000000000057e-02
7.401979999999999671e-02
7.233267000000000169e-02
8.285605999999999527e-02
1.046073200000000036e-01
1.366076300000000077e-01
1.465032099999999948e-01
1.660856300000000119e-01
1.562131599999999898e-01
1.426803199999999994e-01
1.335610600000000092e-01
1.099800100000000030e-01
7.964034000000000391e-02
1.564708800000000066e-01
2.263957400000000120e-01
3.315233899999999734e-01
4.510208700000000182e-01
4.802630800000000089e-01
4.073487199999999975e-01
4.031660599999999928e-01
2.456880999999999926e-01
1.721477800000000002e-01
1.033116800000000030e-01
9.567583999999999811e-02
8.681402000000000563e-02
8.228665999999999758e-02
9.540817999999999521e-02
1.139166900000000010e-01
1.747564500000000076e-01
2.096767400000000003e-01
1.797688600000000025e-01
1.208655399999999935e-01
9.223338000000000370e-02
8.475897000000000292e-02
7.815985000000000293e-02
7.778516000000000596e-02
8.606829000000000562e-02
7.609183999999999393e-02
9.178300999999999821e-02
8.563112000000000501e-02
9.833693000000000295e-02
8.151429999999999787e-02
7.395606000000000402e-02
8.931952999999999421e-02
7.756024999999999725e-02
9.115974999999999773e-02
8.338213999999999348e-02
7.092363999999999613e-02
6.931982999999999895e-02
6.873503000000000251e-02
7.151635000000000630e-02
6.980097000000000385e-02
7.456206999999999419e-02
8.984855999999999399e-02
5.749784000000000145e-02
