5.490744999999999654e-02
6.898492999999999986e-02
7.669874000000000136e-02
8.385252999999999457e-02
9.275128000000000539e-02
8.730815000000000103e-02
7.138772000000000173e-02
6.658878000000000019e-02
6.470628999999999964e-02
8.182636999999999550e-02
1.048544799999999999e-01
7.893641999999999326e-02
7.174133000000000593e-02
7.967646999999999924e-02
8.617561999999999445e-02
1.112996900000000067e-01
1.028232800000000030e-01
1.123193299999999950e-01
7.423059999999999381e-02
6.860270000000000257e-02
7.137042999999999859e-02
8.444347000000000658e-02
1.070766999999999969e-01
1.032016399999999973e-01
8.595553999999999695e-02
1.107927699999999988e-01
1.328646400000000061e-01
1.968836900000000001e-01
1.306643600000000072e-01
8.396167000000000213e-02
6.827548999999999424e-02
1.199076399999999959e-01
1.540689199999999981e-01
3.491831699999999872e-01
3.388858399999999937e-01
3.699047300000000149e-01
3.777685800000000205e-01
3.450596599999999903e-01
2.159148800000000035e-01
1.478089999999999959e-01
7.408921999999999730e-02
6.509874000000000216e-02
6.864257999999999471e-02
7.080348999999999671e-02
7.947948999999999986e-02
1.091386899999999965e-01
1.185664599999999985e-01
1.507505899999999899e-01
1.174700000000000050e-01
1.251630800000000099e-01
1.176794399999999963e-01
1.304530799999999990e-01
8.275936999999999877e-02
8.609094999999999942e-02
1.098081000000000057e-01
9.545778000000000596e-02
1.027257800000000026e-01
1.172767700000000024e-01
1.221496599999999932e-01
8.932046999999999903e-02
9.581897999999999804e-02
9.682765000000000122e-02
8.669799000000000255e-02
5.826395000000000185e-02
