5.254028000000000170e-02
8.318285999999999736e-02
8.742392000000000218e-02
8.735384000000000204e-02
9.030254000000000059e-02
1.161355699999999935e-01
1.116462800000000005e-01
1.322884400000000071e-01
1.515705099999999916e-01
1.105408999999999975e-01
1.043102399999999985e-01
7.767395000000000549e-02
7.756140999999999730e-02
1.276654500000000136e-01
1.993950800000000023e-01
3.051467500000000221e-01
3.554174600000000184e-01
3.263385599999999998e-01
3.151023700000000205e-01
3.117358399999999863e-01
2.489081900000000014e-01
1.515752700000000119e-01
1.089717099999999994e-01
8.697180999999999662e-02
7.218924000000000174e-02
8.074011999999999856e-02
9.046669999999999712e-02
8.816467999999999527e-02
9.710855999999999655e-02
1.461081499999999922e-01
1.597219400000000067e-01
1.285963499999999982e-01
1.215475599999999989e-01
9.720086999999999477e-02
9.609682999999999420e-02
8.492848000000000064e-02
7.955758000000000274e-02
7.941265999999999603e-02
8.307541999999999704e-02
8.834802999999999407e-02
7.926329000000000014e-02
8.160306999999999977e-02
7.470150000000000401e-02
7.074307999999999985e-02
6.823788999999999549e-02
7.457674000000000247e-02
7.568020000000000302e-02
7.530040999999999818e-02
6.920840000000000325e-02
7.226377000000000494e-02
8.488215000000000343e-02
8.855369000000000435e-02
9.277805000000000080e-02
8.503376999999999464e-02
7.828501999999999683e-02
7.160795000000000354e-02
6.894097999999999893e-02
7.412665999999999700e-02
7.921393000000000184e-02
7.067635999999999363e-02
7.262499999999999512e-02
8.021011000000000113e-02
7.408309999999999895e-02
5.892337999999999743e-02
