5.563392000000000337e-02
9.005377999999999994e-02
1.342202299999999959e-01
1.838895200000000008e-01
2.223726199999999931e-01
2.406950700000000110e-01
2.604752799999999757e-01
2.287855099999999975e-01
1.972933699999999957e-01
1.934488400000000108e-01
1.936232099999999900e-01
1.288599400000000061e-01
9.416937000000000224e-02
7.581324000000000396e-02
7.753034000000000314e-02
9.174387000000000514e-02
8.429050000000000431e-02
8.564248000000000693e-02
1.038833100000000065e-01
1.004779999999999979e-01
1.151499799999999990e-01
1.159262699999999979e-01
1.118609599999999954e-01
8.291152999999999718e-02
7.216443000000000163e-02
7.006445999999999508e-02
7.469259000000000315e-02
7.820684999999999443e-02
7.908415000000000583e-02
7.832617000000000052e-02
6.868428999999999507e-02
6.995294000000000512e-02
7.107673999999999936e-02
6.953869999999999496e-02
6.964596000000000675e-02
6.441958000000000406e-02
6.902018999999999516e-02
7.136956999999999329e-02
7.216277000000000108e-02
6.628178999999999321e-02
6.629590999999999956e-02
6.646148999999999807e-02
7.967839999999999645e-02
7.348084000000000560e-02
6.633426000000000600e-02
6.675792999999999311e-02
6.977693999999999563e-02
7.036045999999999967e-02
6.893902999999999837e-02
7.778114999999999335e-02
7.262319000000000413e-02
6.980677999999999883e-02
6.586587000000000691e-02
7.847553000000000167e-02
8.736325000000000340e-02
8.979043000000000441e-02
8.586681999999999648e-02
6.888945999999999958e-02
6.529173000000000615e-02
6.685646000000000644e-02
7.291482000000000518e-02
7.236106999999999956e-02
8.192915000000000614e-02
5.785142000000000062e-02
