5.519481999999999861e-02
6.619163000000000130e-02
6.546200000000000629e-02
6.666537000000000157e-02
7.045796999999999477e-02
7.482102000000000197e-02
7.868108999999999520e-02
7.455952000000000413e-02
7.266493000000000257e-02
6.771882999999999375e-02
6.855432999999999666e-02
6.556989000000000567e-02
6.822514000000000356e-02
7.239692999999999823e-02
7.178816000000000364e-02
6.996415000000000273e-02
6.896289999999999365e-02
6.981194999999999762e-02
7.301944000000000490e-02
7.488810999999999385e-02
7.240373999999999421e-02
6.926110000000000599e-02
7.167774000000000367e-02
7.307526000000000299e-02
7.239890999999999688e-02
8.207841000000000442e-02
6.993989999999999929e-02
6.833048999999999373e-02
6.568045999999999607e-02
6.720837000000000339e-02
6.770621999999999752e-02
6.878682999999999326e-02
7.151106000000000129e-02
7.248891000000000362e-02
7.567973000000000061e-02
7.790785999999999545e-02
6.768905000000000061e-02
6.773097000000000145e-02
6.917231999999999548e-02
7.150130999999999848e-02
7.057412999999999881e-02
6.985818000000000583e-02
7.538187999999999833e-02
8.024274000000000684e-02
8.051279999999999548e-02
7.366325999999999430e-02
8.055463999999999680e-02
8.780185000000000073e-02
7.684738000000000679e-02
7.575477999999999379e-02
8.084803000000000128e-02
8.063810000000000422e-02
9.799133000000000149e-02
1.161424000000000067e-01
1.482437299999999902e-01
1.452432600000000129e-01
1.490643600000000069e-01
1.464243399999999862e-01
1.382294900000000104e-01
1.147787100000000060e-01
8.784358999999999917e-02
8.093859999999999943e-02
6.846683000000000630e-02
5.618973000000000023e-02
