7.286650999999999545e-02
9.569759999999999378e-02
1.659129699999999930e-01
1.228554399999999963e-01
1.261494599999999910e-01
1.623072799999999982e-01
1.703756999999999910e-01
1.472780900000000004e-01
2.008021899999999915e-01
1.314095600000000086e-01
1.562279900000000110e-01
8.116689000000000542e-02
1.274565800000000138e-01
2.259905600000000070e-01
2.955402400000000096e-01
3.998289099999999818e-01
4.603270300000000259e-01
4.273675699999999744e-01
3.817880499999999899e-01
3.623678699999999808e-01
2.895695600000000036e-01
1.672978999999999994e-01
1.013730699999999957e-01
8.150367999999999502e-02
8.362087999999999466e-02
8.478209000000000439e-02
9.506138000000000088e-02
1.048438800000000004e-01
1.171825799999999945e-01
1.679063299999999925e-01
1.993446799999999963e-01
1.353937199999999952e-01
1.227499699999999999e-01
8.522963999999999540e-02
8.585784999999999945e-02
9.542362000000000066e-02
8.686162999999999523e-02
7.671202000000000576e-02
7.656324999999999936e-02
8.395326999999999651e-02
8.219848999999999906e-02
7.860237000000000473e-02
7.251962000000000685e-02
6.978075000000000250e-02
6.690155000000000407e-02
7.273445000000000604e-02
7.337644000000000111e-02
7.459602999999999373e-02
7.207333000000000489e-02
8.841559000000000224e-02
1.000164199999999948e-01
8.779942000000000302e-02
8.513486000000000664e-02
7.950155000000000416e-02
7.072517000000000387e-02
6.838154000000000454e-02
7.434685000000000599e-02
7.949443999999999955e-02
8.626736999999999600e-02
7.987379000000000007e-02
6.571367000000000180e-02
7.153001000000000498e-02
6.643061999999999578e-02
6.066296000000000188e-02
