5.471751999999999866e-02
6.570268999999999415e-02
8.032216000000000355e-02
7.862855000000000538e-02
7.195493999999999502e-02
8.797030999999999601e-02
7.484332999999999958e-02
7.323627000000000609e-02
7.252764000000000433e-02
7.694487999999999328e-02
7.893991000000000202e-02
7.666773000000000338e-02
7.063833999999999391e-02
7.569341000000000264e-02
7.563362999999999337e-02
6.782322999999999824e-02
7.430156999999999734e-02
6.902273999999999909e-02
6.651749999999999330e-02
7.328030000000000654e-02
9.501544000000000656e-02
8.728196000000000565e-02
8.775162999999999713e-02
8.197256999999999461e-02
7.040193999999999619e-02
7.225871000000000377e-02
1.196299200000000007e-01
1.491710400000000047e-01
1.581776900000000097e-01
1.518354899999999896e-01
1.627907600000000066e-01
1.487014399999999903e-01
1.146228200000000003e-01
1.009926399999999946e-01
7.345596999999999543e-02
8.825821999999999834e-02
9.046268000000000364e-02
8.381642000000000259e-02
8.317436000000000274e-02
8.169231000000000409e-02
8.587844000000000033e-02
7.045638999999999375e-02
9.949426000000000103e-02
7.882174000000000125e-02
8.258551000000000086e-02
7.004660999999999527e-02
6.628644999999999676e-02
6.533303000000000027e-02
6.697619000000000489e-02
6.923991999999999647e-02
7.109777999999999931e-02
6.952740000000000309e-02
7.105939999999999479e-02
7.183979000000000059e-02
6.900900000000000090e-02
7.789638999999999591e-02
7.168011000000000521e-02
7.293407999999999836e-02
7.131015000000000270e-02
6.665798000000000556e-02
7.083001999999999354e-02
6.720966000000000440e-02
6.693280000000000063e-02
5.557432000000000344e-02
