5.760109000000000062e-02
6.801773999999999321e-02
6.630684000000000577e-02
6.871314000000000588e-02
7.444960999999999940e-02
8.505769999999999997e-02
7.956908999999999510e-02
8.824273000000000533e-02
8.857307999999999848e-02
6.782262999999999487e-02
6.798406999999999367e-02
6.985523999999999900e-02
7.029428000000000065e-02
8.169411999999999507e-02
9.407664000000000304e-02
9.258212000000000386e-02
7.818775000000000031e-02
7.439780999999999478e-02
8.497760000000000036e-02
9.039263000000000159e-02
1.046802000000000010e-01
7.984281999999999491e-02
7.055965000000000154e-02
7.706767000000000478e-02
9.979768999999999446e-02
1.308878400000000053e-01
1.436214299999999944e-01
1.936672500000000130e-01
1.632064300000000134e-01
1.668621499999999869e-01
1.141752099999999992e-01
9.336171000000000053e-02
9.649974999999999525e-02
8.257942999999999534e-02
6.579216999999999704e-02
7.062595000000000678e-02
7.151942999999999495e-02
7.140852000000000310e-02
1.114905699999999972e-01
1.000022099999999942e-01
1.253911600000000015e-01
9.907000000000000528e-02
1.084334200000000026e-01
8.399769999999999459e-02
8.416648000000000185e-02
6.625040999999999569e-02
7.518558999999999659e-02
7.876672999999999314e-02
6.938173999999999730e-02
7.185349000000000597e-02
7.292690999999999757e-02
7.255330000000000112e-02
7.913765000000000382e-02
6.869685999999999848e-02
7.970380000000000520e-02
6.820336000000000454e-02
7.008860000000000090e-02
6.808938999999999964e-02
7.741702999999999779e-02
6.863906000000000174e-02
6.957694999999999852e-02
6.736430999999999669e-02
6.549731000000000303e-02
5.411918999999999758e-02
