5.292018999999999890e-02
6.818072000000000021e-02
6.776047000000000320e-02
7.094952999999999677e-02
7.228168999999999567e-02
7.082723999999999964e-02
7.050629999999999398e-02
6.366362000000000410e-02
6.542915000000000536e-02
6.895465000000000622e-02
7.428268000000000371e-02
7.253908000000000578e-02
6.912843000000000460e-02
6.752386999999999972e-02
6.883131000000000665e-02
6.789841000000000626e-02
7.100607999999999920e-02
7.113144999999999885e-02
7.103365000000000373e-02
6.799874000000000196e-02
6.810264000000000595e-02
7.184422000000000030e-02
7.524722000000000355e-02
7.115728999999999804e-02
6.669606000000000146e-02
6.587642000000000497e-02
6.708530000000000049e-02
7.563338000000000005e-02
7.450898999999999717e-02
6.896752999999999911e-02
7.124816000000000482e-02
7.298963999999999452e-02
7.708273000000000208e-02
8.091110999999999442e-02
7.731367000000000100e-02
7.340552999999999662e-02
6.869986000000000148e-02
7.142339999999999800e-02
8.227874999999999772e-02
7.961308999999999747e-02
7.470142999999999922e-02
7.624003000000000030e-02
8.346133000000000024e-02
8.900608999999999604e-02
9.058043000000000344e-02
7.448981000000000352e-02
7.206587000000000409e-02
7.137412999999999397e-02
7.637993999999999339e-02
1.035319499999999976e-01
1.243348400000000020e-01
1.330926000000000053e-01
1.589329399999999948e-01
1.744169399999999925e-01
1.686755100000000007e-01
1.496276900000000076e-01
1.279939599999999900e-01
1.064295199999999997e-01
1.041335300000000019e-01
8.712427000000000366e-02
7.030690000000000550e-02
6.932981000000000560e-02
6.772155000000000535e-02
5.431634999999999935e-02
