7.604713999999999918e-02
1.503492300000000004e-01
1.489846999999999977e-01
1.130490100000000053e-01
9.633463999999999916e-02
9.063796000000000352e-02
8.404797999999999436e-02
1.101377500000000065e-01
1.858559800000000040e-01
3.134531400000000190e-01
3.933671400000000040e-01
3.894949300000000170e-01
3.919267399999999957e-01
3.706248699999999952e-01
3.051657099999999789e-01
2.470895100000000122e-01
1.983004200000000050e-01
1.114353200000000044e-01
8.743254999999999777e-02
7.365183999999999620e-02
7.537652999999999714e-02
7.836722999999999606e-02
8.668510999999999578e-02
1.003838499999999967e-01
1.378281100000000037e-01
1.587018500000000054e-01
1.303125800000000112e-01
1.262163500000000049e-01
9.367322999999999622e-02
8.064557999999999449e-02
8.354475999999999569e-02
8.626962000000000519e-02
9.584832999999999548e-02
1.062380500000000005e-01
1.010585400000000023e-01
9.751774000000000553e-02
8.135037999999999991e-02
7.072562999999999767e-02
7.288205999999999851e-02
7.625044000000000266e-02
7.298981000000000219e-02
7.019543000000000310e-02
6.655745999999999885e-02
7.171081999999999457e-02
7.214557000000000608e-02
7.784815000000000484e-02
7.827781999999999796e-02
8.514376999999999363e-02
8.125187999999999855e-02
7.369475999999999805e-02
7.782740999999999965e-02
7.368231999999999560e-02
8.003048999999999580e-02
8.538788999999999407e-02
8.052943999999999380e-02
7.451151000000000302e-02
7.044264999999999555e-02
6.636628999999999445e-02
6.651616000000000473e-02
6.955965999999999538e-02
7.718018000000000101e-02
7.351707000000000380e-02
6.832344999999999391e-02
5.432646000000000003e-02
