5.506053999999999810e-02
6.565268999999999966e-02
6.820410999999999835e-02
7.697236999999999829e-02
7.817867000000000566e-02
7.701645000000000019e-02
6.806307999999999803e-02
6.605094000000000243e-02
6.711116000000000303e-02
7.665974999999999873e-02
8.504984000000000155e-02
7.053977999999999637e-02
7.068054999999999477e-02
7.588079999999999825e-02
8.088119000000000558e-02
9.643815000000000026e-02
9.560438999999999743e-02
9.294797000000000475e-02
7.371630999999999323e-02
6.636809999999999932e-02
6.780793999999999710e-02
7.524548000000000347e-02
9.558838999999999531e-02
9.035714999999999719e-02
7.688931000000000238e-02
8.495943000000000245e-02
9.604981999999999409e-02
1.347805699999999884e-01
1.198371700000000067e-01
8.433164999999999412e-02
7.002927999999999931e-02
7.363285999999999443e-02
1.103559900000000010e-01
1.861500700000000008e-01
1.734325700000000081e-01
2.339047900000000013e-01
2.659832500000000044e-01
2.436298100000000022e-01
2.200852199999999981e-01
1.341337300000000066e-01
9.124777000000000582e-02
6.917779000000000289e-02
6.759091999999999878e-02
6.822899999999999798e-02
7.050712000000000645e-02
7.794149000000000216e-02
8.036285999999999430e-02
8.694029999999999814e-02
9.092453999999999814e-02
1.050677099999999947e-01
1.051484000000000030e-01
1.023524600000000062e-01
7.976890000000000369e-02
8.369906000000000568e-02
7.593070999999999848e-02
8.605872000000000521e-02
7.719661999999999358e-02
8.458177000000000056e-02
7.210842000000000640e-02
7.254945999999999617e-02
8.184811999999999643e-02
7.909813000000000260e-02
9.215631000000000517e-02
5.595069999999999905e-02
