5.765201999999999827e-02
8.508337000000000538e-02
7.040177000000000240e-02
7.416137000000000423e-02
7.855297999999999448e-02
8.493119000000000363e-02
7.407805000000000639e-02
7.006674999999999709e-02
7.078937000000000423e-02
7.306335999999999387e-02
6.825634999999999342e-02
8.090289000000000508e-02
1.127680900000000014e-01
1.208649599999999935e-01
1.151447899999999969e-01
9.232410000000000616e-02
7.049924000000000468e-02
7.484317000000000053e-02
8.498600000000000598e-02
9.177738000000000562e-02
9.563391999999999726e-02
8.592465000000000519e-02
1.107983500000000038e-01
1.340676799999999946e-01
1.356556100000000098e-01
1.230749599999999971e-01
9.702458999999999389e-02
8.401279999999999859e-02
1.045524699999999946e-01
1.568839999999999957e-01
2.573573299999999953e-01
3.133881099999999975e-01
3.327519600000000133e-01
3.826711500000000155e-01
2.869061800000000106e-01
2.517111899999999736e-01
2.079444799999999871e-01
1.066132600000000014e-01
8.418486000000000025e-02
7.238708000000000642e-02
8.975044000000000077e-02
9.606040999999999885e-02
1.207789499999999960e-01
1.094684699999999983e-01
1.176492999999999983e-01
1.337565000000000004e-01
1.268958299999999872e-01
1.280959499999999862e-01
9.797232999999999636e-02
7.644510000000000194e-02
7.401844999999999952e-02
7.088031000000000192e-02
7.630549999999999833e-02
8.380432000000000159e-02
1.098428999999999933e-01
9.919907000000000030e-02
7.580629999999999313e-02
8.723205000000000542e-02
1.052980500000000041e-01
9.812999999999999501e-02
8.022672999999999610e-02
7.811914000000000358e-02
8.434539000000000619e-02
5.840983999999999760e-02
