1.337737999999999983e-01
2.985149599999999959e-01
2.617152300000000209e-01
2.319638900000000059e-01
1.673364599999999924e-01
1.440742499999999870e-01
1.181362600000000068e-01
9.609803999999999569e-02
7.038044999999999718e-02
7.888396000000000297e-02
8.450831000000000315e-02
8.047047999999999701e-02
1.092026900000000050e-01
1.543183899999999997e-01
1.910559400000000074e-01
1.657208400000000081e-01
1.329672000000000076e-01
1.232688100000000064e-01
1.036246299999999954e-01
8.753892000000000617e-02
8.436283999999999450e-02
8.092744999999999800e-02
7.387986000000000553e-02
6.766547000000000534e-02
7.165739999999999610e-02
8.044848999999999750e-02
7.930790999999999535e-02
7.628451999999999456e-02
7.908363000000000198e-02
7.135679999999999801e-02
7.274261999999999395e-02
7.374701000000000173e-02
7.130490000000000439e-02
7.081278000000000572e-02
7.394112999999999380e-02
7.909742999999999635e-02
7.569417000000000506e-02
7.762078000000000033e-02
7.239863000000000548e-02
7.172895999999999439e-02
7.554590999999999390e-02
7.502573999999999355e-02
8.001640999999999615e-02
7.192874000000000489e-02
7.758851999999999416e-02
7.750471999999999917e-02
8.225675999999999821e-02
8.574874999999999858e-02
7.374775000000000080e-02
6.954697999999999436e-02
6.829730000000000523e-02
7.046054999999999680e-02
7.644468999999999570e-02
8.078079000000000509e-02
7.225571999999999551e-02
6.941211999999999382e-02
7.133188999999999502e-02
7.169770000000000310e-02
7.211745999999999435e-02
6.989405999999999397e-02
7.426446999999999909e-02
7.084988999999999870e-02
6.704010999999999998e-02
5.695217999999999808e-02
