5.803818000000000171e-02
8.137318000000000329e-02
7.061414000000000579e-02
7.066451999999999456e-02
7.084071000000000118e-02
6.765928000000000220e-02
6.460130000000000039e-02
6.521029000000000408e-02
7.012256000000000045e-02
7.255936000000000330e-02
7.264155999999999391e-02
6.841331000000000495e-02
6.615930999999999895e-02
7.035526999999999753e-02
7.168357999999999675e-02
6.767737999999999532e-02
6.924613000000000296e-02
7.208668000000000020e-02
7.091559000000000057e-02
7.008871999999999325e-02
6.708756999999999915e-02
7.402446999999999500e-02
6.916292000000000273e-02
7.179507000000000250e-02
7.475059000000000564e-02
7.594613000000000058e-02
7.571224999999999483e-02
7.891873000000000637e-02
7.998039999999999317e-02
9.571127999999999580e-02
9.973402000000000656e-02
9.361903000000000585e-02
8.402584000000000441e-02
7.516359999999999708e-02
8.356011000000000688e-02
7.735835000000000627e-02
1.009103400000000011e-01
1.364316799999999996e-01
1.061857400000000007e-01
8.491519999999999624e-02
1.009759400000000001e-01
1.327412299999999878e-01
1.167505900000000013e-01
1.226825899999999941e-01
1.223451100000000069e-01
9.571933999999999998e-02
9.744938000000000211e-02
1.505295299999999947e-01
2.696359500000000131e-01
3.380903299999999945e-01
3.845505399999999963e-01
3.758944300000000016e-01
3.051207100000000172e-01
3.202549199999999985e-01
2.230539900000000075e-01
1.269420699999999902e-01
9.860038000000000136e-02
9.793733000000000299e-02
7.856430000000000358e-02
7.172140999999999933e-02
7.461908000000000429e-02
9.182492999999999905e-02
8.839729999999999810e-02
5.978462999999999833e-02
