5.475556000000000173e-02
6.595235000000000680e-02
6.997955000000000148e-02
7.183718000000000048e-02
7.154781000000000335e-02
7.520859000000000572e-02
6.706644999999999968e-02
6.595626000000000266e-02
6.615437999999999874e-02
6.687706999999999680e-02
6.782530999999999977e-02
6.900178999999999341e-02
6.855239999999999945e-02
6.682626999999999318e-02
6.791352000000000499e-02
6.757557000000000147e-02
6.694761000000000462e-02
6.606810000000000460e-02
6.530692000000000441e-02
6.699391999999999847e-02
6.908077999999999441e-02
6.898729000000000666e-02
6.928296000000000454e-02
6.735346000000000388e-02
6.634362000000000592e-02
6.648104999999999987e-02
6.706660000000000399e-02
6.849415999999999838e-02
6.755587000000000397e-02
6.608854999999999591e-02
6.601543999999999468e-02
6.892895000000000272e-02
6.897029000000000354e-02
6.770139999999999492e-02
6.703654000000000557e-02
6.623415000000000552e-02
6.828790999999999334e-02
7.268431999999999671e-02
7.973916999999999811e-02
7.924148999999999776e-02
8.036198999999999426e-02
8.636494999999999589e-02
8.484390999999999461e-02
8.399305999999999439e-02
7.694075999999999693e-02
7.189629000000000159e-02
6.732884000000000091e-02
6.903326999999999380e-02
6.675456000000000445e-02
6.702386999999999928e-02
6.967154999999999876e-02
7.055910999999999433e-02
6.914594999999999769e-02
7.108441000000000065e-02
7.357494000000000534e-02
7.784871999999999626e-02
7.257642999999999733e-02
7.012643999999999822e-02
6.942974999999999841e-02
7.095271000000000217e-02
6.787289999999999990e-02
6.912569999999999826e-02
6.800119999999999776e-02
5.527309999999999862e-02
