5.775046999999999819e-02
7.367572000000000010e-02
6.600630999999999859e-02
7.215736000000000372e-02
7.388045999999999502e-02
7.653031000000000417e-02
6.285208000000000461e-02
6.467235000000000344e-02
7.292634000000000616e-02
8.226002999999999787e-02
8.003852999999999662e-02
8.918189999999999451e-02
8.396678000000000475e-02
7.285893999999999704e-02
7.300452000000000330e-02
8.215777999999999970e-02
7.888681999999999639e-02
7.174429000000000223e-02
7.472976000000000618e-02
7.062604999999999578e-02
7.819660999999999973e-02
1.063388900000000054e-01
1.088131400000000026e-01
7.792137999999999842e-02
7.265294999999999392e-02
7.500970999999999334e-02
7.713256000000000279e-02
7.987618000000000495e-02
9.321637000000000672e-02
7.893975999999999771e-02
6.742610000000000270e-02
6.698753999999999820e-02
7.338817999999999730e-02
8.171333000000000069e-02
7.479956000000000105e-02
6.956044999999999590e-02
8.772080000000000155e-02
1.174672999999999967e-01
1.042496299999999959e-01
8.712464000000000319e-02
7.838741000000000458e-02
7.174481000000000608e-02
7.881982999999999351e-02
1.011956900000000048e-01
1.297287299999999866e-01
1.231777700000000059e-01
1.143956500000000015e-01
1.265299799999999864e-01
1.174032799999999988e-01
1.320789800000000125e-01
1.152943399999999952e-01
1.098758299999999938e-01
9.023936999999999931e-02
1.004427400000000026e-01
1.253853699999999960e-01
1.596172499999999883e-01
2.177084699999999873e-01
2.763854000000000033e-01
3.360589099999999885e-01
3.624872299999999936e-01
3.314541599999999977e-01
3.470695300000000150e-01
3.206187799999999921e-01
6.522250999999999743e-02
