5.964093000000000172e-02
8.242707999999999979e-02
8.200894000000000239e-02
1.056699499999999986e-01
1.622281700000000049e-01
2.215352999999999906e-01
3.365975299999999781e-01
4.271064399999999761e-01
4.857525200000000209e-01
5.078675200000000167e-01
5.585419499999999537e-01
4.723747099999999755e-01
4.144382200000000238e-01
2.963382900000000042e-01
1.679758299999999926e-01
1.186582100000000001e-01
1.056458100000000067e-01
8.313922999999999452e-02
9.809154000000000484e-02
1.333709800000000001e-01
1.597669899999999976e-01
2.021080100000000046e-01
2.345588999999999869e-01
2.074613999999999903e-01
2.625420099999999923e-01
2.186522300000000030e-01
1.789221199999999901e-01
9.430070999999999593e-02
1.260375699999999877e-01
1.173161699999999974e-01
1.088978500000000044e-01
1.008312600000000059e-01
9.153461000000000236e-02
1.072407199999999977e-01
1.072559099999999960e-01
9.325906000000000473e-02
1.013910799999999945e-01
1.180467099999999991e-01
1.120290800000000031e-01
7.486927000000000165e-02
7.239284999999999470e-02
8.228741000000000527e-02
1.105389400000000022e-01
1.094563199999999958e-01
8.367117999999999778e-02
7.193217999999999834e-02
6.949484999999999690e-02
6.709850000000000536e-02
7.359250999999999987e-02
8.132351999999999637e-02
8.704734999999999556e-02
8.648933000000000315e-02
7.031009000000000564e-02
6.988558000000000270e-02
7.689767000000000130e-02
9.064039999999999597e-02
9.089951999999999754e-02
7.030026000000000330e-02
7.401280000000000359e-02
7.056877000000000288e-02
6.583899000000000001e-02
6.765759000000000356e-02
8.714879999999999849e-02
5.667023999999999673e-02
