6.638554000000000677e-02
1.504614900000000033e-01
2.178160299999999938e-01
2.935507900000000059e-01
3.359829500000000024e-01
3.763145199999999857e-01
3.834881199999999879e-01
2.830284800000000267e-01
2.163003400000000076e-01
1.943371899999999930e-01
1.948603200000000035e-01
1.113739499999999993e-01
9.561253000000000113e-02
7.947674000000000405e-02
8.468913999999999609e-02
8.267093999999999832e-02
8.843267000000000488e-02
1.109392200000000051e-01
1.295476899999999931e-01
1.172592400000000007e-01
1.464212699999999923e-01
1.467750100000000113e-01
1.037859799999999999e-01
8.076788999999999497e-02
7.317432999999999577e-02
7.438398999999999706e-02
7.503741999999999357e-02
8.126385999999999332e-02
7.834059999999999635e-02
7.988839999999999830e-02
6.764307999999999432e-02
6.762016999999999334e-02
7.202498000000000233e-02
7.116898000000000668e-02
7.159324999999999717e-02
7.617880999999999958e-02
8.033780999999999561e-02
8.159821000000000435e-02
8.065809000000000173e-02
8.192111000000000531e-02
7.751246999999999998e-02
8.485673000000000521e-02
7.905502999999999836e-02
7.350579000000000141e-02
7.587686999999999904e-02
9.235939999999999428e-02
8.662245000000000361e-02
7.933737000000000428e-02
7.027508000000000365e-02
7.073978000000000210e-02
6.698684000000000582e-02
7.328846999999999445e-02
8.096362000000000003e-02
8.673127999999999393e-02
8.851654000000000466e-02
7.585403999999999758e-02
7.595485999999999904e-02
8.420706999999999498e-02
8.226793000000000300e-02
7.383774999999999367e-02
7.641581000000000068e-02
6.773324000000000011e-02
7.096497999999999695e-02
5.847150999999999738e-02
