5.890655999999999670e-02
7.031329999999999525e-02
6.929796000000000566e-02
6.706737999999999589e-02
6.527987999999999846e-02
7.216783999999999699e-02
8.028527000000000580e-02
8.233938000000000368e-02
8.660605999999999860e-02
7.516209999999999558e-02
6.776717999999999631e-02
6.570475000000000620e-02
7.270319000000000087e-02
7.909623999999999822e-02
7.484519000000000588e-02
8.365549999999999375e-02
7.549074000000000062e-02
6.685090000000000476e-02
7.524395999999999862e-02
9.000716000000000272e-02
8.060051999999999495e-02
8.069184000000000079e-02
8.352539999999999965e-02
7.538838999999999957e-02
7.338746999999999632e-02
8.735613999999999879e-02
8.411531999999999343e-02
7.513944000000000178e-02
6.999373999999999874e-02
7.272981000000000584e-02
7.030371000000000536e-02
7.499930999999999959e-02
7.681462000000000012e-02
7.749490000000000545e-02
9.534558999999999396e-02
1.075310099999999963e-01
7.565968000000000693e-02
8.482953999999999495e-02
8.303652000000000255e-02
7.759104999999999475e-02
7.247177999999999953e-02
8.241307999999999967e-02
9.467715999999999632e-02
1.010985400000000006e-01
9.757478999999999458e-02
9.975752000000000230e-02
1.450910699999999887e-01
1.567963400000000063e-01
1.144398499999999957e-01
8.542410000000000281e-02
8.520827999999999736e-02
1.079100999999999949e-01
1.713265200000000099e-01
2.561531400000000014e-01
3.286108099999999754e-01
3.342981600000000109e-01
3.940346800000000260e-01
3.863165100000000018e-01
3.655161000000000104e-01
3.570391199999999876e-01
2.428883300000000134e-01
1.913228200000000045e-01
1.043198300000000023e-01
6.292831999999999593e-02
