5.257074999999999942e-02
7.752683999999999964e-02
7.503340000000000010e-02
9.010836999999999319e-02
9.699165999999999344e-02
9.189018999999999660e-02
9.583194999999999908e-02
7.683159000000000516e-02
7.592519999999999825e-02
7.283641000000000421e-02
7.215074000000000487e-02
7.232291000000000414e-02
7.985847000000000084e-02
9.137945000000000095e-02
1.064917400000000014e-01
9.139798000000000366e-02
9.949840999999999547e-02
9.428601999999999816e-02
1.059053300000000059e-01
1.054517100000000041e-01
1.094253699999999940e-01
7.365436000000000205e-02
8.538940999999999892e-02
1.031195599999999990e-01
1.345911599999999875e-01
1.872105199999999914e-01
2.168173599999999868e-01
2.051855900000000010e-01
1.902448499999999931e-01
1.385449500000000000e-01
1.052728500000000011e-01
8.757062000000000179e-02
7.583499999999999963e-02
6.886301999999999701e-02
7.598265999999999354e-02
8.154111999999999472e-02
7.899256999999999806e-02
1.008777099999999954e-01
9.901825999999999683e-02
8.599416000000000004e-02
9.111062000000000327e-02
7.778140000000000054e-02
7.297544000000000253e-02
6.760824000000000000e-02
7.007372000000000600e-02
7.161758000000000013e-02
6.815351999999999522e-02
7.576557999999999904e-02
7.119304999999999384e-02
7.324777999999999845e-02
7.022490000000000676e-02
6.826477999999999713e-02
6.857341000000000131e-02
7.176870000000000471e-02
7.386845000000000216e-02
7.061219999999999997e-02
6.758841999999999628e-02
6.512508000000000186e-02
7.199229999999999519e-02
6.961602999999999541e-02
6.646596000000000448e-02
7.004106999999999694e-02
7.176979999999999471e-02
5.443593000000000043e-02
