6.192676999999999904e-02
7.883231000000000266e-02
7.152534000000000669e-02
8.342652000000000401e-02
6.794458999999999915e-02
7.012614999999999821e-02
6.564834999999999421e-02
6.798339999999999939e-02
7.091459999999999431e-02
6.864620999999999917e-02
8.107565999999999384e-02
7.297602000000000255e-02
8.002336999999999645e-02
8.943790000000000073e-02
9.593422999999999534e-02
1.030525399999999980e-01
7.226122999999999574e-02
7.147916999999999466e-02
6.930862000000000134e-02
8.783456000000000596e-02
7.774474000000000662e-02
8.280179000000000011e-02
1.160777499999999934e-01
1.011939899999999976e-01
1.072845099999999996e-01
1.280169899999999972e-01
1.138425200000000026e-01
1.021791199999999983e-01
7.402522000000000268e-02
8.895232000000000139e-02
1.619102699999999950e-01
1.823456900000000047e-01
2.406918600000000075e-01
2.788351499999999761e-01
2.458198199999999944e-01
2.258077900000000082e-01
1.760656800000000022e-01
1.151217800000000069e-01
1.488742100000000068e-01
1.011432699999999935e-01
1.694320900000000074e-01
1.305038500000000046e-01
1.655243899999999935e-01
1.280339699999999969e-01
1.270726000000000078e-01
1.231996300000000044e-01
1.353978100000000073e-01
1.237420600000000009e-01
1.142104099999999983e-01
8.541158000000000083e-02
8.085485000000000588e-02
7.398441999999999519e-02
8.499102000000000046e-02
9.906908999999999854e-02
1.024671600000000016e-01
9.539609000000000283e-02
8.977122999999999353e-02
1.009610299999999933e-01
1.017159900000000061e-01
9.582651000000000363e-02
8.136147000000000518e-02
7.879843000000000264e-02
7.962316999999999312e-02
5.720868999999999954e-02
