5.408994000000000302e-02
6.402792000000000205e-02
6.663027000000000533e-02
6.558408999999999767e-02
6.674383000000000399e-02
7.101246999999999421e-02
6.543174000000000212e-02
6.401911000000000407e-02
6.462263000000000035e-02
6.585398000000000640e-02
6.850344999999999351e-02
6.649333000000000327e-02
6.663339000000000067e-02
6.665849999999999553e-02
6.860562000000000604e-02
6.781434999999999547e-02
6.695677999999999352e-02
6.519503999999999577e-02
6.739219000000000459e-02
6.775469000000000630e-02
7.543394999999999961e-02
7.779692000000000551e-02
7.844143000000000643e-02
7.621360000000000634e-02
7.177762999999999505e-02
7.122800999999999438e-02
7.101275999999999422e-02
7.045529000000000375e-02
7.138374000000000108e-02
7.458256000000000607e-02
7.652834000000000025e-02
7.474127999999999328e-02
9.901553999999999911e-02
1.018596100000000032e-01
9.746428000000000036e-02
9.366492999999999347e-02
8.337023000000000350e-02
9.914673000000000236e-02
1.622948300000000010e-01
1.819723000000000035e-01
2.413524700000000134e-01
3.004113099999999870e-01
2.979783999999999766e-01
2.512689799999999751e-01
2.133809600000000084e-01
1.448146999999999907e-01
1.113984199999999980e-01
9.046735000000000193e-02
7.184358999999999884e-02
6.836541999999999619e-02
7.043663000000000007e-02
6.984964999999999924e-02
8.499850000000000461e-02
9.847295999999999827e-02
1.011744100000000063e-01
1.166729700000000008e-01
8.897041999999999451e-02
8.049852000000000396e-02
7.388899000000000161e-02
7.383475000000000454e-02
6.851704000000000128e-02
6.874800000000000355e-02
6.895974000000000548e-02
5.330499999999999822e-02
