5.780833999999999973e-02
6.879902999999999713e-02
6.944401000000000046e-02
7.201317000000000135e-02
8.012626000000000470e-02
7.586795999999999818e-02
8.942182999999999382e-02
7.776268999999999543e-02
7.954158999999999535e-02
6.924706999999999391e-02
6.828219000000000649e-02
6.834355999999999765e-02
7.061647999999999537e-02
7.979729000000000683e-02
8.691263999999999934e-02
9.646630000000000482e-02
8.367006000000000443e-02
7.837781000000000609e-02
8.684213999999999822e-02
9.998851000000000266e-02
9.892481000000000191e-02
7.943756999999999902e-02
7.181075000000000652e-02
7.742852999999999541e-02
9.935850000000000237e-02
1.543262599999999929e-01
1.885673099999999880e-01
2.131923699999999922e-01
2.014178299999999922e-01
1.479605999999999977e-01
1.208094499999999988e-01
9.084441999999999517e-02
9.103323000000000664e-02
6.906711999999999574e-02
6.975860000000000394e-02
6.993575000000000486e-02
7.027785999999999755e-02
8.574639000000000566e-02
1.010906800000000022e-01
7.470390999999999837e-02
9.501152999999999682e-02
7.647542999999999702e-02
7.630757999999999985e-02
7.208515999999999535e-02
6.738976000000000688e-02
6.897203000000000361e-02
7.399931999999999344e-02
7.286961000000000133e-02
7.077437999999999785e-02
6.877643999999999425e-02
7.289044999999999552e-02
7.010926000000000657e-02
7.534138999999999420e-02
7.138170000000000626e-02
7.103254999999999986e-02
6.824094999999999467e-02
6.767682999999999338e-02
6.809150999999999399e-02
7.062488000000000099e-02
7.099254000000000675e-02
6.918863000000000096e-02
6.911649999999999738e-02
6.661976999999999483e-02
5.396841000000000138e-02
