8.064662000000000219e-02
1.252654800000000124e-01
1.177782899999999938e-01
8.195270999999999806e-02
7.698473999999999595e-02
9.833200000000000274e-02
1.428286400000000067e-01
1.757051500000000044e-01
2.043070300000000006e-01
2.759404799999999880e-01
2.778367400000000265e-01
2.462110399999999921e-01
2.064794199999999968e-01
1.668086199999999908e-01
9.988310999999999718e-02
8.254189000000000664e-02
7.852339999999999320e-02
6.691819000000000239e-02
6.724325999999999914e-02
7.514527000000000012e-02
7.916655000000000220e-02
8.520555000000000490e-02
9.635641000000000345e-02
9.912424000000000235e-02
1.213352500000000056e-01
1.108293199999999951e-01
9.691658999999999691e-02
7.136546000000000556e-02
7.134727000000000430e-02
7.083026000000000599e-02
7.341023000000000687e-02
7.260850000000000637e-02
7.473921999999999510e-02
7.164524999999999366e-02
6.944509999999999572e-02
7.236185000000000533e-02
6.907989999999999964e-02
6.985713999999999813e-02
7.012084000000000372e-02
6.818570999999999660e-02
6.449758999999999354e-02
6.715611000000000497e-02
6.667112000000000038e-02
7.463728999999999503e-02
7.370282000000000222e-02
7.298209999999999420e-02
7.126947000000000143e-02
7.180200000000000471e-02
6.941181000000000434e-02
7.175618999999999748e-02
7.623233000000000092e-02
8.210133999999999488e-02
7.713618999999999337e-02
7.090681999999999541e-02
6.766582999999999626e-02
6.983340000000000380e-02
6.827529000000000237e-02
7.028787999999999703e-02
7.698737999999999415e-02
7.257961000000000273e-02
7.225753000000000037e-02
7.215562999999999838e-02
7.030461000000000349e-02
5.793931000000000081e-02
