5.827456999999999776e-02
8.462116999999999556e-02
8.695411000000000112e-02
8.615093000000000056e-02
7.058668999999999361e-02
7.496505000000000529e-02
6.674396999999999969e-02
6.880827000000000471e-02
7.017776000000000569e-02
8.556838999999999418e-02
9.959814000000000167e-02
8.060913999999999580e-02
7.431234000000000450e-02
7.682124999999999371e-02
7.475627999999999440e-02
1.008698900000000037e-01
1.038305399999999989e-01
7.329587999999999381e-02
6.389504999999999491e-02
7.185373000000000454e-02
7.842382000000000519e-02
7.238925999999999694e-02
8.357823999999999809e-02
7.461386999999999881e-02
9.119546000000000596e-02
1.166090199999999938e-01
1.333306300000000055e-01
1.166241699999999992e-01
1.069693300000000014e-01
9.156865000000000143e-02
8.409663000000000554e-02
1.172778800000000010e-01
1.134588500000000000e-01
9.446324999999999861e-02
1.127819500000000058e-01
1.524757899999999999e-01
1.695583499999999966e-01
1.835229999999999917e-01
1.273053100000000049e-01
1.250769300000000028e-01
1.094494800000000018e-01
9.951214999999999367e-02
1.320298199999999922e-01
2.165751800000000060e-01
2.726246399999999737e-01
3.197512900000000213e-01
3.347379300000000169e-01
3.394545299999999766e-01
3.353204100000000132e-01
1.868969900000000128e-01
1.453374600000000016e-01
1.432537299999999958e-01
8.277813000000000532e-02
8.417618000000000322e-02
9.012485000000000634e-02
9.832457000000000003e-02
1.074318999999999968e-01
1.015593500000000066e-01
1.096177799999999980e-01
1.338176000000000088e-01
1.539687700000000048e-01
1.425808100000000023e-01
9.762708999999999970e-02
6.230646000000000101e-02
