6.146180999999999867e-02
7.971549999999999470e-02
7.905982999999999761e-02
7.008206000000000158e-02
6.899969000000000241e-02
7.522521000000000069e-02
8.009708999999999579e-02
1.020855400000000024e-01
1.237256899999999993e-01
1.833299800000000035e-01
2.115887899999999988e-01
2.029804900000000134e-01
2.082781499999999952e-01
1.943270300000000117e-01
1.575540900000000077e-01
1.445728199999999908e-01
1.411870400000000136e-01
8.145887999999999740e-02
6.973558000000000534e-02
7.743824000000000540e-02
7.204649999999999943e-02
7.100188999999999806e-02
8.062073999999999629e-02
9.608403999999999556e-02
1.219447599999999993e-01
1.247979699999999942e-01
1.072103799999999940e-01
7.858126000000000000e-02
6.980506999999999684e-02
7.176159000000000010e-02
7.971398000000000372e-02
8.874788000000000121e-02
8.928226999999999691e-02
9.511153999999999442e-02
9.394225000000000492e-02
8.682294000000000123e-02
7.847252000000000394e-02
7.215921999999999614e-02
7.821205000000000518e-02
7.826995000000000480e-02
6.858654000000000139e-02
7.445435000000000247e-02
7.153785999999999479e-02
7.566842000000000013e-02
7.809351000000000487e-02
8.456165999999999683e-02
8.501229999999999898e-02
7.873718000000000383e-02
7.567938000000000442e-02
7.185526000000000413e-02
8.525702000000000280e-02
8.738000999999999407e-02
8.856352000000000668e-02
7.953358000000000649e-02
7.238292999999999811e-02
7.170833999999999542e-02
6.692842000000000235e-02
7.033303000000000471e-02
7.860696000000000350e-02
7.817343999999999682e-02
7.679072000000000675e-02
7.802444000000000046e-02
7.308853999999999351e-02
5.791070000000000245e-02
