1.200244699999999942e-01
3.028113199999999949e-01
4.272277700000000067e-01
5.162299900000000275e-01
5.687878100000000048e-01
6.140606400000000464e-01
5.717279899999999637e-01
4.982772200000000207e-01
4.369691299999999834e-01
3.510513599999999790e-01
2.373271999999999882e-01
1.254140900000000058e-01
9.652694000000000552e-02
7.620651999999999981e-02
8.307955000000000201e-02
9.045303999999999844e-02
1.049156700000000025e-01
1.503769000000000078e-01
1.536168300000000098e-01
1.378233100000000044e-01
1.753627100000000050e-01
1.640161400000000047e-01
1.207507399999999953e-01
8.747979000000000172e-02
7.547787999999999720e-02
7.590296000000000542e-02
8.203855000000000175e-02
8.198386000000000562e-02
8.856442000000000481e-02
8.986049000000000120e-02
7.102063999999999599e-02
7.200956000000000023e-02
6.937284000000000506e-02
6.875604000000000438e-02
6.652914999999999524e-02
7.326667000000000596e-02
7.026192000000000548e-02
7.187580000000000358e-02
7.649129000000000345e-02
8.746346000000000676e-02
7.930716999999999628e-02
8.043541999999999359e-02
7.456746999999999681e-02
7.829674000000000356e-02
8.220391999999999977e-02
9.586883000000000210e-02
8.438745000000000274e-02
7.439547999999999994e-02
6.888893000000000100e-02
6.516231000000000106e-02
7.027490000000000125e-02
7.432244999999999824e-02
7.909471999999999337e-02
8.290759999999999796e-02
7.481350999999999973e-02
6.991134999999999711e-02
7.189270999999999856e-02
8.091816000000000286e-02
9.010595000000000410e-02
7.472409000000000689e-02
7.095115999999999923e-02
6.614127000000000201e-02
6.886557000000000095e-02
5.698398999999999825e-02
