7.402830000000000521e-02
1.104159100000000060e-01
8.024315999999999394e-02
7.956821999999999506e-02
1.164284099999999961e-01
1.634477500000000028e-01
2.168117300000000081e-01
2.701880600000000077e-01
2.922044999999999781e-01
3.340839099999999839e-01
3.601656599999999986e-01
2.924671500000000091e-01
2.680434600000000112e-01
2.267777199999999882e-01
1.418140800000000090e-01
1.004511599999999977e-01
8.660378999999999994e-02
7.053803999999999630e-02
7.567189000000000554e-02
8.480548000000000253e-02
9.272843000000000058e-02
9.940219000000000138e-02
1.206160399999999938e-01
1.079444799999999954e-01
1.348775500000000127e-01
1.207224100000000022e-01
1.014879300000000040e-01
7.523607999999999685e-02
7.633360000000000145e-02
7.191255000000000563e-02
8.158424000000000231e-02
7.663944000000000312e-02
7.463243999999999434e-02
7.899765999999999733e-02
7.639298999999999396e-02
7.297858999999999596e-02
7.318742999999999777e-02
7.538806000000000673e-02
7.568827999999999667e-02
7.155306999999999640e-02
6.521580999999999906e-02
6.874347000000000096e-02
7.342323000000000599e-02
7.670267999999999531e-02
7.291203000000000267e-02
7.010371999999999437e-02
6.890860000000000041e-02
6.722991999999999857e-02
6.793225999999999432e-02
6.882220999999999478e-02
7.297509000000000634e-02
7.457423000000000524e-02
7.070234000000000241e-02
6.630630999999999331e-02
6.687070000000000514e-02
7.128837999999999842e-02
7.100697000000000259e-02
6.893752999999999687e-02
7.004306000000000421e-02
6.871979000000000282e-02
6.686641999999999586e-02
6.675293000000000199e-02
6.846542999999999379e-02
5.397455999999999782e-02
