5.131759999999999794e-02
6.665263000000000437e-02
7.627847999999999573e-02
8.752495000000000414e-02
9.423626999999999698e-02
1.029360099999999945e-01
7.958376999999999812e-02
7.125346999999999931e-02
6.492755999999999528e-02
7.417914999999999925e-02
1.284258799999999923e-01
7.596073000000000408e-02
7.640167000000000486e-02
8.952722999999999931e-02
8.808125999999999456e-02
1.262807800000000091e-01
1.170882399999999962e-01
1.388919700000000035e-01
9.170946000000000653e-02
7.198788999999999882e-02
6.793752000000000124e-02
8.672921000000000102e-02
1.151577599999999979e-01
1.024150399999999989e-01
8.733688000000000562e-02
1.023207800000000001e-01
1.416762900000000103e-01
2.181071599999999944e-01
1.665528900000000090e-01
1.225036699999999951e-01
7.878224999999999811e-02
8.768307000000000184e-02
1.821031700000000086e-01
3.265445200000000048e-01
3.168402000000000163e-01
3.855688299999999735e-01
4.168690400000000240e-01
3.905024799999999852e-01
3.259343800000000235e-01
1.866632699999999923e-01
1.052182900000000060e-01
7.064112000000000169e-02
6.785499999999999865e-02
7.306203000000000003e-02
8.209445999999999410e-02
9.295952000000000381e-02
1.363450300000000059e-01
1.548094600000000098e-01
1.350710400000000033e-01
1.572131099999999893e-01
1.513639499999999971e-01
1.470008200000000043e-01
9.420021000000000644e-02
9.938689000000000551e-02
9.554081000000000379e-02
1.300708799999999998e-01
1.129914499999999933e-01
1.345821299999999943e-01
1.287621999999999933e-01
8.277808000000000388e-02
1.078143899999999961e-01
1.064106100000000027e-01
9.722706999999999877e-02
5.827646999999999688e-02
