1.366637500000000005e-01
2.986865599999999898e-01
3.818606099999999892e-01
4.168502399999999830e-01
4.437004299999999790e-01
4.839549699999999843e-01
4.340953499999999909e-01
3.373885200000000251e-01
2.765818500000000180e-01
2.097411499999999873e-01
1.926694700000000093e-01
1.063155100000000020e-01
8.727532999999999819e-02
8.194332000000000005e-02
9.258673000000000597e-02
1.097460299999999944e-01
1.258357800000000082e-01
1.703409999999999924e-01
1.813095799999999980e-01
1.402117599999999908e-01
1.713708300000000018e-01
1.699526600000000054e-01
1.277580299999999947e-01
1.015128299999999983e-01
9.496516000000000679e-02
8.700370999999999799e-02
8.025975999999999944e-02
8.955369999999999997e-02
9.308447999999999722e-02
1.109146099999999968e-01
7.356534000000000684e-02
7.182028999999999497e-02
7.278387999999999525e-02
7.161049999999999360e-02
6.873071999999999515e-02
7.886131999999999864e-02
7.360469999999999513e-02
7.617103000000000068e-02
8.532405999999999324e-02
9.784268999999999605e-02
7.749438999999999633e-02
8.408583000000000029e-02
7.862262000000000417e-02
7.735991000000000395e-02
9.142522000000000149e-02
9.713433000000000483e-02
8.475584999999999369e-02
7.528479999999999894e-02
6.820737999999999801e-02
6.761427000000000409e-02
6.951533999999999491e-02
8.468681000000000125e-02
9.022594999999999921e-02
8.533245000000000413e-02
8.061453999999999842e-02
7.131656999999999580e-02
7.389821000000000584e-02
9.847775000000000278e-02
1.119653699999999946e-01
8.456866999999999857e-02
8.557538000000000644e-02
7.059585000000000166e-02
6.975570000000000381e-02
6.529672000000000254e-02
