7.903477999999999892e-02
1.403973000000000027e-01
1.378490300000000113e-01
1.023830800000000013e-01
8.578494000000000397e-02
8.605967000000000477e-02
8.560466999999999382e-02
1.320826999999999973e-01
2.077305899999999927e-01
3.232500300000000215e-01
3.715989000000000098e-01
3.969947699999999968e-01
4.241959200000000041e-01
3.905179500000000026e-01
2.953332699999999811e-01
2.292190600000000023e-01
1.827557999999999960e-01
1.104040399999999950e-01
7.930513000000000146e-02
7.814880999999999911e-02
7.963966999999999574e-02
7.641915999999999987e-02
8.993476999999999721e-02
1.109070600000000018e-01
1.332076899999999897e-01
1.527019900000000097e-01
1.240579500000000002e-01
8.728655000000000441e-02
7.833655000000000479e-02
7.472639999999999838e-02
8.088639999999999719e-02
8.536385999999999974e-02
8.788888000000000256e-02
9.506894999999999929e-02
8.779091999999999452e-02
8.850494000000000416e-02
7.616309000000000273e-02
7.206261999999999390e-02
7.682867000000000168e-02
7.436587000000000058e-02
7.092365000000000475e-02
7.216989000000000043e-02
6.677974999999999883e-02
7.317838000000000120e-02
7.252263000000000459e-02
8.255481000000000624e-02
8.617355999999999627e-02
8.125251000000000001e-02
7.496811999999999920e-02
7.061899000000000648e-02
8.547907000000000421e-02
8.906936000000000020e-02
8.679277000000000519e-02
7.977919999999999456e-02
7.152769999999999961e-02
7.048247000000000539e-02
6.896671999999999525e-02
7.011417999999999817e-02
8.526277000000000161e-02
8.405883999999999578e-02
8.257549000000000139e-02
8.346797000000000244e-02
6.675124999999999809e-02
5.780099999999999821e-02
