5.174365000000000214e-02
6.791811000000000376e-02
6.595882999999999607e-02
6.747366000000000474e-02
6.964940999999999494e-02
7.191366999999999898e-02
6.981392000000000153e-02
6.508232999999999380e-02
6.661561000000000565e-02
7.180572999999999817e-02
7.281189000000000411e-02
7.749000000000000332e-02
8.423869999999999969e-02
8.244095999999999369e-02
7.572036000000000044e-02
7.320656000000000385e-02
7.451291000000000164e-02
8.016787000000000218e-02
7.303482000000000030e-02
7.197866999999999460e-02
7.814535000000000231e-02
8.150825999999999905e-02
8.288336000000000314e-02
8.427173999999999776e-02
7.888647000000000020e-02
7.386483000000000632e-02
7.102503000000000288e-02
7.925087000000000104e-02
1.025802700000000012e-01
1.343629799999999930e-01
1.586283699999999908e-01
1.726643599999999890e-01
1.807421399999999956e-01
1.722017200000000026e-01
1.228443099999999982e-01
1.083237499999999964e-01
8.629330999999999807e-02
7.042120999999999797e-02
7.037963999999999332e-02
6.873753000000000501e-02
7.440228000000000119e-02
7.402825999999999851e-02
8.377653000000000183e-02
9.838112000000000246e-02
1.030058100000000032e-01
9.176700999999999608e-02
8.372116999999999754e-02
8.714210999999999485e-02
8.184114000000000666e-02
6.794287999999999716e-02
7.185629999999999795e-02
7.135463999999999696e-02
7.132695000000000007e-02
6.883530000000000204e-02
7.790487000000000106e-02
7.738420000000000021e-02
7.728076999999999863e-02
7.327851999999999977e-02
7.397860000000000547e-02
7.715911000000000297e-02
7.399545999999999901e-02
7.500212000000000545e-02
6.973363999999999951e-02
5.484532999999999769e-02
