6.249429000000000095e-02
9.215186000000000210e-02
7.506235999999999464e-02
7.712560999999999722e-02
7.718529000000000362e-02
7.522531000000000356e-02
6.581916000000000155e-02
6.634305999999999537e-02
7.404523000000000355e-02
8.544809000000000432e-02
8.569474000000000535e-02
7.217497000000000495e-02
7.143634999999999569e-02
7.674538999999999667e-02
9.219747000000000359e-02
7.348206000000000182e-02
8.425628000000000284e-02
7.782859000000000305e-02
7.343610999999999889e-02
7.399113000000000218e-02
6.819849000000000050e-02
9.223531000000000091e-02
8.682180999999999926e-02
6.826387000000000427e-02
7.852423000000000042e-02
7.401673999999999753e-02
7.973463999999999552e-02
8.395503999999999467e-02
9.049258999999999775e-02
9.699191999999999536e-02
9.523950000000000471e-02
9.040070000000000050e-02
1.027767500000000001e-01
7.880133999999999750e-02
6.870558000000000221e-02
9.275282999999999445e-02
1.091476799999999969e-01
1.013446999999999959e-01
1.060037100000000010e-01
8.117041999999999313e-02
8.063338999999999923e-02
9.671137999999999957e-02
1.163788600000000006e-01
1.267995799999999951e-01
1.190720900000000054e-01
8.934177999999999564e-02
1.493245699999999898e-01
2.171228500000000061e-01
3.100264699999999984e-01
3.827487800000000107e-01
4.334869399999999873e-01
4.268241799999999975e-01
3.645573599999999970e-01
3.613940199999999825e-01
3.179486400000000046e-01
1.998795899999999959e-01
1.026852500000000057e-01
8.511367000000000238e-02
7.892523999999999373e-02
6.920874999999999944e-02
7.319014000000000075e-02
7.966191999999999718e-02
9.461914999999999909e-02
6.163890999999999815e-02
