5.409920000000000007e-02
7.560045999999999433e-02
1.057920100000000058e-01
8.213869999999999505e-02
8.289883000000000668e-02
8.477374999999999494e-02
7.456147999999999942e-02
8.229200999999999877e-02
8.928071999999999397e-02
1.044075700000000051e-01
1.019935700000000056e-01
9.686342000000000563e-02
7.764442000000000565e-02
7.524271000000000431e-02
7.760894000000000126e-02
7.968506000000000200e-02
1.253664800000000024e-01
9.081488999999999534e-02
8.649853999999999876e-02
1.161130999999999969e-01
1.413622900000000016e-01
1.288428199999999968e-01
1.464959100000000070e-01
9.157524999999999693e-02
7.465521999999999436e-02
1.008118199999999964e-01
1.606800399999999962e-01
2.942656599999999845e-01
4.165283100000000127e-01
4.122965900000000183e-01
4.026304499999999731e-01
3.843118300000000209e-01
3.318847999999999798e-01
2.233964099999999897e-01
1.185070399999999941e-01
8.643700999999999468e-02
7.800339000000000578e-02
7.932094000000000644e-02
9.108866000000000185e-02
1.031997899999999996e-01
1.228840900000000014e-01
1.188440899999999995e-01
1.394176900000000108e-01
1.278267899999999957e-01
1.261542300000000061e-01
9.236213999999999535e-02
7.230520000000000003e-02
6.834184999999999566e-02
7.586202999999999697e-02
9.477876000000000356e-02
9.819864000000000370e-02
8.993942000000000603e-02
7.638217999999999397e-02
8.436338000000000170e-02
7.082433000000000478e-02
7.222254999999999647e-02
7.545195999999999847e-02
7.386855999999999978e-02
7.780365999999999671e-02
7.488794000000000006e-02
9.139658000000000504e-02
6.901274999999999771e-02
6.978881000000000667e-02
6.034562000000000259e-02
