6.373357000000000327e-02
7.457824999999999871e-02
7.033179999999999987e-02
8.823688999999999838e-02
1.138176600000000011e-01
1.210526700000000011e-01
1.016617900000000019e-01
1.071904399999999979e-01
1.405437700000000123e-01
2.104723500000000025e-01
2.025048100000000073e-01
1.941125400000000001e-01
1.298199600000000120e-01
8.542942000000000591e-02
8.336643999999999999e-02
1.076818900000000023e-01
1.937268799999999902e-01
2.436973000000000056e-01
4.064414800000000216e-01
4.895695999999999937e-01
5.112012599999999907e-01
4.629614400000000018e-01
3.867615200000000253e-01
3.034474600000000022e-01
1.422316700000000045e-01
1.002102799999999988e-01
8.133300000000000252e-02
7.937191000000000385e-02
8.868252000000000079e-02
9.387521000000000060e-02
1.090443400000000035e-01
1.346711800000000014e-01
1.627202500000000107e-01
1.736915699999999896e-01
1.903211300000000050e-01
1.190563699999999947e-01
1.044580600000000054e-01
9.748022000000000631e-02
9.099976999999999372e-02
8.704135999999999818e-02
8.931298999999999488e-02
8.833278999999999437e-02
9.982654000000000527e-02
8.181908999999999710e-02
6.885354000000000474e-02
6.689314999999999845e-02
6.858477999999999797e-02
6.687448999999999477e-02
6.643356000000000261e-02
7.297067000000000137e-02
8.164353000000000582e-02
8.688993999999999884e-02
7.263543000000000083e-02
7.141802999999999346e-02
7.761115000000000375e-02
8.011058999999999541e-02
8.212136999999999909e-02
7.482419999999999349e-02
7.624313000000000617e-02
7.984317999999999971e-02
7.121681000000000539e-02
7.543943000000000176e-02
7.675368999999999942e-02
5.622089000000000253e-02
