6.246025000000000188e-02
8.582349000000000228e-02
8.239581999999999462e-02
1.129415899999999945e-01
1.128246400000000038e-01
1.050376300000000068e-01
1.159135699999999936e-01
7.685268000000000654e-02
7.949035000000000128e-02
7.886477999999999544e-02
7.083607000000000098e-02
8.020737999999999479e-02
9.456161000000000427e-02
9.511095999999999440e-02
1.246334199999999948e-01
1.183762299999999990e-01
1.431262799999999946e-01
1.525988000000000067e-01
1.035387299999999955e-01
1.137494800000000000e-01
1.116609600000000035e-01
8.731197999999999737e-02
1.639977699999999872e-01
2.045646200000000026e-01
2.452904899999999999e-01
3.534432399999999919e-01
3.661372399999999749e-01
2.899558799999999992e-01
2.357781499999999919e-01
1.545168000000000097e-01
9.700556999999999930e-02
7.201348999999999945e-02
7.798397999999999441e-02
7.483657000000000503e-02
7.500413000000000219e-02
8.932967999999999464e-02
1.040130799999999939e-01
1.454167100000000046e-01
1.595360000000000111e-01
1.189648900000000037e-01
1.041314799999999985e-01
9.137436000000000169e-02
7.765055999999999348e-02
7.364144999999999719e-02
8.146580000000000488e-02
9.540033000000000540e-02
7.672453999999999386e-02
8.272380000000000011e-02
8.688761000000000401e-02
8.042734999999999468e-02
7.495159999999999323e-02
6.619661000000000295e-02
6.671227999999999880e-02
7.521643999999999552e-02
8.645716999999999985e-02
7.823952000000000684e-02
7.307574000000000014e-02
6.841208999999999485e-02
6.932641000000000497e-02
6.595773000000000608e-02
7.371537999999999702e-02
7.980964000000000114e-02
9.706433000000000422e-02
5.832803000000000293e-02
