9.448671999999999627e-02
2.489822499999999883e-01
2.810603099999999799e-01
2.891053900000000176e-01
2.975700800000000146e-01
3.268406999999999840e-01
3.059371100000000121e-01
2.342288600000000109e-01
1.760471799999999976e-01
1.539725200000000016e-01
1.470006399999999880e-01
1.026886000000000049e-01
8.655817999999999846e-02
7.748934999999999851e-02
8.221278999999999393e-02
8.713712999999999320e-02
9.163063000000000458e-02
1.241745999999999961e-01
1.298633999999999900e-01
1.243536499999999961e-01
1.359797299999999931e-01
1.274199599999999988e-01
9.501073999999999631e-02
8.186282000000000281e-02
8.324816999999999634e-02
8.837377000000000427e-02
7.099679999999999880e-02
8.011324999999999696e-02
8.530604999999999438e-02
9.201671000000000156e-02
8.375417999999999752e-02
7.321318999999999744e-02
8.324631999999999865e-02
7.317029999999999368e-02
7.104973000000000538e-02
7.436880999999999353e-02
7.177975000000000327e-02
7.864491999999999317e-02
9.013403000000000387e-02
9.843211999999999795e-02
8.403054999999999553e-02
8.485346000000000555e-02
7.835598000000000563e-02
8.656732999999999789e-02
9.494447999999999777e-02
1.026666999999999996e-01
8.506769000000000136e-02
7.463506999999999780e-02
6.855331000000000619e-02
6.788850999999999913e-02
7.586107000000000267e-02
9.128922000000000425e-02
8.773717000000000321e-02
9.018027000000000681e-02
7.913470999999999700e-02
7.621822000000000319e-02
7.911672999999999623e-02
9.585986999999999980e-02
1.106575800000000054e-01
8.379379000000000688e-02
7.577636999999999567e-02
6.951238999999999335e-02
6.868019999999999681e-02
6.523813000000000528e-02
