5.316403000000000101e-02
6.446984000000000048e-02
6.382277999999999563e-02
6.512756000000000101e-02
6.572738999999999665e-02
6.707040000000000224e-02
6.653280999999999779e-02
6.802576000000000456e-02
6.931605999999999879e-02
6.867362000000000466e-02
6.619474000000000191e-02
6.402054000000000078e-02
6.684919000000000278e-02
6.860131999999999342e-02
6.991459999999999342e-02
7.353693000000000035e-02
7.032306000000000668e-02
6.475680999999999798e-02
6.269510999999999834e-02
6.788536000000000570e-02
6.926387000000000516e-02
7.498623999999999568e-02
7.762015999999999361e-02
6.628575999999999913e-02
6.377697999999999701e-02
6.952798000000000311e-02
7.030788999999999789e-02
6.827022000000000646e-02
6.794218999999999953e-02
6.458426000000000444e-02
6.380858999999999837e-02
6.760942999999999814e-02
6.937569000000000374e-02
6.895787000000000444e-02
6.730369999999999409e-02
7.108902000000000276e-02
6.648265000000000424e-02
7.418789000000000633e-02
7.022124999999999895e-02
6.772936999999999708e-02
6.510054999999999314e-02
6.718784999999999341e-02
7.112806000000000684e-02
7.221816000000000346e-02
7.782664999999999722e-02
7.829208999999999474e-02
8.386942999999999482e-02
8.978558999999999846e-02
7.772866999999999971e-02
7.544252999999999376e-02
7.014001000000000263e-02
7.241593000000000335e-02
7.554840000000000166e-02
9.708429999999999838e-02
1.107711799999999969e-01
1.090855399999999947e-01
1.478510299999999944e-01
1.540457799999999933e-01
1.556766900000000065e-01
1.501267900000000100e-01
1.309821499999999916e-01
1.273265199999999986e-01
1.071697199999999961e-01
5.669555999999999901e-02
