5.029290000000000149e-02
1.005887500000000045e-01
9.517404999999999615e-02
8.199320000000000219e-02
6.780758000000000618e-02
7.326280000000000292e-02
7.820997999999999839e-02
8.120653999999999373e-02
6.980356000000000061e-02
7.735013999999999779e-02
7.660899999999999654e-02
6.585325000000000206e-02
6.976388000000000034e-02
7.158490000000000686e-02
9.185648000000000424e-02
7.293099999999999583e-02
7.484375999999999529e-02
6.582116999999999829e-02
7.683280000000000665e-02
7.276472000000000495e-02
8.780888000000000582e-02
7.640534999999999688e-02
7.162783000000000344e-02
1.020270600000000027e-01
1.028586499999999959e-01
1.206024400000000052e-01
1.073892399999999969e-01
7.347149999999999515e-02
7.450513000000000274e-02
7.887020000000000142e-02
1.008667399999999964e-01
1.062545899999999960e-01
1.352743799999999996e-01
1.215297300000000025e-01
1.500815699999999975e-01
1.613558200000000109e-01
1.287699900000000008e-01
1.041800499999999963e-01
8.984720999999999680e-02
1.163477499999999998e-01
1.622626799999999925e-01
3.171685300000000041e-01
4.209848600000000163e-01
4.596421399999999768e-01
4.570661500000000044e-01
4.056218300000000165e-01
3.361950499999999953e-01
2.678227400000000036e-01
1.997020700000000093e-01
1.284969400000000039e-01
9.406593000000000593e-02
8.323405999999999860e-02
7.354143000000000485e-02
1.046286200000000055e-01
1.691388299999999900e-01
2.112619000000000025e-01
1.756541000000000075e-01
1.591982799999999976e-01
1.556596899999999895e-01
1.938764199999999938e-01
1.627347500000000113e-01
1.495373000000000119e-01
9.714116000000000417e-02
6.716663000000000494e-02
