5.958145000000000108e-02
8.218820999999999766e-02
9.782444999999999335e-02
1.051885899999999985e-01
1.169342399999999949e-01
1.357304199999999905e-01
1.262037199999999915e-01
1.295430399999999982e-01
1.269606500000000082e-01
1.064753600000000050e-01
9.132071999999999412e-02
7.838048000000000237e-02
1.007632499999999987e-01
1.455957099999999893e-01
1.921914200000000017e-01
2.792350100000000057e-01
3.248575000000000212e-01
2.827883099999999872e-01
2.615102200000000154e-01
2.084486500000000131e-01
1.745318200000000042e-01
1.219153800000000037e-01
8.218892999999999338e-02
7.117237999999999343e-02
7.123100999999999738e-02
7.782566000000000483e-02
7.884417999999999982e-02
8.803827000000000180e-02
9.126483999999999985e-02
1.129680299999999971e-01
1.369053600000000037e-01
1.083500599999999980e-01
9.268118999999999663e-02
8.259782999999999709e-02
8.562591999999999426e-02
8.866857000000000211e-02
8.448751999999999651e-02
7.819806999999999453e-02
7.532537000000000260e-02
8.129442000000000612e-02
8.290084000000000342e-02
8.100232999999999739e-02
7.061398000000000674e-02
7.111186999999999370e-02
6.856753999999999627e-02
7.206142999999999577e-02
7.435000999999999416e-02
7.681493000000000348e-02
6.766257000000000521e-02
7.100961000000000078e-02
8.615064999999999529e-02
8.594625999999999655e-02
9.139102999999999810e-02
8.574917999999999429e-02
7.355873000000000272e-02
7.028764999999999319e-02
6.998453000000000312e-02
7.271247000000000127e-02
8.452980000000000216e-02
7.474430999999999437e-02
7.576434999999999420e-02
8.048555000000000292e-02
7.444183999999999524e-02
6.040866000000000291e-02
