5.246783000000000002e-02
6.803948999999999414e-02
6.516128999999999671e-02
6.777740000000000153e-02
6.667397999999999381e-02
6.914431000000000049e-02
6.456336999999999493e-02
6.788798000000000055e-02
7.099049999999999805e-02
7.437660999999999578e-02
7.348232000000000375e-02
7.318513999999999575e-02
6.942143000000000619e-02
6.717684999999999629e-02
6.856086000000000125e-02
7.788069999999999715e-02
7.625928999999999347e-02
7.078001000000000431e-02
6.686309999999999476e-02
6.780593999999999510e-02
7.227155999999999858e-02
8.618359000000000436e-02
9.419173000000000129e-02
7.124558000000000280e-02
6.680666999999999855e-02
6.789958000000000105e-02
7.644117999999999746e-02
7.828614999999999879e-02
8.031449000000000227e-02
6.999885000000000135e-02
6.730381000000000558e-02
7.133768000000000054e-02
7.782917000000000307e-02
7.869163999999999326e-02
7.351417999999999842e-02
7.878456999999999821e-02
8.138241999999999698e-02
9.847511000000000458e-02
8.385549000000000475e-02
7.300616000000000050e-02
6.709666999999999715e-02
6.976814000000000626e-02
7.669779000000000180e-02
9.525429000000000535e-02
1.000208300000000050e-01
9.154473999999999945e-02
9.184746000000000576e-02
1.135420300000000021e-01
1.052167999999999992e-01
9.937324000000000157e-02
8.522773999999999628e-02
9.194072000000000355e-02
7.762842999999999827e-02
1.055837899999999968e-01
1.577903300000000064e-01
1.894523499999999916e-01
2.506551399999999985e-01
2.956599300000000152e-01
3.017714300000000072e-01
3.110272299999999879e-01
2.889520800000000000e-01
2.769273500000000165e-01
2.145595999999999892e-01
5.875699999999999673e-02
