5.117286000000000057e-02
6.715562999999999394e-02
6.832378000000000062e-02
8.781825999999999521e-02
1.155101300000000025e-01
1.458752500000000119e-01
1.714864200000000005e-01
1.904877000000000098e-01
2.041644800000000093e-01
2.218880500000000033e-01
2.172098000000000084e-01
1.642237300000000122e-01
1.435923400000000127e-01
1.078904100000000060e-01
8.037489999999999912e-02
7.407149999999999845e-02
7.434259999999999480e-02
7.143945000000000156e-02
7.351802000000000337e-02
7.499306000000000028e-02
8.611778000000000488e-02
9.078875999999999613e-02
8.797067000000000081e-02
7.922701999999999523e-02
8.157976999999999590e-02
8.104039000000000381e-02
8.161593000000000320e-02
6.988619999999999555e-02
7.648626000000000036e-02
6.882499999999999729e-02
6.915195000000000369e-02
7.031796999999999354e-02
7.037269000000000163e-02
6.830123999999999918e-02
6.992115000000000136e-02
6.864056000000000324e-02
6.971705000000000263e-02
7.575057999999999792e-02
7.273192000000000546e-02
6.644556999999999547e-02
6.552078999999999542e-02
7.009315000000000684e-02
7.788952000000000375e-02
8.027328000000000241e-02
6.907151000000000263e-02
6.725156999999999663e-02
6.842434000000000016e-02
6.865261999999999754e-02
7.375584999999999780e-02
7.465650999999999538e-02
7.258132999999999946e-02
7.193056999999999923e-02
6.561535000000000284e-02
6.856830999999999343e-02
7.521141000000000632e-02
7.969128000000000323e-02
8.260064999999999769e-02
6.709521999999999708e-02
6.652389000000000219e-02
6.812888000000000277e-02
6.809506999999999366e-02
6.881181000000000103e-02
8.182108999999999910e-02
5.593837000000000115e-02
