5.875488000000000238e-02
1.114760899999999999e-01
9.989897000000000360e-02
7.036114000000000257e-02
6.988518999999999981e-02
7.441778000000000282e-02
1.283716099999999971e-01
2.137152700000000127e-01
2.890152599999999961e-01
3.824763600000000152e-01
4.238863600000000176e-01
4.156622899999999898e-01
4.244336499999999957e-01
3.817510900000000151e-01
2.486655299999999957e-01
1.763364099999999990e-01
1.350807199999999875e-01
8.851979999999999571e-02
7.683173999999999559e-02
7.937743999999999356e-02
8.348310000000000453e-02
8.786900000000000266e-02
1.055157000000000039e-01
1.162963699999999961e-01
2.070763399999999976e-01
2.109694000000000014e-01
1.617411099999999935e-01
1.124947500000000045e-01
8.670326000000000422e-02
7.258090999999999848e-02
9.466302999999999523e-02
1.028845000000000037e-01
1.114246900000000068e-01
1.424528200000000078e-01
1.467379799999999901e-01
1.297781500000000088e-01
1.021431800000000001e-01
9.455064999999999997e-02
9.637626999999999999e-02
1.049120899999999995e-01
8.228596000000000521e-02
9.644988000000000172e-02
7.623427000000000675e-02
8.610531000000000434e-02
9.797343000000000024e-02
1.149883599999999978e-01
1.159292499999999976e-01
1.028620499999999965e-01
9.225972999999999813e-02
8.487287999999999777e-02
1.011235500000000065e-01
1.127508900000000064e-01
1.070305599999999968e-01
9.746694999999999665e-02
8.193362999999999341e-02
7.692253999999999758e-02
7.216150999999999816e-02
8.224214999999999998e-02
1.015358199999999989e-01
9.291191999999999507e-02
1.053699000000000024e-01
9.791049000000000280e-02
7.853345999999999938e-02
6.077347999999999778e-02
