5.596761000000000097e-02
7.033817000000000541e-02
6.693535000000000457e-02
6.916171000000000124e-02
6.609945999999999877e-02
7.266928000000000276e-02
6.938737999999999850e-02
7.227600000000000691e-02
7.761727999999999683e-02
8.016687000000000118e-02
7.567363000000000561e-02
7.341941999999999913e-02
6.998852999999999325e-02
6.974950000000000594e-02
7.037678999999999463e-02
8.440992999999999413e-02
8.278657000000000377e-02
7.120076999999999656e-02
6.712466000000000266e-02
7.101354000000000000e-02
7.011915000000000509e-02
9.209747000000000072e-02
9.786240000000000216e-02
7.189985999999999600e-02
6.985175999999999885e-02
7.379225999999999841e-02
8.326772999999999814e-02
7.621732999999999980e-02
8.034760000000000513e-02
6.775317000000000145e-02
6.977769999999999806e-02
7.742971999999999355e-02
7.840893999999999642e-02
7.824670999999999710e-02
7.625328000000000661e-02
8.392272000000000620e-02
7.733950000000000546e-02
9.495283000000000195e-02
8.179422999999999555e-02
7.009593000000000074e-02
6.746688000000000685e-02
7.502443999999999780e-02
8.860824999999999951e-02
1.016460799999999998e-01
9.578631999999999425e-02
9.044230999999999798e-02
1.006552899999999945e-01
1.158010200000000045e-01
9.927558000000000216e-02
9.449082999999999788e-02
7.750100999999999518e-02
8.051345000000000030e-02
8.052270000000000261e-02
1.126804099999999947e-01
1.773227500000000012e-01
2.013403800000000132e-01
2.546659700000000193e-01
2.767163799999999840e-01
2.807246999999999937e-01
2.814480100000000262e-01
2.369949500000000098e-01
2.108887100000000070e-01
1.410871999999999959e-01
5.720622999999999680e-02
