5.415413000000000171e-02
6.741568000000000560e-02
7.020147999999999666e-02
8.174267999999999812e-02
8.536161000000000443e-02
9.486645999999999967e-02
7.117065999999999670e-02
6.838761999999999619e-02
6.905284999999999895e-02
6.849336999999999787e-02
7.005886000000000058e-02
7.470962000000000436e-02
7.354815000000000658e-02
6.762819999999999943e-02
6.701972999999999958e-02
7.587339999999999363e-02
7.440201999999999927e-02
7.051823000000000119e-02
7.663435000000000386e-02
8.558050000000000379e-02
1.501696899999999946e-01
1.510226899999999872e-01
1.185124399999999967e-01
9.596833999999999920e-02
7.232346000000000608e-02
8.605256999999999490e-02
1.196278900000000006e-01
1.273017700000000085e-01
9.586461000000000288e-02
1.022822199999999931e-01
1.172847800000000051e-01
1.291003099999999959e-01
1.484530400000000083e-01
1.016405499999999962e-01
7.475009000000000514e-02
7.208683999999999925e-02
8.584745000000000570e-02
1.804107400000000139e-01
2.832450599999999930e-01
2.754210500000000006e-01
2.645599200000000040e-01
2.706349499999999852e-01
2.249226099999999950e-01
1.494387199999999971e-01
9.953997000000000539e-02
8.237698999999999716e-02
6.704506000000000354e-02
6.722058000000000200e-02
7.095540000000000180e-02
7.361262000000000361e-02
8.843270000000000297e-02
1.024664700000000039e-01
1.181400900000000032e-01
1.345298400000000116e-01
1.598770300000000033e-01
1.683371999999999924e-01
1.464681499999999914e-01
8.848311999999999844e-02
8.293793000000000692e-02
7.539432000000000078e-02
7.096826000000000523e-02
8.036493999999999582e-02
7.970317999999999847e-02
5.516983000000000303e-02
