5.682505000000000195e-02
6.572361000000000175e-02
6.572637000000000618e-02
6.529637000000000635e-02
6.395747000000000237e-02
6.624681999999999793e-02
6.534310000000000118e-02
6.648250999999999467e-02
7.013334999999999708e-02
7.055055999999999827e-02
6.848411000000000082e-02
6.623437000000000074e-02
6.452834999999999821e-02
6.633374000000000215e-02
6.968476999999999311e-02
7.292518000000000611e-02
7.117039999999999478e-02
6.500786000000000064e-02
6.539483000000000101e-02
6.591192999999999358e-02
6.574591999999999936e-02
7.551038000000000194e-02
7.518376999999999699e-02
6.567636999999999781e-02
6.422949999999999493e-02
6.819672000000000234e-02
6.999281000000000252e-02
7.042403999999999331e-02
7.023484000000000671e-02
6.581509000000000664e-02
6.472158000000000078e-02
6.624510999999999594e-02
6.850032000000000343e-02
6.884321000000000190e-02
6.457238999999999340e-02
6.738505999999999663e-02
6.829428999999999361e-02
7.775690000000000379e-02
7.305151000000000006e-02
6.669922999999999824e-02
6.354277999999999316e-02
6.593180999999999348e-02
7.078017000000000336e-02
7.598913000000000195e-02
7.862410999999999706e-02
7.820588000000000539e-02
7.823948999999999487e-02
8.668832999999999400e-02
8.277455999999999703e-02
7.961463000000000567e-02
7.282344000000000317e-02
7.381029000000000062e-02
7.088651999999999453e-02
9.000231000000000203e-02
1.223062000000000038e-01
1.457043699999999997e-01
1.613478799999999991e-01
1.718114299999999872e-01
1.861620099999999889e-01
1.833013599999999965e-01
1.512632100000000090e-01
1.371557099999999862e-01
1.101631599999999961e-01
5.502962000000000131e-02
