5.761622000000000271e-02
7.079117999999999522e-02
7.615194999999999603e-02
7.382811000000000234e-02
7.810836000000000168e-02
7.380021000000000497e-02
7.130981000000000125e-02
6.945564999999999378e-02
7.901750999999999914e-02
9.045343000000000133e-02
9.244491999999999987e-02
1.130593299999999995e-01
9.644163000000000041e-02
9.704382999999999759e-02
8.144099999999999950e-02
7.642282999999999715e-02
9.083170000000000133e-02
9.188857999999999748e-02
9.387408999999999337e-02
9.198354999999999726e-02
1.006971299999999958e-01
1.087755599999999934e-01
1.034520899999999966e-01
1.071957000000000049e-01
9.398149999999999560e-02
7.837167000000000439e-02
7.333259000000000305e-02
1.065828999999999943e-01
1.971530200000000121e-01
2.853859699999999888e-01
3.222919699999999832e-01
3.512405800000000244e-01
3.084599100000000038e-01
3.104058499999999832e-01
2.020562599999999875e-01
1.606405099999999864e-01
1.234500000000000042e-01
7.699986999999999804e-02
9.030198999999999865e-02
7.511334999999999540e-02
7.799417999999999629e-02
1.043005600000000005e-01
1.391190700000000113e-01
1.244840200000000008e-01
1.621007799999999999e-01
1.211625000000000063e-01
1.308576499999999920e-01
1.220081400000000010e-01
1.075326100000000007e-01
7.165831999999999757e-02
8.008780999999999539e-02
7.658389999999999642e-02
7.824688000000000476e-02
7.526194999999999413e-02
9.339590000000000392e-02
9.951206999999999414e-02
8.480147999999999853e-02
8.723701000000000372e-02
7.947944999999999316e-02
8.177963000000000593e-02
7.754598999999999520e-02
7.770464000000000537e-02
7.742918000000000023e-02
5.676723999999999659e-02
