1.059285300000000068e-01
2.693075200000000224e-01
2.945732500000000087e-01
2.898826299999999745e-01
2.620256799999999830e-01
2.223228100000000096e-01
1.633621199999999996e-01
1.026080300000000028e-01
8.445674999999999710e-02
8.114862999999999937e-02
7.805265000000000120e-02
6.744274999999999576e-02
7.232133000000000311e-02
8.454557999999999518e-02
8.696756999999999405e-02
8.863390999999999631e-02
8.297432000000000418e-02
8.159631999999999996e-02
7.235666999999999793e-02
6.721863999999999617e-02
6.635309999999999819e-02
6.606299999999999673e-02
6.445737999999999468e-02
6.549849000000000643e-02
6.667646000000000683e-02
6.839752000000000332e-02
6.626329000000000247e-02
6.530474999999999475e-02
6.583240999999999399e-02
6.486176999999999915e-02
6.579400999999999999e-02
6.730640999999999707e-02
6.842939000000000660e-02
6.617979999999999696e-02
6.684326000000000156e-02
6.655988000000000182e-02
6.723142000000000007e-02
6.865825000000000400e-02
7.165380999999999834e-02
7.209248000000000045e-02
6.690933999999999771e-02
7.230931000000000164e-02
8.721431000000000322e-02
8.978791999999999329e-02
8.838770999999999434e-02
7.379064999999999930e-02
6.598938000000000026e-02
6.906360000000000277e-02
7.851047999999999361e-02
8.495147999999999588e-02
7.594201000000000423e-02
7.407041000000000319e-02
6.942312000000000483e-02
6.991252000000000577e-02
7.693635000000000057e-02
8.507167999999999675e-02
9.265300999999999398e-02
8.488880999999999510e-02
8.193643000000000454e-02
7.143417000000000516e-02
7.399782000000000581e-02
9.020696999999999743e-02
8.080381999999999842e-02
6.821333999999999731e-02
