1.325141200000000130e-01
2.754380399999999951e-01
3.423746799999999868e-01
3.761839299999999997e-01
3.415257300000000273e-01
3.456931400000000099e-01
3.042409099999999755e-01
2.066991800000000101e-01
1.542061999999999877e-01
1.273764199999999902e-01
1.167075399999999985e-01
7.647429999999999506e-02
8.337758000000000669e-02
9.687223999999999835e-02
1.002935499999999952e-01
1.308406000000000013e-01
1.471844200000000102e-01
1.896261999999999948e-01
1.555227600000000099e-01
1.242047200000000046e-01
1.163119400000000025e-01
9.592765999999999793e-02
8.354730999999999963e-02
7.999684999999999435e-02
8.485610999999999848e-02
9.276017999999999764e-02
7.169699000000000211e-02
7.532503000000000115e-02
7.130211000000000188e-02
7.677267999999999593e-02
7.376646000000000591e-02
7.556421000000000665e-02
7.383016000000000578e-02
6.858741999999999617e-02
6.963774000000000353e-02
6.967294000000000265e-02
6.768575000000000286e-02
7.600911999999999946e-02
8.425947999999999771e-02
8.512733000000000105e-02
6.908056999999999392e-02
7.517247000000000512e-02
8.274702999999999919e-02
9.167941000000000284e-02
9.255149000000000015e-02
8.331510000000000304e-02
6.886928999999999967e-02
6.937171999999999783e-02
7.416267999999999472e-02
7.536605999999999861e-02
7.378513000000000432e-02
7.775545000000000373e-02
7.318634000000000250e-02
7.122689000000000104e-02
7.233625000000000471e-02
7.558312000000000364e-02
7.498617999999999950e-02
8.245758999999999728e-02
7.955824999999999703e-02
6.783793999999999935e-02
6.586079999999999712e-02
7.256308000000000202e-02
6.772111999999999576e-02
5.988000999999999741e-02
