5.032078000000000245e-02
1.409548700000000099e-01
1.235079600000000000e-01
1.076001300000000022e-01
8.432995999999999548e-02
7.656187999999999882e-02
7.660092000000000290e-02
9.468187000000000131e-02
1.053746099999999936e-01
1.243995499999999976e-01
1.016418399999999972e-01
1.126790399999999942e-01
1.450612799999999869e-01
1.518614600000000037e-01
1.774553199999999997e-01
1.324873400000000090e-01
9.282102000000000408e-02
7.731799000000000310e-02
9.889784000000000075e-02
2.047770499999999883e-01
2.876684999999999937e-01
4.062998899999999969e-01
4.268932599999999966e-01
3.718978199999999901e-01
3.328099800000000053e-01
2.771374300000000179e-01
1.839777400000000007e-01
1.149402600000000024e-01
7.684497999999999329e-02
7.299746999999999486e-02
7.608204000000000355e-02
9.190842999999999929e-02
9.532454999999999401e-02
1.207186199999999987e-01
1.698582899999999951e-01
1.420560499999999893e-01
1.486657700000000026e-01
1.234493400000000046e-01
1.044657300000000066e-01
9.185511999999999844e-02
9.741618000000000499e-02
9.950109999999999510e-02
9.132321000000000188e-02
7.461202000000000112e-02
7.653978999999999644e-02
8.074022999999999617e-02
8.033624000000000320e-02
7.063574000000000241e-02
7.046386999999999790e-02
7.298393999999999715e-02
8.424357000000000373e-02
8.667780999999999403e-02
7.340288999999999842e-02
7.004264000000000323e-02
6.907359999999999889e-02
7.650988999999999707e-02
8.366026999999999492e-02
8.759374000000000327e-02
1.066659199999999974e-01
1.061435599999999979e-01
6.897875000000000534e-02
6.802326000000000206e-02
6.976229999999999931e-02
5.811224000000000250e-02
