4.978194999999999842e-02
6.965527000000000524e-02
7.062230999999999370e-02
7.130451999999999624e-02
6.916168999999999789e-02
7.733241000000000420e-02
7.637639999999999707e-02
8.334792000000000589e-02
7.880703000000000014e-02
7.199722999999999540e-02
7.032713000000000159e-02
6.684122000000000674e-02
6.928953999999999669e-02
7.349843999999999822e-02
8.052043999999999868e-02
8.942961000000000660e-02
8.928993999999999820e-02
6.992051999999999989e-02
7.451376999999999307e-02
9.916790999999999801e-02
1.308283799999999941e-01
8.224164000000000474e-02
8.126361000000000001e-02
7.174015000000000253e-02
8.195025000000000226e-02
1.122739199999999993e-01
1.650824100000000128e-01
2.270949499999999899e-01
2.030382599999999982e-01
1.701905700000000132e-01
1.607561000000000129e-01
1.287561500000000136e-01
1.252352399999999977e-01
7.633389999999999620e-02
6.970674999999999788e-02
6.733016999999999475e-02
6.730060000000000209e-02
7.447689999999999866e-02
8.956769000000000536e-02
7.671722999999999737e-02
1.001527499999999987e-01
9.342056999999999445e-02
7.643094999999999750e-02
8.627411999999999581e-02
6.749563000000000090e-02
7.202010999999999830e-02
6.941274999999999529e-02
7.882469000000000281e-02
6.910750000000000226e-02
7.352243999999999446e-02
7.488008000000000164e-02
6.861944999999999850e-02
7.393251000000000683e-02
7.902758999999999479e-02
7.012039000000000466e-02
7.299273000000000566e-02
7.004133999999999360e-02
6.944340999999999708e-02
7.071721999999999730e-02
7.112975000000000547e-02
7.495509000000000199e-02
6.684689000000000603e-02
6.441842000000000401e-02
5.478394999999999793e-02
