5.394906000000000007e-02
6.436791999999999514e-02
6.309779999999999556e-02
6.418229000000000295e-02
6.563729999999999565e-02
6.822095999999999716e-02
6.943547999999999387e-02
6.829264000000000168e-02
6.898690000000000377e-02
6.463982000000000061e-02
6.533355000000000412e-02
6.466723000000000610e-02
6.599881999999999971e-02
6.996404999999999985e-02
6.821025000000000005e-02
6.770837999999999857e-02
6.668048999999999504e-02
6.407453999999999927e-02
6.448726999999999931e-02
6.826635999999999815e-02
6.741481000000000556e-02
6.558007999999999893e-02
6.596689999999999499e-02
6.636959000000000608e-02
6.425390999999999742e-02
6.994121000000000365e-02
6.751793999999999851e-02
6.856813000000000491e-02
6.532814000000000676e-02
6.478577000000000641e-02
6.568825999999999832e-02
6.355101000000000500e-02
6.556774999999999409e-02
6.682765000000000233e-02
6.729575000000000140e-02
6.997201999999999589e-02
6.565269999999999440e-02
6.707557000000000103e-02
6.891007999999999856e-02
6.666953999999999936e-02
6.791133000000000586e-02
6.745698999999999446e-02
6.917761000000000049e-02
7.297182000000000668e-02
7.457853000000000399e-02
7.325576000000000310e-02
7.428071999999999453e-02
7.824088999999999350e-02
7.213279999999999692e-02
6.648656000000000010e-02
7.011705999999999495e-02
7.118315000000000059e-02
7.922221999999999598e-02
9.133020000000000027e-02
1.158151300000000022e-01
1.147877800000000059e-01
1.182830299999999973e-01
1.106681699999999963e-01
1.094412699999999933e-01
1.119596800000000059e-01
9.455159000000000480e-02
8.218119999999999592e-02
6.966265000000000651e-02
5.368181000000000341e-02
