5.336805000000000021e-02
7.054275999999999602e-02
6.837941000000000158e-02
6.996695999999999471e-02
6.893870000000000553e-02
6.941450000000000398e-02
6.670814999999999384e-02
6.372205999999999704e-02
6.638239999999999419e-02
6.825000999999999984e-02
7.107855999999999896e-02
6.777766999999999820e-02
6.750464000000000464e-02
6.795408000000000004e-02
6.817304000000000419e-02
6.785083999999999560e-02
7.060716999999999688e-02
6.946789000000000436e-02
6.558996000000000270e-02
6.460884999999999545e-02
6.683893000000000473e-02
7.091318000000000621e-02
7.219161999999999801e-02
6.881851999999999414e-02
6.659123000000000125e-02
6.872050000000000380e-02
6.824007999999999463e-02
7.331989999999999341e-02
7.250541000000000624e-02
7.105303999999999787e-02
7.980639999999999956e-02
7.483768000000000364e-02
7.467828999999999440e-02
7.022380000000000289e-02
6.640409999999999369e-02
6.907881000000000438e-02
7.265098000000000389e-02
7.697252999999999734e-02
8.243689999999999352e-02
7.215602999999999601e-02
7.084203999999999501e-02
7.342239000000000404e-02
7.556968000000000019e-02
8.330627999999999644e-02
7.703235999999999417e-02
7.156532000000000171e-02
7.660060999999999953e-02
7.297826999999999786e-02
8.797430000000000527e-02
1.115449099999999971e-01
1.446701300000000079e-01
1.401132499999999947e-01
1.420266299999999871e-01
1.438595400000000080e-01
1.422675399999999979e-01
1.126209100000000046e-01
9.964979000000000198e-02
8.349313999999999347e-02
7.516104999999999314e-02
7.151549000000000100e-02
6.772079000000000293e-02
7.015670999999999713e-02
7.242236000000000506e-02
5.397496999999999712e-02
