1.470965466666666610e-01
1.487946233333333479e-01
1.504927000000000070e-01
1.555869300000000122e-01
1.551949999999999996e-01
1.506001899999999949e-01
1.385999199999999876e-01
1.052493000000000040e-01
8.507006999999999763e-02
7.038289000000000351e-02
7.138129999999999475e-02
6.694379000000000302e-02
7.155066999999999677e-02
7.566311000000000564e-02
7.408617000000000674e-02
9.148944999999999994e-02
9.752595000000000014e-02
1.122795300000000024e-01
1.045310099999999937e-01
8.033735999999999655e-02
8.122161999999999438e-02
7.174521999999999844e-02
6.738674000000000053e-02
6.818786000000000291e-02
6.957897999999999861e-02
7.335595999999999783e-02
6.685272999999999910e-02
6.948356999999999450e-02
7.107570000000000554e-02
7.915339999999999876e-02
6.768593000000000526e-02
6.789241000000000026e-02
6.927308000000000077e-02
6.464619000000000615e-02
6.557079000000000379e-02
6.596644000000000119e-02
6.511277000000000037e-02
6.688441999999999998e-02
7.480910999999999811e-02
7.792137000000000369e-02
6.580434999999999757e-02
7.370717999999999714e-02
7.032125000000000181e-02
7.382727999999999513e-02
7.702496999999999816e-02
7.533381000000000105e-02
6.997731000000000090e-02
6.615532000000000357e-02
6.614701000000000608e-02
6.394996000000000014e-02
6.932016000000000566e-02
7.423709000000000557e-02
7.389808999999999961e-02
7.032486000000000292e-02
7.067948999999999760e-02
7.223696000000000284e-02
7.487900000000000111e-02
8.028594999999999482e-02
8.327310999999999741e-02
7.115414000000000461e-02
6.777903000000000400e-02
6.735067999999999611e-02
6.406286999999999399e-02
5.702047999999999839e-02
