5.692847999999999659e-02
6.819284999999999930e-02
6.610807000000000488e-02
6.753024000000000526e-02
7.056447999999999887e-02
7.498929999999999485e-02
8.192146999999999624e-02
7.508499999999999897e-02
7.367371999999999810e-02
6.888331999999999788e-02
6.901685999999999932e-02
6.928969999999999574e-02
7.203339000000000270e-02
7.780905999999999934e-02
7.173905999999999339e-02
7.074366999999999461e-02
7.355343000000000298e-02
7.474326000000000580e-02
7.954158999999999535e-02
7.784636000000000333e-02
8.615686000000000178e-02
6.980029999999999568e-02
7.911137999999999504e-02
9.267965999999999704e-02
9.274483000000000033e-02
1.009367500000000056e-01
7.701842000000000410e-02
8.402363999999999666e-02
8.888060999999999878e-02
6.940968000000000138e-02
7.548578000000000232e-02
8.121844000000000285e-02
7.536987000000000547e-02
9.558637999999999857e-02
1.151806400000000008e-01
9.067872000000000432e-02
8.658393000000000339e-02
8.680116999999999694e-02
8.945487000000000577e-02
9.759341000000000543e-02
9.285311999999999732e-02
9.281907000000000352e-02
9.876424000000000314e-02
1.193758500000000056e-01
1.297986200000000034e-01
9.397569000000000061e-02
1.011180200000000029e-01
1.105113600000000029e-01
9.566839000000000592e-02
1.247229200000000010e-01
1.859027600000000002e-01
2.174614699999999901e-01
2.972662999999999833e-01
3.198683299999999785e-01
4.020163099999999878e-01
3.235221500000000083e-01
2.762300999999999784e-01
2.445356399999999986e-01
2.153074700000000008e-01
1.791248900000000088e-01
1.337646500000000127e-01
8.794936999999999894e-02
7.305045999999999762e-02
5.884115000000000179e-02
