5.295923999999999771e-02
6.503330000000000222e-02
6.567762000000000600e-02
6.772150999999999865e-02
6.949133000000000393e-02
7.573818999999999690e-02
7.846218000000000636e-02
7.557571000000000427e-02
7.367793999999999732e-02
6.687028999999999890e-02
6.851538000000000073e-02
6.992489000000000343e-02
7.080364999999999576e-02
7.035558999999999563e-02
6.796844999999999970e-02
6.586876999999999316e-02
6.800150000000000639e-02
7.115114999999999634e-02
7.492331000000000685e-02
7.932308999999999888e-02
7.678748000000000518e-02
6.814947999999999839e-02
6.993151000000000228e-02
7.187662999999999691e-02
7.443147999999999431e-02
8.109294999999999698e-02
6.910536000000000456e-02
6.908931999999999574e-02
6.954556000000000626e-02
6.812361999999999584e-02
6.910855999999999943e-02
6.645945000000000324e-02
6.884144999999999848e-02
7.718780999999999559e-02
8.467845000000000233e-02
8.444345999999999797e-02
7.471078999999999914e-02
7.325735999999999359e-02
7.942365999999999315e-02
7.422038999999999720e-02
6.857810000000000294e-02
6.784656999999999494e-02
7.460472999999999411e-02
9.011357999999999868e-02
9.484088000000000240e-02
8.771963000000000676e-02
9.054930999999999397e-02
9.452463999999999311e-02
8.566849999999999465e-02
1.024595799999999945e-01
1.169668400000000025e-01
1.139285599999999982e-01
1.333272199999999963e-01
1.578606499999999913e-01
1.988378500000000104e-01
2.113730600000000015e-01
2.136876000000000053e-01
1.945953400000000055e-01
1.749350299999999914e-01
1.316818299999999997e-01
1.050021899999999953e-01
8.709956000000000642e-02
7.602203999999999906e-02
5.837140999999999857e-02
