6.300118999999999858e-02
8.985489000000000670e-02
1.217165699999999962e-01
1.138409499999999963e-01
1.174752000000000018e-01
1.379024399999999873e-01
1.339750899999999911e-01
1.591733399999999965e-01
1.278323500000000112e-01
1.179173200000000060e-01
1.359470899999999927e-01
7.226356000000000446e-02
1.087811199999999950e-01
1.435099499999999972e-01
2.675241800000000003e-01
3.352967499999999768e-01
3.979935099999999948e-01
3.666101999999999972e-01
3.150664300000000084e-01
2.789347200000000249e-01
2.151987999999999956e-01
1.271081900000000098e-01
1.014952999999999966e-01
8.069529999999999759e-02
7.340451000000000614e-02
8.347720999999999614e-02
8.654254999999999587e-02
1.016091699999999987e-01
9.480194999999999594e-02
1.355333200000000127e-01
1.692584500000000047e-01
1.260918199999999934e-01
1.191334899999999947e-01
8.365311000000000274e-02
8.690327999999999942e-02
9.235124000000000111e-02
8.366642000000000523e-02
7.662376999999999383e-02
7.490808999999999662e-02
7.501881999999999995e-02
7.737339000000000022e-02
7.304375999999999924e-02
6.957771999999999568e-02
6.662047999999999581e-02
6.679450000000000665e-02
7.187968000000000135e-02
7.275811999999999558e-02
7.357590999999999437e-02
6.966506000000000087e-02
8.393058000000000463e-02
9.337521999999999489e-02
8.994378000000000095e-02
7.969018999999999409e-02
7.547913000000000538e-02
6.786235999999999657e-02
6.798232999999999360e-02
7.340301999999999938e-02
7.313479000000000507e-02
8.005980000000000041e-02
7.304093000000000391e-02
6.780775999999999470e-02
6.971919000000000033e-02
6.676915999999999407e-02
5.842569000000000234e-02
