5.808072999999999708e-02
7.112955999999999446e-02
6.573927000000000243e-02
6.504925000000000290e-02
6.530674999999999675e-02
6.628686999999999774e-02
6.443677999999999906e-02
6.637801999999999591e-02
6.905258000000000229e-02
6.798113999999999546e-02
6.741039000000000059e-02
6.464609999999999801e-02
7.027729000000000614e-02
7.536871000000000542e-02
7.337572000000000538e-02
6.690556999999999754e-02
6.404751999999999668e-02
6.473426999999999654e-02
6.542061999999999877e-02
7.028953999999999758e-02
6.489238999999999424e-02
6.781077000000000632e-02
6.469779000000000502e-02
6.556277000000000632e-02
7.191052000000000555e-02
7.251718000000000053e-02
6.648423000000000527e-02
7.052331000000000572e-02
7.061293000000000430e-02
7.401953999999999478e-02
7.268650000000000111e-02
6.844577000000000300e-02
6.956835000000000102e-02
6.782526999999999306e-02
6.661569000000000518e-02
6.862174000000000051e-02
7.590338000000000640e-02
7.552309999999999579e-02
7.722247000000000139e-02
7.482405999999999779e-02
7.400653999999999566e-02
8.278523000000000132e-02
7.926814000000000082e-02
7.102458000000000382e-02
7.175940000000000096e-02
6.939641000000000559e-02
8.922486999999999779e-02
9.929842999999999309e-02
1.186037800000000059e-01
1.403265900000000010e-01
1.527058900000000108e-01
1.617915600000000009e-01
1.393963699999999917e-01
1.369653200000000015e-01
1.152280299999999952e-01
9.285702999999999319e-02
7.237419999999999964e-02
6.957842000000000193e-02
6.484763000000000333e-02
6.410366000000000675e-02
6.475424000000000457e-02
6.788035000000000596e-02
6.799760000000000526e-02
5.328320999999999752e-02
