5.732717999999999842e-02
8.390636999999999401e-02
7.701813000000000409e-02
8.038823999999999970e-02
8.358588999999999603e-02
8.699671999999999961e-02
8.677574000000000398e-02
7.595515999999999379e-02
7.007301999999999975e-02
6.627149000000000234e-02
7.424379000000000395e-02
6.674982999999999611e-02
6.619982000000000644e-02
7.054196999999999551e-02
6.922097000000000666e-02
6.970766999999999936e-02
7.012839999999999352e-02
7.110729999999999829e-02
7.021610000000000351e-02
6.747538999999999620e-02
6.678333000000000186e-02
6.607549999999999535e-02
6.694561999999999735e-02
6.433742000000000627e-02
6.376038000000000538e-02
6.821494999999999642e-02
6.602924999999999767e-02
6.634415999999999924e-02
6.595420000000000449e-02
6.397297000000000400e-02
6.708624000000000531e-02
6.567707999999999879e-02
6.629398000000000235e-02
6.618443000000000243e-02
6.474539999999999462e-02
6.698827999999999727e-02
6.553098999999999730e-02
6.464306999999999692e-02
6.755840000000000456e-02
6.529658000000000684e-02
6.345687999999999329e-02
6.388481999999999494e-02
6.593388999999999500e-02
6.647216999999999709e-02
6.652007000000000059e-02
6.514237000000000499e-02
6.572698999999999903e-02
6.712724000000000468e-02
6.453100999999999976e-02
6.497095999999999427e-02
6.269007999999999525e-02
6.589005000000000556e-02
6.373507000000000478e-02
6.433859000000000106e-02
6.907488000000000516e-02
6.720929000000000486e-02
6.933719000000000687e-02
6.764989999999999892e-02
6.816779000000000588e-02
6.617188999999999710e-02
6.709945999999999966e-02
7.037930000000000574e-02
6.830340999999999496e-02
5.524309000000000164e-02
