1.926171200000000028e-01
4.721984000000000181e-01
4.808243500000000115e-01
4.482183800000000273e-01
3.808132699999999815e-01
3.676541999999999866e-01
3.060646100000000147e-01
1.713168200000000085e-01
1.022554199999999996e-01
9.976580999999999644e-02
9.711957999999999702e-02
9.919189000000000478e-02
1.089738600000000057e-01
1.547982099999999916e-01
1.879268000000000050e-01
2.054092700000000049e-01
1.845781099999999897e-01
2.098278299999999930e-01
1.681118799999999913e-01
1.169396600000000008e-01
9.245858999999999328e-02
8.327690000000000092e-02
7.897070999999999952e-02
7.675999000000000017e-02
8.512527000000000288e-02
9.735249999999999460e-02
7.793284999999999796e-02
7.301916999999999436e-02
7.513166000000000289e-02
7.587823000000000484e-02
8.107799999999999729e-02
8.563128000000000406e-02
7.946585999999999927e-02
6.874426999999999621e-02
7.205983000000000527e-02
7.633439000000000196e-02
7.336995999999999796e-02
7.636191000000000506e-02
7.586975999999999443e-02
7.126770999999999801e-02
6.757604000000000388e-02
7.472017000000000242e-02
8.499331000000000247e-02
8.535969000000000195e-02
8.549710000000000643e-02
7.006890999999999814e-02
7.627881000000000244e-02
8.446895000000000098e-02
7.927420000000000300e-02
7.658671999999999702e-02
7.445846000000000409e-02
6.961117999999999473e-02
6.628216000000000663e-02
7.238822000000000312e-02
7.688665999999999556e-02
7.553711999999999926e-02
7.443357999999999919e-02
7.193175999999999737e-02
7.519489000000000034e-02
7.630969999999999420e-02
7.667685999999999946e-02
8.129179999999999739e-02
7.298486999999999336e-02
5.939835999999999727e-02
