5.595910999999999941e-02
8.607231999999999383e-02
1.348101800000000017e-01
1.889051800000000059e-01
2.589835200000000226e-01
2.745116400000000012e-01
2.549855699999999947e-01
2.612557400000000141e-01
2.772931799999999725e-01
2.775846100000000094e-01
3.731333900000000092e-01
1.983335200000000131e-01
1.458783899999999967e-01
1.042381899999999945e-01
8.892645999999999884e-02
8.010805999999999483e-02
7.917212999999999334e-02
8.736183000000000143e-02
1.042305500000000051e-01
1.147327900000000012e-01
1.417353299999999927e-01
1.781068299999999938e-01
1.858775199999999905e-01
1.193472700000000053e-01
1.153606300000000057e-01
9.638526000000000038e-02
1.109126299999999982e-01
9.187550999999999357e-02
1.210031099999999971e-01
9.938636000000000692e-02
8.588880000000000126e-02
9.281976999999999589e-02
8.129442000000000612e-02
8.398060000000000247e-02
7.878127999999999520e-02
7.571700000000000652e-02
8.679359000000000379e-02
1.048047099999999954e-01
8.911695000000000033e-02
7.469876000000000293e-02
7.855246000000000450e-02
8.834538999999999587e-02
1.269498300000000135e-01
1.092383100000000051e-01
8.531020000000000270e-02
7.845048000000000299e-02
8.548163999999999763e-02
8.601714000000000582e-02
9.408405999999999714e-02
1.037892499999999996e-01
8.045644000000000406e-02
7.830655999999999728e-02
7.121647000000000394e-02
8.760432999999999415e-02
1.074814300000000028e-01
1.059503200000000006e-01
1.036201199999999961e-01
7.150334999999999330e-02
7.091419000000000195e-02
7.527435999999999849e-02
8.394086000000000602e-02
8.933446999999999916e-02
1.166850799999999966e-01
6.636904000000000414e-02
