4.992598000000000175e-02
7.025462000000000373e-02
8.709211999999999509e-02
9.089097000000000148e-02
8.099140000000000505e-02
1.003133199999999975e-01
7.267808000000000601e-02
7.995386000000000160e-02
8.470118999999999565e-02
1.014454699999999959e-01
9.338876000000000122e-02
7.647534000000000276e-02
6.664686000000000221e-02
6.709539000000000475e-02
8.611628000000000338e-02
1.175812600000000069e-01
1.500486900000000123e-01
1.522736500000000104e-01
1.554642499999999983e-01
1.642170400000000086e-01
1.540729100000000074e-01
1.301957199999999870e-01
1.029534299999999986e-01
8.406418000000000224e-02
6.946157999999999499e-02
7.087833000000000327e-02
7.146573999999999982e-02
6.897098999999999591e-02
6.908548999999999940e-02
9.371466000000000518e-02
9.807233999999999396e-02
8.707099999999999562e-02
9.699707000000000467e-02
8.846257999999999899e-02
7.413740000000000607e-02
7.025090999999999974e-02
6.895457000000000669e-02
7.182515000000000427e-02
7.605199999999999461e-02
7.948640999999999346e-02
6.749724999999999475e-02
6.771542999999999313e-02
6.797332000000000374e-02
7.191785000000000538e-02
6.869732000000000616e-02
7.238960999999999313e-02
7.135508000000000128e-02
7.215367000000000308e-02
6.645529999999999493e-02
6.905592000000000674e-02
7.804418999999999940e-02
8.404907999999999824e-02
9.235108999999999679e-02
9.432351999999999403e-02
8.222271999999999914e-02
7.474057000000000617e-02
6.756792000000000353e-02
7.366224999999999856e-02
7.404241999999999768e-02
6.921845000000000081e-02
7.188627000000000211e-02
7.490766999999999565e-02
7.080161000000000093e-02
5.802304999999999963e-02
