5.676404000000000172e-02
7.099271999999999527e-02
8.631221000000000032e-02
8.189974999999999339e-02
9.474962000000000661e-02
8.266262000000000609e-02
7.305005999999999999e-02
8.143182999999999672e-02
9.778451999999999977e-02
1.224045500000000009e-01
1.163818100000000022e-01
9.658648000000000233e-02
7.215277999999999969e-02
7.031046000000000518e-02
7.427266000000000423e-02
1.148582100000000022e-01
1.428930499999999937e-01
1.442007100000000097e-01
1.919626399999999899e-01
2.160125099999999909e-01
2.223153900000000016e-01
1.808625299999999936e-01
1.577887199999999934e-01
1.118836400000000064e-01
8.049636000000000291e-02
7.152724000000000582e-02
7.566103000000000411e-02
7.347281999999999424e-02
7.746546999999999461e-02
1.292578600000000022e-01
1.373723099999999975e-01
1.231159599999999965e-01
1.433287400000000100e-01
1.154176999999999981e-01
1.091907800000000012e-01
7.514213000000000142e-02
6.748178999999999983e-02
7.117539999999999978e-02
8.165696000000000065e-02
8.190931999999999380e-02
8.014113000000000486e-02
7.285078999999999860e-02
7.912563999999999709e-02
7.248129999999999851e-02
7.055306000000000077e-02
7.952056999999999876e-02
6.999850000000000516e-02
7.403812999999999367e-02
7.027915999999999330e-02
6.796319000000000665e-02
7.470366999999999980e-02
8.387311999999999546e-02
9.202602999999999478e-02
9.396812999999999694e-02
9.083201999999999943e-02
8.096913999999999501e-02
7.548254000000000075e-02
7.612040000000000473e-02
7.214531000000000416e-02
6.731233000000000355e-02
8.105719000000000118e-02
9.862110999999999794e-02
9.494389999999999774e-02
6.233953999999999884e-02
