6.953309000000000573e-02
1.121735199999999988e-01
1.100182799999999961e-01
1.042970599999999970e-01
7.760372000000000103e-02
8.359814000000000134e-02
7.548612000000000377e-02
8.902210000000000678e-02
8.210897000000000334e-02
1.081212500000000021e-01
1.184128400000000053e-01
1.142854499999999968e-01
1.459988399999999908e-01
1.522213099999999986e-01
1.558306799999999992e-01
1.146075000000000010e-01
7.896897999999999418e-02
7.254473999999999645e-02
1.188308799999999998e-01
1.840063600000000077e-01
2.542555899999999758e-01
3.657851500000000033e-01
3.445072800000000268e-01
3.118983499999999909e-01
2.560748800000000047e-01
2.211628999999999956e-01
1.365039299999999955e-01
9.880933000000000077e-02
7.601918000000000564e-02
7.180440999999999907e-02
7.301201999999999692e-02
8.386730000000000573e-02
9.938724999999999643e-02
1.255963099999999888e-01
1.535130100000000053e-01
1.235903700000000049e-01
1.262810199999999938e-01
1.066497599999999962e-01
9.016314999999999746e-02
7.956386000000000014e-02
8.228705000000000047e-02
8.928079999999999350e-02
8.228554000000000423e-02
7.318649000000000682e-02
6.872333999999999388e-02
7.554447999999999719e-02
7.566219999999999890e-02
6.766316999999999471e-02
6.899568000000000367e-02
7.427696000000000298e-02
8.064498999999999973e-02
8.908388999999999891e-02
7.194465999999999362e-02
6.778531999999999613e-02
6.920946999999999516e-02
7.228437999999999530e-02
7.330348000000000419e-02
8.845553999999999917e-02
9.594165999999999805e-02
9.593219999999999525e-02
7.488184999999999980e-02
6.888026999999999345e-02
7.030550000000000688e-02
5.771873999999999755e-02
