5.549004999999999910e-02
7.156487999999999738e-02
6.979196000000000011e-02
7.003918000000000643e-02
6.680561000000000138e-02
6.725401000000000296e-02
6.763793999999999362e-02
7.109195000000000098e-02
7.032781000000000449e-02
6.949375000000000691e-02
7.277827000000000601e-02
6.656644999999999923e-02
6.651830000000000243e-02
6.630975999999999537e-02
6.938323000000000407e-02
6.788958000000000492e-02
6.792871999999999799e-02
6.959236000000000588e-02
7.260821000000000636e-02
8.039309999999999512e-02
9.020047999999999955e-02
7.942936999999999914e-02
7.265741000000000560e-02
6.623837999999999948e-02
7.153395999999999366e-02
7.729988999999999610e-02
8.341956999999999844e-02
8.443966999999999445e-02
7.846013000000000293e-02
7.974481999999999404e-02
8.738289000000000473e-02
8.941485000000000405e-02
8.205315999999999999e-02
6.973567999999999434e-02
7.405133999999999328e-02
9.212336000000000136e-02
1.266573500000000019e-01
1.681265999999999872e-01
2.120570800000000089e-01
1.799685699999999944e-01
1.519046699999999916e-01
1.226353000000000026e-01
1.064931300000000053e-01
9.402473000000000081e-02
6.826177999999999413e-02
6.613713999999999704e-02
6.832493000000000594e-02
6.783923000000000036e-02
7.321858000000000533e-02
7.660764999999999936e-02
8.652037999999999396e-02
1.025786800000000054e-01
1.199600299999999953e-01
1.129486400000000029e-01
1.107253700000000035e-01
1.016736599999999990e-01
8.766443999999999626e-02
7.134224000000000121e-02
7.204027000000000347e-02
7.755402000000000129e-02
7.472523999999999833e-02
7.744707000000000674e-02
8.798868999999999441e-02
5.590289999999999843e-02
