5.795344999999999663e-02
7.275553999999999355e-02
7.251327000000000467e-02
6.464246999999999355e-02
6.911757999999999791e-02
7.870831000000000355e-02
9.545465999999999673e-02
1.023189300000000024e-01
1.005625799999999986e-01
8.158617999999999426e-02
6.960205999999999338e-02
6.943544999999999578e-02
7.862094000000000027e-02
8.926911999999999348e-02
8.460890999999999551e-02
8.409284000000000203e-02
7.118805999999999745e-02
7.458473999999999660e-02
7.640017999999999809e-02
9.691468000000000305e-02
9.230873000000000550e-02
8.662440000000000417e-02
8.563376999999999795e-02
8.510360999999999621e-02
8.276476000000000666e-02
1.096903800000000040e-01
8.633404000000000078e-02
7.810345000000000482e-02
6.975269000000000608e-02
6.912123000000000572e-02
7.412942000000000142e-02
7.346310000000000340e-02
7.828942999999999319e-02
9.032411999999999386e-02
1.023734399999999961e-01
1.068879400000000007e-01
8.209734000000000476e-02
9.069019000000000386e-02
8.030536000000000618e-02
8.090015999999999874e-02
8.021106999999999543e-02
8.362538999999999390e-02
9.912667000000000006e-02
1.184026200000000001e-01
1.262725700000000006e-01
1.299168500000000004e-01
1.539005499999999971e-01
1.667244099999999896e-01
1.275231800000000137e-01
1.024214299999999939e-01
1.048146100000000025e-01
9.242116999999999694e-02
1.824406199999999978e-01
2.604123400000000199e-01
3.907347899999999985e-01
4.028078299999999778e-01
4.068856800000000273e-01
3.871497199999999750e-01
3.828241800000000139e-01
3.766823999999999728e-01
2.510895100000000157e-01
1.802210499999999938e-01
1.159206900000000068e-01
6.410580999999999918e-02
