5.581070999999999949e-02
6.926448999999999800e-02
6.625686000000000075e-02
6.378664000000000556e-02
6.534895999999999761e-02
7.197889999999999844e-02
7.347625000000000683e-02
7.814815999999999430e-02
8.072648999999999797e-02
7.482144000000000295e-02
6.664277999999999869e-02
6.509091999999999656e-02
6.882082999999999950e-02
7.437768999999999631e-02
7.635580000000000145e-02
7.686809000000000003e-02
6.928178999999999588e-02
6.724223000000000006e-02
7.025196000000000218e-02
7.688045999999999769e-02
7.648088999999999582e-02
8.068754999999999677e-02
7.864656000000000424e-02
6.921897000000000466e-02
7.548950000000000105e-02
8.971258999999999484e-02
8.441187999999999469e-02
7.666518999999999417e-02
6.912018000000000328e-02
7.033369999999999900e-02
7.807142999999999722e-02
7.403297000000000350e-02
7.630001999999999618e-02
7.956950000000000134e-02
7.991963000000000539e-02
9.338665999999999634e-02
8.094046000000000574e-02
8.309858000000000522e-02
7.694069000000000602e-02
8.276637000000000577e-02
7.841330000000000522e-02
7.935963999999999519e-02
9.545446000000000486e-02
1.010420699999999977e-01
9.857530000000000459e-02
1.019546800000000059e-01
1.316133999999999915e-01
1.757561099999999932e-01
1.257305099999999898e-01
1.022455899999999973e-01
7.743336000000000663e-02
9.025281999999999749e-02
1.347478900000000090e-01
1.949460100000000029e-01
2.461857899999999877e-01
2.979807899999999954e-01
2.993799100000000268e-01
2.709943100000000160e-01
2.478060400000000052e-01
2.149578500000000059e-01
1.726856700000000133e-01
1.198184600000000016e-01
1.098443900000000001e-01
5.735068000000000110e-02
