7.792071000000000414e-02
1.288589099999999932e-01
9.381290999999999936e-02
8.124882999999999411e-02
8.179859000000000435e-02
9.013274999999999759e-02
9.528757999999999673e-02
9.002314000000000149e-02
1.097605599999999931e-01
1.171640199999999937e-01
1.261333699999999947e-01
1.425947399999999976e-01
1.635139399999999965e-01
1.570058500000000024e-01
1.245557399999999981e-01
8.374135000000000606e-02
7.079881000000000368e-02
9.113367999999999469e-02
1.985570799999999969e-01
2.961552100000000021e-01
3.828602400000000183e-01
4.339093900000000059e-01
3.975851200000000141e-01
3.413159800000000188e-01
2.520495700000000006e-01
1.704790999999999945e-01
1.155983800000000006e-01
8.395212999999999981e-02
7.621933999999999654e-02
8.741759999999999808e-02
9.400946999999999776e-02
1.211488800000000005e-01
1.518012099999999920e-01
1.625925199999999904e-01
1.777958900000000120e-01
1.213926699999999942e-01
1.062532800000000055e-01
9.029951999999999424e-02
8.121224000000000498e-02
8.323232999999999326e-02
9.625441999999999332e-02
9.243020000000000402e-02
9.659856999999999472e-02
8.274895000000000167e-02
6.734345999999999388e-02
7.065512999999999655e-02
7.699522000000000310e-02
6.977202999999999877e-02
7.035645999999999567e-02
7.585762999999999534e-02
7.596585999999999617e-02
7.872239999999999793e-02
7.127669000000000366e-02
7.413896000000000375e-02
7.617414999999999603e-02
8.464678000000000480e-02
8.390873999999999555e-02
7.792464999999999808e-02
7.550458999999999643e-02
8.281367000000000589e-02
6.850027000000000199e-02
7.798360999999999488e-02
8.293021999999999894e-02
5.768800000000000316e-02
