6.368788999999999700e-02
9.336232999999999338e-02
8.898805999999999383e-02
8.728771000000000446e-02
6.888550999999999702e-02
7.504426000000000152e-02
7.960865000000000302e-02
7.268175999999999803e-02
7.292376999999999887e-02
8.247559999999999614e-02
8.277748000000000050e-02
7.185933999999999378e-02
7.326538999999999968e-02
7.447893999999999348e-02
8.896334999999999660e-02
9.201515000000000388e-02
9.356667000000000456e-02
7.070327999999999335e-02
7.173166999999999738e-02
7.565508999999999429e-02
8.187432999999999517e-02
7.035536000000000567e-02
7.346835999999999645e-02
7.382555999999999841e-02
7.780555999999999583e-02
9.601864999999999706e-02
9.037422000000000510e-02
7.791083000000000036e-02
7.826259000000000687e-02
9.793814000000000686e-02
9.917750999999999650e-02
9.839847000000000177e-02
8.055194999999999717e-02
1.275786899999999946e-01
1.759095599999999926e-01
1.511866299999999885e-01
1.239166599999999979e-01
1.756373900000000043e-01
1.264155200000000034e-01
9.869687000000000598e-02
1.175440400000000024e-01
2.563315299999999741e-01
3.673116599999999843e-01
4.170137600000000111e-01
5.083932300000000293e-01
4.820085499999999801e-01
3.581861299999999915e-01
3.509623700000000235e-01
3.277113400000000176e-01
1.267287699999999906e-01
8.788711999999999913e-02
8.789582999999999424e-02
7.248878999999999739e-02
9.670233999999999774e-02
2.114909100000000042e-01
1.763386000000000120e-01
1.333012899999999890e-01
1.455652000000000057e-01
1.331044999999999867e-01
1.664125300000000029e-01
2.139469200000000126e-01
1.856563200000000136e-01
1.066044899999999962e-01
6.580023999999999595e-02
