5.829397000000000051e-02
7.213256999999999308e-02
7.392833999999999517e-02
6.603056000000000203e-02
7.132889000000000590e-02
7.113577000000000095e-02
6.692070999999999437e-02
7.054966999999999488e-02
7.727731000000000183e-02
8.494933000000000345e-02
8.720485999999999516e-02
7.977618000000000209e-02
8.678202999999999612e-02
8.761583000000000565e-02
8.010423999999999323e-02
7.406675999999999538e-02
7.695530000000000426e-02
6.940768999999999411e-02
6.520797999999999872e-02
6.523244000000000264e-02
7.448812999999999962e-02
7.389015999999999640e-02
7.260060000000000124e-02
7.754688999999999333e-02
8.247965999999999631e-02
8.398155000000000203e-02
7.322299000000000169e-02
6.734958000000000611e-02
6.717127999999999988e-02
6.724223000000000006e-02
6.823672999999999544e-02
6.870837000000000472e-02
6.965672000000000530e-02
7.429201000000000554e-02
7.368418999999999663e-02
7.615101000000000508e-02
6.614499999999999547e-02
6.980943000000000564e-02
7.086774999999999325e-02
7.176697999999999411e-02
6.804372000000000198e-02
7.170514000000000054e-02
6.494798000000000238e-02
7.276691999999999882e-02
7.385255000000000292e-02
8.452830000000000066e-02
7.891085000000000460e-02
7.779598999999999542e-02
7.239574000000000009e-02
6.744360000000000632e-02
7.819772999999999308e-02
8.383061999999999458e-02
7.955270000000000397e-02
7.900419999999999665e-02
6.899244999999999683e-02
7.005095999999999545e-02
6.983034999999999937e-02
7.409203999999999790e-02
7.949979999999999547e-02
7.445557999999999343e-02
7.250428999999999902e-02
7.724158000000000412e-02
7.315194999999999337e-02
5.833188999999999735e-02
