5.153347999999999957e-02
6.945036999999999738e-02
7.560081999999999913e-02
7.057863000000000331e-02
7.134648000000000378e-02
7.130277000000000143e-02
6.880999999999999617e-02
6.840838000000000474e-02
7.185194000000000303e-02
7.998399000000000481e-02
7.320408000000000470e-02
7.279233999999999705e-02
6.792012000000000049e-02
7.211225000000000274e-02
6.978966000000000336e-02
7.682071999999999512e-02
9.093336999999999948e-02
7.390309000000000461e-02
6.872712999999999739e-02
7.883692000000000477e-02
8.684503999999999835e-02
8.585892999999999997e-02
7.925168999999999964e-02
7.403919999999999946e-02
6.893146999999999469e-02
7.240718999999999628e-02
9.324749000000000232e-02
1.320267300000000088e-01
1.605996600000000052e-01
1.803404999999999869e-01
1.731965500000000047e-01
1.630195200000000011e-01
1.424623600000000101e-01
1.121144300000000010e-01
8.036864999999999981e-02
7.166893000000000569e-02
6.960760000000000558e-02
6.851371000000000544e-02
7.171107000000000176e-02
7.242318000000000366e-02
7.459786999999999668e-02
8.034185000000000632e-02
8.149602000000000235e-02
8.850993000000000055e-02
8.412991000000000219e-02
7.524666000000000687e-02
6.607332000000000483e-02
6.848134000000000166e-02
6.991730999999999641e-02
7.287857000000000363e-02
7.469734999999999570e-02
7.146581999999999935e-02
6.594010000000000149e-02
7.096639000000000419e-02
6.779140000000000166e-02
7.240169000000000465e-02
7.033585000000000531e-02
6.930791999999999509e-02
6.878876999999999908e-02
7.102521000000000528e-02
7.361623999999999945e-02
7.018275999999999681e-02
6.473726999999999954e-02
5.419202000000000047e-02
