9.214572999999999514e-02
3.933870800000000001e-01
4.335588799999999798e-01
4.554375999999999980e-01
3.907884699999999989e-01
3.658157599999999898e-01
2.804790099999999731e-01
1.866428400000000043e-01
1.150695399999999979e-01
9.060564000000000118e-02
8.978437999999999697e-02
8.470563000000000398e-02
1.023944900000000047e-01
1.158210499999999948e-01
1.371275799999999989e-01
1.558309300000000064e-01
1.535633799999999993e-01
1.901979299999999873e-01
1.333903499999999909e-01
9.828757000000000466e-02
9.109622000000000552e-02
7.709979999999999611e-02
7.412411000000000694e-02
7.756093000000000015e-02
8.820525999999999367e-02
8.943239999999999523e-02
7.080759000000000358e-02
7.507627000000000050e-02
7.421621999999999941e-02
7.230454000000000048e-02
7.018660999999999650e-02
7.410932000000000630e-02
7.712325999999999904e-02
6.749997000000000635e-02
7.086794000000000426e-02
7.044641999999999571e-02
7.301905000000000201e-02
7.983838999999999519e-02
8.397227999999999637e-02
7.839348000000000150e-02
6.845800000000000496e-02
7.593481000000000536e-02
9.412966999999999862e-02
1.065959499999999949e-01
1.033802300000000035e-01
7.308662999999999965e-02
6.841152000000000344e-02
7.394686000000000314e-02
8.001297000000000270e-02
7.748075000000000101e-02
7.572618000000000404e-02
7.467097999999999791e-02
6.907188000000000216e-02
7.008598000000000605e-02
7.561199000000000392e-02
7.894703999999999611e-02
7.874565000000000037e-02
7.517421000000000519e-02
7.529597000000000373e-02
7.020677999999999641e-02
6.844287999999999761e-02
7.979923999999999351e-02
7.326915000000000511e-02
5.828131000000000284e-02
