1.109619699999999931e-01
3.241078299999999857e-01
3.818725299999999878e-01
4.042502299999999882e-01
3.479942100000000260e-01
3.351470500000000019e-01
2.488929900000000084e-01
1.620661499999999922e-01
9.172531000000000434e-02
8.305447000000000524e-02
8.237767999999999480e-02
8.013396999999999881e-02
8.738577999999999624e-02
9.902611999999999526e-02
1.018097699999999939e-01
1.361354999999999926e-01
1.289830100000000090e-01
1.618378000000000039e-01
1.266749699999999978e-01
9.820039999999999325e-02
9.203005999999999687e-02
8.242465000000000208e-02
7.547682999999999476e-02
7.611672999999999356e-02
7.945515999999999690e-02
8.038233999999999657e-02
6.860460000000000169e-02
6.792004999999999570e-02
7.356609000000000065e-02
7.588598000000000565e-02
7.564168000000000280e-02
7.811994999999999356e-02
7.420226000000000599e-02
6.662405000000000410e-02
6.758643000000000289e-02
6.721660000000000135e-02
6.854607999999999535e-02
7.374540999999999735e-02
8.055703000000000169e-02
7.621007999999999949e-02
6.868916999999999384e-02
7.217105999999999522e-02
7.997339000000000531e-02
8.431155999999999373e-02
8.604096999999999440e-02
7.213247999999999882e-02
6.658695000000000586e-02
7.576623999999999859e-02
7.952707000000000526e-02
7.821374000000000382e-02
7.602702000000000071e-02
7.420514999999999750e-02
6.917428999999999939e-02
7.224052999999999725e-02
7.511832999999999705e-02
7.768933999999999562e-02
7.776457000000000508e-02
7.661689000000000693e-02
7.449819000000000579e-02
6.954486999999999475e-02
7.327166999999999708e-02
8.264939000000000313e-02
7.069530000000000258e-02
5.942493000000000081e-02
