7.419781000000000293e-02
1.996752599999999933e-01
1.076539499999999983e-01
9.191818000000000211e-02
8.714916999999999803e-02
1.395260100000000059e-01
2.267817699999999936e-01
3.279873099999999764e-01
3.612738500000000075e-01
4.667896000000000267e-01
4.890376000000000167e-01
4.941705499999999862e-01
4.813738499999999920e-01
4.152066099999999760e-01
2.746775399999999978e-01
1.945125799999999905e-01
1.767371600000000043e-01
8.027418000000000053e-02
7.433903000000000039e-02
9.762049000000000420e-02
1.248615500000000017e-01
1.246347500000000025e-01
1.694963999999999915e-01
1.625035300000000071e-01
2.428671299999999866e-01
2.460296800000000006e-01
1.508172899999999927e-01
8.434076000000000073e-02
9.913695000000000146e-02
9.671048000000000144e-02
9.954551999999999845e-02
9.578897999999999580e-02
8.679834999999999634e-02
9.534318999999999433e-02
1.158576800000000045e-01
1.008709099999999942e-01
8.719581999999999333e-02
1.013145399999999946e-01
9.295264999999999778e-02
8.434577000000000047e-02
7.699372999999999634e-02
8.691351999999999411e-02
8.568180000000000240e-02
9.845824000000000242e-02
8.875462000000000629e-02
9.560074000000000349e-02
9.036373999999999795e-02
7.098474000000000450e-02
7.443155999999999384e-02
1.003345600000000032e-01
1.195152800000000015e-01
1.293691200000000041e-01
9.702012999999999610e-02
7.815544000000000657e-02
7.436552999999999913e-02
9.918868999999999603e-02
1.082404000000000005e-01
8.780456999999999845e-02
1.038615799999999950e-01
9.824848999999999388e-02
7.578575999999999369e-02
8.713374000000000119e-02
9.203801000000000343e-02
6.304748000000000296e-02
