5.213604000000000155e-02
6.537877000000000272e-02
6.362400000000000000e-02
6.522501999999999467e-02
6.408268000000000297e-02
6.462033000000000360e-02
6.274256000000000277e-02
6.275614999999999666e-02
6.395557999999999799e-02
6.396309999999999496e-02
6.678069000000000366e-02
6.475132000000000110e-02
6.543712000000000140e-02
6.529255000000000475e-02
6.548945999999999934e-02
6.550920000000000354e-02
6.661627000000000520e-02
6.285037000000000262e-02
6.418751999999999791e-02
6.312998000000000220e-02
6.581784000000000245e-02
6.506881999999999944e-02
6.529095999999999511e-02
6.324122000000000077e-02
6.302001000000000130e-02
6.487962999999999369e-02
6.463433000000000372e-02
6.450844999999999496e-02
6.409555999999999587e-02
6.530268000000000184e-02
6.280225999999999864e-02
6.418625999999999499e-02
6.589875000000000593e-02
6.388976999999999851e-02
6.341971000000000414e-02
6.435862000000000527e-02
6.265616999999999714e-02
6.619432000000000094e-02
6.572994999999999532e-02
6.324631999999999477e-02
6.369112000000000384e-02
6.345021000000000688e-02
6.610080000000000122e-02
6.667170999999999514e-02
6.748722000000000054e-02
6.702204999999999968e-02
6.508537000000000350e-02
6.623257999999999923e-02
6.422037999999999358e-02
6.370090000000000474e-02
6.791057999999999817e-02
6.870745999999999798e-02
6.906257999999999841e-02
7.269240999999999897e-02
7.959623000000000392e-02
7.538733999999999713e-02
7.257795000000000218e-02
7.463288999999999340e-02
6.959919000000000522e-02
6.862016999999999423e-02
6.679358000000000517e-02
6.545049999999999479e-02
6.344809999999999339e-02
5.250124999999999931e-02
