1.325248199999999876e-01
3.583467300000000022e-01
3.751174500000000189e-01
3.462384600000000257e-01
2.767713099999999926e-01
2.665683899999999884e-01
2.160017499999999924e-01
1.391631100000000065e-01
9.087024999999999963e-02
7.960863999999999441e-02
7.687217999999999829e-02
8.176838000000000162e-02
8.857877000000000112e-02
1.174819400000000069e-01
1.305943099999999912e-01
1.522074499999999941e-01
1.483870999999999940e-01
1.792899400000000087e-01
1.324728099999999964e-01
1.015456799999999993e-01
7.906854000000000660e-02
7.291337000000000512e-02
7.211973000000000689e-02
7.498747000000000051e-02
8.420645000000000213e-02
9.029587000000000030e-02
7.116835000000000522e-02
6.988966000000000622e-02
7.269789000000000112e-02
7.734491999999999756e-02
8.030819999999999625e-02
8.505891999999999620e-02
7.680734000000000172e-02
6.594701000000000035e-02
7.212232000000000365e-02
6.899292999999999398e-02
7.119488999999999679e-02
7.901813000000000586e-02
8.325169999999999793e-02
7.035987999999999964e-02
6.663719999999999366e-02
7.626813999999999816e-02
9.560786999999999758e-02
8.849107000000000500e-02
8.727392999999999956e-02
6.885428999999999855e-02
7.316509999999999680e-02
8.294210000000000471e-02
8.095257000000000147e-02
7.644699000000000633e-02
7.408301000000000469e-02
7.139864999999999406e-02
6.802329000000000014e-02
7.010574999999999446e-02
7.412536000000000125e-02
7.560244000000000686e-02
7.479323000000000221e-02
7.289668000000000536e-02
7.062635999999999914e-02
7.192651999999999379e-02
7.304653999999999314e-02
8.069949999999999346e-02
7.404560000000000308e-02
5.842632999999999854e-02
