5.351174999999999682e-02
6.615042999999999618e-02
7.231703000000000436e-02
8.279615999999999365e-02
9.366523000000000210e-02
9.313121000000000593e-02
7.693484000000000433e-02
7.149397000000000391e-02
6.789288999999999741e-02
7.847812999999999317e-02
1.069903400000000032e-01
7.947448999999999486e-02
7.730470000000000397e-02
8.698857000000000117e-02
9.047133000000000258e-02
1.065877999999999964e-01
1.089448300000000064e-01
1.132112100000000066e-01
8.000931000000000015e-02
7.811347000000000429e-02
7.096864999999999424e-02
8.315285000000000037e-02
1.162922599999999945e-01
1.201526200000000016e-01
9.945460000000000411e-02
1.058699000000000029e-01
1.568773099999999920e-01
2.311544700000000008e-01
1.705906799999999945e-01
1.182541500000000023e-01
7.602931999999999746e-02
9.012406000000000583e-02
1.268472800000000067e-01
2.660835699999999915e-01
2.630074900000000104e-01
3.529921200000000203e-01
3.818341800000000230e-01
3.621452199999999899e-01
2.709376199999999901e-01
1.906663799999999964e-01
1.216273799999999933e-01
7.351650999999999325e-02
7.197359999999999869e-02
8.079242999999999841e-02
8.961984000000000616e-02
1.056429299999999960e-01
1.688555800000000051e-01
2.148141899999999882e-01
1.294902699999999907e-01
1.748037199999999958e-01
1.374572500000000030e-01
1.781573399999999974e-01
8.600267999999999802e-02
1.042908099999999977e-01
1.235362400000000055e-01
1.218626399999999943e-01
1.033864300000000014e-01
1.292535999999999963e-01
1.148086499999999982e-01
8.251503999999999783e-02
1.109118800000000044e-01
1.156977599999999967e-01
9.726935999999999916e-02
6.177280000000000271e-02
