5.996698000000000306e-02
8.401664999999999828e-02
1.008177400000000029e-01
1.177584799999999987e-01
1.362753700000000068e-01
1.541191500000000103e-01
1.610115000000000018e-01
1.547177700000000045e-01
1.425429000000000002e-01
1.325061499999999892e-01
1.343538499999999969e-01
8.738625999999999339e-02
7.884502999999999651e-02
7.074226000000000125e-02
7.337626999999999344e-02
7.303250000000000020e-02
7.235967000000000093e-02
7.050136999999999377e-02
7.312707999999999708e-02
7.253002000000000060e-02
7.942106000000000166e-02
8.710987000000000591e-02
8.233666000000000595e-02
7.043222000000000371e-02
6.789230999999999738e-02
6.863270999999999955e-02
7.054470000000000185e-02
6.842270999999999770e-02
7.020415000000000683e-02
7.101048999999999556e-02
6.777887999999999968e-02
6.713515999999999928e-02
6.819385000000000030e-02
6.853684000000000165e-02
6.456430999999999976e-02
6.683815999999999369e-02
6.785370000000000290e-02
7.127770999999999413e-02
7.100117000000000234e-02
7.028252000000000110e-02
6.870658000000000321e-02
7.035845999999999767e-02
7.534119000000000232e-02
7.120872999999999786e-02
6.743886000000000325e-02
7.075401000000000606e-02
7.256303999999999532e-02
7.235830000000000040e-02
7.155855999999999328e-02
7.122892000000000112e-02
7.216823999999999462e-02
6.695136000000000143e-02
6.718151999999999457e-02
7.483671999999999547e-02
8.507731999999999795e-02
7.584498000000000628e-02
7.630916000000000088e-02
7.072759000000000684e-02
7.116814000000000473e-02
6.873026999999999609e-02
7.447652999999999912e-02
6.797865000000000157e-02
7.170092000000000132e-02
5.718499999999999972e-02
