5.829335000000000072e-02
7.855620000000000658e-02
8.230026000000000008e-02
8.525317999999999785e-02
7.636800000000000532e-02
7.098340000000000205e-02
6.456831999999999849e-02
6.614968000000000237e-02
7.244372999999999785e-02
8.117668000000000106e-02
7.721276000000000528e-02
7.312949000000000532e-02
7.653720999999999441e-02
7.752283000000000091e-02
8.997341999999999840e-02
8.778276000000000134e-02
8.704515000000000169e-02
7.579987000000000530e-02
7.225794000000000661e-02
6.511126000000000413e-02
7.305862999999999940e-02
9.484589999999999688e-02
1.138321100000000002e-01
1.116423400000000066e-01
1.247116300000000039e-01
1.431369600000000075e-01
1.164004399999999939e-01
1.007891699999999974e-01
8.138542999999999472e-02
7.301604000000000427e-02
6.749555000000000138e-02
6.616247999999999574e-02
6.786912000000000500e-02
6.725759000000000598e-02
6.939665999999999890e-02
7.601626999999999690e-02
8.745260000000000533e-02
9.280362999999999807e-02
9.242213999999999985e-02
8.070579999999999421e-02
6.844021000000000132e-02
6.593693999999999944e-02
6.859389999999999932e-02
7.176385999999999876e-02
7.389830000000000010e-02
7.527549999999999519e-02
7.050713999999999593e-02
7.407186000000000325e-02
7.289671999999999819e-02
7.296157999999999810e-02
7.023060999999999887e-02
6.748046000000000599e-02
6.721955999999999765e-02
6.965230000000000032e-02
7.476483000000000434e-02
7.708851999999999371e-02
6.912279999999999813e-02
6.682892999999999473e-02
7.022989999999999788e-02
6.907784999999999620e-02
7.209712000000000065e-02
7.246500000000000163e-02
7.797368999999999828e-02
5.391288999999999804e-02
