5.596693999999999974e-02
6.967776999999999998e-02
6.564981000000000289e-02
6.575274000000000396e-02
6.310443999999999776e-02
6.812374000000000207e-02
6.584357000000000404e-02
6.501015000000000266e-02
6.438771999999999551e-02
6.408291000000000681e-02
6.591402000000000372e-02
6.245053999999999883e-02
6.498511999999999345e-02
6.647419999999999718e-02
6.693158000000000440e-02
6.622374000000000316e-02
6.658029999999999504e-02
6.293361000000000094e-02
6.381187000000000664e-02
6.464699999999999613e-02
6.701282999999999546e-02
6.572166000000000119e-02
6.655743999999999549e-02
6.748759999999999482e-02
6.931785000000000030e-02
7.213886999999999383e-02
7.244786999999999755e-02
6.755070000000000519e-02
6.647661000000000542e-02
6.606731999999999883e-02
6.931455000000000255e-02
7.133572999999999997e-02
8.095004000000000088e-02
7.880030999999999841e-02
8.750602000000000380e-02
9.451289000000000218e-02
8.392657000000000589e-02
8.132567000000000268e-02
7.143976999999999966e-02
7.102621000000000628e-02
8.439148999999999956e-02
1.382080199999999870e-01
1.686502000000000001e-01
2.018382099999999901e-01
2.163315299999999941e-01
2.246458199999999961e-01
1.862203799999999909e-01
1.677352500000000024e-01
1.238250500000000059e-01
8.316808000000000534e-02
7.121349000000000429e-02
7.399290000000000034e-02
6.774370000000000391e-02
7.027788999999999564e-02
8.682181999999999400e-02
9.260493999999999670e-02
8.882963000000000664e-02
8.911906999999999468e-02
9.018076999999999344e-02
1.190397900000000064e-01
1.057435300000000022e-01
9.563839000000000368e-02
8.348368000000000455e-02
5.687914000000000164e-02
