5.208035999999999915e-02
1.221989700000000040e-01
9.400377000000000038e-02
7.715977999999999726e-02
7.878235000000000099e-02
9.381038999999999350e-02
9.861828000000000261e-02
9.576661000000000201e-02
9.743039000000000560e-02
1.401839400000000069e-01
1.256004400000000076e-01
1.539318899999999879e-01
1.395695799999999986e-01
1.324641400000000080e-01
1.274408800000000064e-01
8.135911999999999311e-02
7.212926000000000060e-02
8.714761000000000035e-02
1.918910899999999864e-01
3.107779299999999800e-01
3.906702100000000177e-01
4.495992999999999795e-01
3.868354900000000041e-01
3.376643400000000073e-01
2.311591699999999971e-01
1.873594199999999987e-01
1.104874299999999976e-01
9.047138000000000402e-02
7.946153000000000244e-02
7.711487000000000203e-02
8.259181999999999635e-02
9.842584000000000055e-02
1.200966400000000045e-01
1.423438200000000098e-01
1.635332600000000136e-01
1.218009699999999945e-01
1.245902299999999963e-01
1.101083199999999956e-01
9.548241000000000367e-02
8.917975000000000207e-02
9.814167000000000030e-02
9.545225999999999711e-02
9.272017999999999927e-02
7.582922999999999747e-02
6.844258999999999760e-02
7.241591999999999474e-02
7.368489999999999762e-02
6.907391999999999699e-02
6.993628000000000344e-02
7.284190000000000109e-02
7.512280999999999820e-02
9.813903000000000210e-02
7.211961999999999540e-02
7.006958000000000630e-02
7.924673999999999607e-02
8.129675000000000096e-02
8.224837000000000120e-02
8.033484999999999931e-02
8.489151999999999809e-02
8.650123999999999314e-02
7.045179000000000025e-02
7.209575999999999485e-02
7.914456000000000269e-02
5.825403999999999999e-02
