5.591909999999999936e-02
1.006329799999999969e-01
7.473597999999999353e-02
6.825675999999999966e-02
7.119749000000000216e-02
7.158643000000000645e-02
7.120368000000000530e-02
7.128642999999999785e-02
7.588754999999999806e-02
6.952063999999999466e-02
7.087253999999999776e-02
7.257935000000000081e-02
8.609836999999999352e-02
9.262012000000000023e-02
9.610227000000000352e-02
7.302627999999999897e-02
7.067041999999999768e-02
6.902680999999999401e-02
7.435893000000000364e-02
8.293485999999999914e-02
6.733395999999999826e-02
6.973693000000000253e-02
8.088939000000000545e-02
7.752140999999999893e-02
1.002265600000000062e-01
9.030101000000000100e-02
7.861695999999999962e-02
8.591148999999999314e-02
8.101200999999999541e-02
1.201195899999999983e-01
9.053777000000000352e-02
7.412027999999999672e-02
7.607187999999999450e-02
9.573605999999999783e-02
9.066132999999999831e-02
1.213373900000000033e-01
1.262242199999999981e-01
1.242228400000000010e-01
1.282944699999999938e-01
1.448428800000000072e-01
1.358251900000000123e-01
9.488657999999999815e-02
1.163383600000000018e-01
1.087670300000000007e-01
1.488180299999999900e-01
2.904259299999999988e-01
3.936968699999999766e-01
4.618518099999999738e-01
4.563928800000000008e-01
3.683682400000000134e-01
3.676842200000000060e-01
3.381891499999999939e-01
2.206500600000000090e-01
1.794146899999999878e-01
8.883971999999999702e-02
9.261521000000000337e-02
9.613592999999999444e-02
7.361141000000000212e-02
8.940707999999999989e-02
9.422171000000000018e-02
1.089547399999999944e-01
1.018031100000000022e-01
1.025884299999999943e-01
5.781945000000000140e-02
