6.357448999999999739e-02
1.063797300000000057e-01
1.273587800000000048e-01
1.301771100000000125e-01
1.403079799999999988e-01
1.877982199999999879e-01
1.476483600000000063e-01
1.159658400000000006e-01
8.841253000000000306e-02
7.224777999999999756e-02
8.644026999999999961e-02
1.784295100000000134e-01
3.101111899999999810e-01
3.648190499999999781e-01
4.305324300000000215e-01
4.434001699999999824e-01
4.689827899999999827e-01
3.870165300000000252e-01
2.852676199999999995e-01
1.546533099999999883e-01
1.098569600000000035e-01
8.229794999999999472e-02
7.387778999999999874e-02
7.969247999999999610e-02
9.489847999999999340e-02
9.676474999999999660e-02
1.238019800000000059e-01
1.689697699999999914e-01
1.627044800000000124e-01
1.376396000000000008e-01
1.559781899999999888e-01
1.047775299999999937e-01
8.866820999999999731e-02
9.109378999999999393e-02
9.022747000000000406e-02
1.014457899999999940e-01
1.011661100000000035e-01
7.360395000000000132e-02
7.716415999999999553e-02
8.100973999999999675e-02
8.289344999999999353e-02
6.955567000000000000e-02
7.001764000000000598e-02
7.283797999999999662e-02
7.477343000000000184e-02
6.972644000000000064e-02
6.939167999999999725e-02
8.241376000000000257e-02
8.503721999999999670e-02
9.360867999999999967e-02
9.324480999999999742e-02
7.750398999999999483e-02
7.340757000000000532e-02
6.931223999999999719e-02
7.922593999999999470e-02
7.708821999999999897e-02
8.549855000000000649e-02
8.126034999999999509e-02
7.477638000000000340e-02
7.818282000000000009e-02
7.115441000000000127e-02
7.186797000000000324e-02
7.860369000000000383e-02
6.024580999999999686e-02
