5.155752000000000251e-02
6.980272999999999339e-02
6.700984000000000107e-02
6.874914999999999499e-02
6.834552000000000682e-02
6.810325000000000406e-02
6.601909000000000249e-02
6.461240000000000039e-02
6.359760999999999886e-02
6.703763000000000083e-02
7.130292000000000574e-02
6.882844000000000462e-02
6.581963999999999870e-02
6.629503000000000479e-02
6.706455000000000055e-02
6.804271000000000624e-02
7.044796999999999865e-02
6.867299999999999793e-02
6.629529000000000671e-02
6.560808999999999391e-02
6.646841000000000554e-02
6.665975999999999846e-02
6.923785000000000356e-02
6.773033000000000525e-02
6.511593999999999716e-02
6.543137000000000258e-02
6.750130999999999493e-02
7.347239999999999327e-02
7.395066000000000139e-02
6.819263000000000408e-02
6.788858999999999866e-02
6.879419000000000506e-02
7.219894000000000311e-02
7.524350000000000482e-02
7.426059999999999606e-02
7.087725999999999749e-02
6.777044999999999597e-02
7.331986000000000059e-02
7.764055999999999735e-02
7.145266000000000117e-02
6.885528999999999955e-02
7.278461999999999432e-02
8.142128999999999339e-02
9.218086999999999809e-02
9.216757999999999895e-02
7.875801999999999803e-02
7.436004999999999698e-02
7.462768000000000179e-02
8.166060999999999459e-02
9.652222000000000579e-02
1.386897099999999938e-01
1.465544000000000013e-01
1.605706799999999934e-01
1.773992000000000069e-01
1.756938399999999900e-01
1.591583799999999882e-01
1.258244500000000043e-01
1.069786300000000051e-01
8.863305000000000489e-02
7.794747000000000481e-02
7.263920000000000099e-02
7.132576999999999667e-02
6.871591999999999978e-02
5.585658999999999763e-02
