7.711872000000000171e-02
1.303715699999999922e-01
1.374854699999999985e-01
1.266937599999999886e-01
9.966492000000000406e-02
8.246688000000000629e-02
7.451644000000000323e-02
7.634185999999999750e-02
9.952568000000000525e-02
1.022483599999999965e-01
1.083790699999999940e-01
8.706516000000000255e-02
1.294058299999999995e-01
1.494095300000000126e-01
2.031161900000000020e-01
1.392070400000000041e-01
1.194741599999999959e-01
8.464762000000000675e-02
8.156243000000000520e-02
1.311964999999999937e-01
2.358760099999999971e-01
3.673035499999999787e-01
3.969847000000000237e-01
3.800885999999999987e-01
3.301370100000000085e-01
3.023226600000000208e-01
2.476001200000000069e-01
1.294478500000000032e-01
8.823195999999999817e-02
6.946294999999999553e-02
7.900216000000000183e-02
8.923564000000000496e-02
8.619198999999999611e-02
1.185317899999999980e-01
1.600460400000000005e-01
1.340186299999999997e-01
1.567448999999999926e-01
1.572838000000000014e-01
1.141269699999999943e-01
8.638761000000000356e-02
9.026061999999999974e-02
8.980324000000000639e-02
8.330202999999999913e-02
7.599817999999999851e-02
7.851840000000000208e-02
8.438234000000000012e-02
7.943015999999999965e-02
6.930975999999999804e-02
7.228291000000000577e-02
7.155279999999999974e-02
8.428051999999999766e-02
9.099831999999999366e-02
7.920433000000000334e-02
6.988917999999999520e-02
7.215707000000000371e-02
6.834891999999999357e-02
7.672278999999999904e-02
9.504194000000000531e-02
1.191031000000000034e-01
1.137587899999999985e-01
8.130564999999999320e-02
6.758245000000000224e-02
6.383265000000000466e-02
5.735375999999999669e-02
