5.647630000000000011e-02
7.202232999999999552e-02
6.673577999999999455e-02
6.521190999999999793e-02
6.509748999999999397e-02
7.052529999999999910e-02
7.023972000000000548e-02
7.643468999999999958e-02
8.060462999999999656e-02
7.817623999999999407e-02
7.210677999999999532e-02
7.194578999999999558e-02
6.800999000000000627e-02
7.194454000000000127e-02
7.498317999999999650e-02
8.936396000000000617e-02
7.743292000000000230e-02
7.316448000000000396e-02
6.844577999999999773e-02
7.413583999999999452e-02
7.710060000000000524e-02
8.612490999999999897e-02
9.145562000000000136e-02
7.569831999999999950e-02
7.329494999999999760e-02
8.316068000000000071e-02
8.718236999999999515e-02
7.847394000000000591e-02
7.186462999999999879e-02
7.016461000000000225e-02
7.085494000000000514e-02
7.920040000000000413e-02
7.311030000000000306e-02
8.411390000000000533e-02
8.629623000000000155e-02
9.415632000000000168e-02
8.464982000000000062e-02
9.576179999999999415e-02
7.899082000000000325e-02
8.133458999999999828e-02
7.115915999999999908e-02
7.969619000000000009e-02
1.022168900000000047e-01
1.164809700000000031e-01
9.654216000000000186e-02
1.079575200000000013e-01
1.347008899999999898e-01
1.380838899999999869e-01
1.092923699999999998e-01
9.608898999999999913e-02
7.999431999999999376e-02
8.799115000000000408e-02
1.213566799999999946e-01
1.759359799999999918e-01
2.793659299999999845e-01
2.887910300000000041e-01
3.180375699999999917e-01
3.164062200000000158e-01
3.273727000000000165e-01
3.044387399999999855e-01
2.842200100000000229e-01
2.387191700000000083e-01
1.133219300000000013e-01
5.980796000000000029e-02
