5.717892000000000113e-02
7.928678999999999588e-02
7.112168000000000656e-02
7.411474999999999314e-02
7.530140000000000444e-02
7.475255000000000094e-02
6.941463999999999968e-02
7.239821000000000450e-02
8.052887000000000239e-02
8.906522000000000050e-02
8.172893999999999992e-02
8.231264000000000636e-02
7.378100999999999410e-02
7.093797000000000297e-02
7.558086999999999445e-02
9.598339999999999650e-02
8.790778000000000481e-02
7.462296999999999680e-02
6.652769000000000044e-02
6.904781999999999587e-02
8.226965999999999446e-02
1.090965599999999952e-01
1.259005400000000052e-01
8.354714000000000584e-02
7.196896999999999323e-02
7.376852999999999883e-02
9.447812999999999350e-02
9.589459000000000177e-02
8.506197000000000064e-02
7.118747000000000269e-02
7.041448999999999625e-02
8.118712000000000151e-02
8.786734000000000211e-02
9.574818999999999691e-02
8.506376999999999688e-02
8.264148999999999801e-02
8.120898999999999479e-02
1.135080499999999992e-01
8.896378000000000619e-02
8.297683999999999616e-02
6.720431000000000321e-02
7.397030999999999745e-02
9.748057000000000250e-02
1.089757600000000048e-01
1.047437299999999932e-01
1.017819300000000066e-01
1.098548599999999986e-01
1.436317300000000130e-01
1.402752499999999902e-01
1.498723899999999942e-01
1.134560299999999994e-01
1.087007200000000007e-01
7.343022000000000438e-02
1.259526800000000113e-01
1.928950500000000123e-01
2.316240400000000033e-01
3.106088900000000264e-01
3.429674200000000228e-01
3.636829300000000154e-01
3.907624499999999834e-01
3.920796799999999860e-01
3.541622799999999960e-01
2.216012499999999996e-01
6.368764000000000369e-02
