5.726636999999999700e-02
7.563174999999999759e-02
7.537754000000000676e-02
7.854619999999999658e-02
8.383192000000000421e-02
8.578774999999999595e-02
7.439055999999999447e-02
7.088236000000000536e-02
6.800913000000000097e-02
7.387652999999999581e-02
8.373355999999999855e-02
8.054622000000000170e-02
7.455132999999999899e-02
6.864908000000000121e-02
7.249181999999999848e-02
7.223670000000000091e-02
8.369068999999999814e-02
7.771635999999999822e-02
7.456324999999999759e-02
7.537470999999999755e-02
7.263994000000000006e-02
7.319217000000000084e-02
8.213879999999999793e-02
7.167978999999999323e-02
6.689359000000000277e-02
6.751300000000000356e-02
7.284812000000000232e-02
9.127269000000000354e-02
9.014948000000000405e-02
7.046684000000000281e-02
8.178731000000000195e-02
7.334591999999999501e-02
1.224799399999999955e-01
9.354988999999999666e-02
7.888378000000000057e-02
7.570504999999999596e-02
8.362039999999999751e-02
8.475027000000000255e-02
1.131270899999999996e-01
8.426023000000000540e-02
7.676700999999999664e-02
9.234320000000000028e-02
9.898323000000000538e-02
1.519745000000000124e-01
1.490413100000000102e-01
9.775314999999999699e-02
7.286536999999999875e-02
8.464557999999999804e-02
1.319442700000000024e-01
2.516126000000000196e-01
3.346921500000000216e-01
3.723693200000000036e-01
4.036313599999999946e-01
4.191274600000000072e-01
3.971629400000000198e-01
3.408239499999999866e-01
2.413577899999999887e-01
1.804339699999999991e-01
1.298777899999999930e-01
9.691276000000000057e-02
7.302353999999999790e-02
7.801429000000000002e-02
7.265159999999999674e-02
6.129057999999999728e-02
