5.394784999999999858e-02
6.765857000000000121e-02
6.823252999999999957e-02
7.454624999999999446e-02
7.406082999999999417e-02
7.698064000000000295e-02
6.570178999999999603e-02
6.808657999999999377e-02
6.814884000000000219e-02
6.771502000000000077e-02
7.001794999999999547e-02
6.892080999999999902e-02
6.814937000000000078e-02
6.675507999999999442e-02
6.829564000000000468e-02
6.814378999999999575e-02
6.747530999999999668e-02
6.455046999999999868e-02
6.668904000000000498e-02
7.226348999999999967e-02
7.754352999999999940e-02
7.728045000000000053e-02
7.576977000000000018e-02
7.033572000000000435e-02
6.578596999999999917e-02
6.838845000000000340e-02
7.233074999999999921e-02
7.358418999999999377e-02
6.968074000000000490e-02
6.888415999999999983e-02
7.139060999999999324e-02
7.292722999999999567e-02
7.713660999999999435e-02
6.814022000000000134e-02
6.560093000000000174e-02
6.714190999999999909e-02
7.218618000000000257e-02
8.250435000000000407e-02
9.785383000000000275e-02
1.049938200000000016e-01
1.117030499999999982e-01
1.138858900000000035e-01
1.059523500000000007e-01
9.960837999999999637e-02
7.994307000000000496e-02
7.120456000000000008e-02
6.971792000000000267e-02
6.910621000000000125e-02
6.923727999999999827e-02
6.717732999999999344e-02
7.330804999999999960e-02
7.449513000000000662e-02
7.690228999999999815e-02
8.376446999999999365e-02
9.488346000000000280e-02
9.548803999999999625e-02
9.404223000000000443e-02
7.066780000000000284e-02
7.058274999999999966e-02
7.007523999999999698e-02
6.875952000000000452e-02
7.087607999999999409e-02
7.036222999999999783e-02
5.599226000000000203e-02
