1.421122599999999903e-01
2.853554200000000263e-01
3.481817799999999963e-01
3.830970200000000103e-01
3.561686299999999861e-01
3.410607900000000026e-01
2.757242599999999988e-01
2.041713900000000081e-01
1.491692699999999927e-01
1.206960200000000011e-01
1.065526799999999968e-01
7.936482999999999732e-02
7.542203999999999575e-02
8.481951000000000074e-02
9.804482999999999948e-02
1.143864500000000006e-01
1.254432199999999942e-01
1.994631900000000124e-01
1.782069699999999923e-01
1.315411499999999956e-01
1.251067700000000060e-01
9.192442000000000668e-02
8.590056000000000080e-02
8.232483999999999635e-02
8.388937999999999950e-02
9.306792999999999316e-02
7.066358999999999835e-02
7.424337000000000297e-02
8.986062999999999690e-02
9.466586000000000445e-02
7.396120000000000472e-02
8.068163999999999891e-02
7.554950000000000554e-02
7.037409000000000026e-02
7.128806000000000032e-02
6.924455000000000193e-02
6.688863000000000447e-02
7.749134000000000577e-02
8.526192000000000493e-02
8.671660000000000479e-02
6.955268000000000561e-02
8.261021999999999810e-02
8.649318999999999757e-02
8.900663999999999798e-02
9.032075000000000520e-02
8.277494000000000518e-02
7.421447000000000460e-02
7.317286000000000623e-02
7.341519999999999990e-02
7.434511000000000591e-02
7.783049999999999691e-02
7.666138999999999593e-02
7.116751000000000327e-02
6.956157000000000312e-02
7.094190000000000218e-02
7.768883000000000039e-02
7.919542000000000248e-02
8.827303999999999706e-02
8.649975999999999499e-02
7.441337000000000645e-02
6.607082999999999706e-02
7.234756999999999993e-02
6.607815999999999690e-02
6.066173999999999872e-02
