6.099040000000000017e-02
7.831580999999999959e-02
7.022333999999999521e-02
6.668485999999999858e-02
6.734025999999999901e-02
6.604411000000000309e-02
6.353509999999999713e-02
6.683419999999999639e-02
6.912901000000000462e-02
7.126150000000000539e-02
7.191920000000000257e-02
6.747980000000000644e-02
6.903357000000000243e-02
7.389661999999999620e-02
7.293705000000000327e-02
6.995142999999999500e-02
6.846708999999999434e-02
6.688808999999999727e-02
6.852260000000000295e-02
6.932156000000000429e-02
7.008793000000000661e-02
7.419902000000000442e-02
6.917297000000000029e-02
6.701094000000000495e-02
7.070988000000000273e-02
7.089554000000000689e-02
7.116324999999999734e-02
7.030118000000000478e-02
7.393674999999999553e-02
7.610485999999999640e-02
8.558955000000000035e-02
7.634393000000000429e-02
7.820736999999999828e-02
7.048200000000000298e-02
6.678681000000000201e-02
6.920039999999999525e-02
8.036374000000000295e-02
8.730865999999999627e-02
8.771426999999999696e-02
7.869439999999999769e-02
8.850837999999999761e-02
1.053886200000000023e-01
1.038622299999999998e-01
9.703272999999999759e-02
8.315345999999999849e-02
7.255644999999999456e-02
9.578311999999999937e-02
1.340347400000000133e-01
1.722385700000000075e-01
2.175750999999999935e-01
2.452039299999999866e-01
2.635637499999999855e-01
2.470685800000000099e-01
2.319023500000000071e-01
1.822961300000000007e-01
1.382318700000000067e-01
8.789242999999999362e-02
7.964245999999999825e-02
6.834659999999999347e-02
6.831531000000000409e-02
6.540928999999999494e-02
7.807095000000000007e-02
7.864369000000000220e-02
5.540178999999999937e-02
