5.247721999999999803e-02
7.209229999999999805e-02
6.939320000000000210e-02
6.542813999999999575e-02
6.570811999999999486e-02
7.084226000000000412e-02
6.709565000000000667e-02
6.827748999999999624e-02
6.581022999999999734e-02
6.818823999999999719e-02
6.847163000000000554e-02
6.345478000000000229e-02
6.519953000000000554e-02
6.945257000000000513e-02
7.325096000000000385e-02
7.231440000000000090e-02
7.011196999999999568e-02
6.454004000000000685e-02
6.763724999999999599e-02
6.890851000000000615e-02
7.653885000000000549e-02
6.773323000000000538e-02
6.741988000000000147e-02
7.530699000000000420e-02
8.468723000000000223e-02
9.334889000000000381e-02
9.762985000000000413e-02
7.406738999999999684e-02
6.891062000000000576e-02
6.845159000000000660e-02
7.818266999999999578e-02
9.515917999999999599e-02
1.093179199999999990e-01
1.086227399999999954e-01
1.220149400000000023e-01
1.369416999999999995e-01
1.236511200000000033e-01
1.198276900000000006e-01
8.478608999999999452e-02
7.432750999999999941e-02
9.196047000000000249e-02
1.482962399999999958e-01
2.408583599999999936e-01
2.874597600000000086e-01
3.168727499999999808e-01
3.288449900000000037e-01
3.514550599999999858e-01
3.179324599999999723e-01
2.676072700000000082e-01
1.271977300000000088e-01
1.158156000000000047e-01
1.041561099999999962e-01
7.917968000000000228e-02
7.831478000000000050e-02
1.155298700000000067e-01
1.063943700000000020e-01
1.002731399999999967e-01
9.135182000000000024e-02
9.644634000000000540e-02
1.270695900000000100e-01
1.415080999999999978e-01
1.169787300000000030e-01
9.750190000000000246e-02
6.125293999999999878e-02
