5.482842999999999745e-02
7.411866999999999761e-02
6.985196999999999934e-02
7.187802999999999554e-02
7.408149999999999458e-02
7.586460999999999899e-02
6.676822000000000312e-02
7.264843999999999469e-02
7.998921999999999977e-02
8.628905000000000602e-02
7.974528000000000172e-02
8.046591000000000160e-02
7.487230999999999748e-02
6.781057000000000057e-02
7.416636999999999535e-02
9.797870000000000190e-02
8.556982999999999950e-02
7.532537999999999734e-02
6.819000999999999535e-02
6.928267000000000453e-02
7.650980000000000281e-02
1.006795699999999960e-01
1.116219199999999995e-01
7.221115000000000173e-02
6.726506999999999625e-02
7.753680000000000294e-02
9.382522000000000084e-02
8.184491000000000682e-02
8.506748999999999561e-02
7.380021999999999971e-02
6.809977000000000391e-02
7.439761999999999764e-02
8.611393000000000519e-02
7.929287999999999614e-02
7.729648000000000074e-02
8.627614000000000116e-02
7.997738000000000069e-02
1.018860399999999972e-01
9.039774999999999894e-02
7.498796000000000628e-02
6.495908999999999711e-02
7.698364000000000595e-02
9.181640000000000634e-02
8.866799000000000208e-02
9.952756000000000103e-02
1.031294400000000028e-01
1.098744799999999966e-01
1.168860899999999980e-01
9.907646999999999982e-02
1.132571099999999942e-01
8.797707999999999917e-02
9.624346999999999763e-02
8.025976999999999417e-02
1.078192099999999987e-01
2.023810600000000015e-01
2.342274500000000037e-01
3.127910799999999991e-01
3.421875799999999912e-01
3.669114099999999934e-01
3.257201900000000205e-01
3.016067100000000001e-01
2.660006599999999999e-01
2.230490099999999920e-01
6.100627000000000133e-02
