6.220110999999999696e-02
8.555812000000000139e-02
7.514435999999999338e-02
7.140676999999999441e-02
9.567728000000000343e-02
1.224296299999999976e-01
7.716025999999999441e-02
1.088717899999999961e-01
1.229146200000000022e-01
1.892809000000000019e-01
1.997428699999999890e-01
2.030328700000000042e-01
1.480559300000000023e-01
1.150882200000000050e-01
8.286728000000000149e-02
1.105475800000000064e-01
1.494690599999999869e-01
2.004844100000000018e-01
3.132907500000000067e-01
4.089712500000000084e-01
4.659243499999999871e-01
4.089772999999999881e-01
3.355627999999999944e-01
2.556267700000000032e-01
1.554552299999999998e-01
9.533373000000000541e-02
7.513725000000000265e-02
7.366350000000000675e-02
8.951834999999999654e-02
1.225751300000000044e-01
1.248857899999999965e-01
1.399333199999999999e-01
1.687101300000000137e-01
1.621969299999999892e-01
1.758536500000000002e-01
9.348520999999999914e-02
8.850700000000000234e-02
8.272071999999999758e-02
8.750505999999999562e-02
9.181593000000000393e-02
9.767423999999999551e-02
9.165795000000000192e-02
9.965293000000000068e-02
8.473724000000000534e-02
6.816524999999999668e-02
7.077824000000000615e-02
6.921196999999999766e-02
7.033411999999999997e-02
6.675319000000000391e-02
7.112443000000000237e-02
7.397623000000000393e-02
8.268660999999999373e-02
8.883106999999999809e-02
8.968837999999999810e-02
8.181834000000000329e-02
8.186994000000000216e-02
7.667693000000000425e-02
7.176789999999999559e-02
6.749605000000000188e-02
7.055838000000000387e-02
7.814707999999999377e-02
8.784152000000000626e-02
8.959340999999999833e-02
5.926068000000000308e-02
