5.949647999999999742e-02
8.837620999999999671e-02
7.634143999999999652e-02
7.368228000000000277e-02
7.088313999999999726e-02
6.717531999999999670e-02
6.559880999999999351e-02
6.669785999999999770e-02
7.492148999999999337e-02
8.076234999999999664e-02
7.986746999999999597e-02
7.090467999999999771e-02
7.237755999999999357e-02
7.705006999999999828e-02
8.189301000000000219e-02
7.018998999999999377e-02
7.226966999999999419e-02
6.965636999999999524e-02
6.974049999999999694e-02
6.902183000000000623e-02
6.794390999999999625e-02
7.599197000000000590e-02
7.115715000000000234e-02
6.749707000000000623e-02
7.226481999999999351e-02
7.448915999999999871e-02
7.277353000000000294e-02
7.637138999999999733e-02
7.787763000000000324e-02
8.594158999999999826e-02
8.867300000000000182e-02
7.475284000000000095e-02
7.705378000000000227e-02
7.256729000000000651e-02
6.860563000000000078e-02
7.490882000000000096e-02
8.886892999999999876e-02
9.542084000000000676e-02
9.347007000000000232e-02
7.474342999999999959e-02
8.478723000000000509e-02
1.033468099999999973e-01
1.016932400000000042e-01
9.838173000000000057e-02
8.276653999999999956e-02
7.529017000000000348e-02
1.036987800000000043e-01
1.227247600000000022e-01
1.831365100000000024e-01
2.256609800000000110e-01
2.584157000000000259e-01
2.513711800000000274e-01
2.278587199999999868e-01
2.215228200000000092e-01
1.883230800000000038e-01
1.399479200000000034e-01
9.152918999999999639e-02
7.973436999999999886e-02
7.148827000000000653e-02
6.548495000000000010e-02
6.648909000000000069e-02
6.906848000000000154e-02
7.636953999999999965e-02
5.612621999999999750e-02
