5.312544000000000294e-02
6.976652999999999327e-02
7.180023000000000655e-02
6.874217000000000521e-02
6.610441999999999707e-02
6.606373000000000106e-02
6.562941999999999387e-02
6.721884999999999666e-02
6.574499999999999789e-02
6.761321000000000692e-02
6.933401999999999621e-02
6.523059000000000496e-02
6.406510999999999456e-02
6.738713000000000342e-02
7.042793999999999444e-02
7.054409000000000374e-02
6.883071000000000328e-02
6.535151000000000154e-02
6.572182999999999498e-02
6.636614000000000402e-02
6.733032999999999380e-02
6.716505999999999865e-02
6.726851000000000358e-02
6.633796999999999611e-02
6.891795000000000559e-02
7.595926000000000067e-02
7.954269999999999397e-02
7.376219000000000525e-02
6.956801999999999431e-02
6.572783999999999571e-02
6.743116999999999861e-02
7.082578000000000484e-02
7.727649000000000323e-02
7.886862000000000039e-02
8.231404000000000498e-02
9.028611999999999749e-02
8.173711999999999644e-02
8.895329999999999904e-02
7.675128000000000505e-02
7.157637999999999501e-02
7.486669999999999436e-02
9.000730999999999316e-02
1.316986500000000004e-01
1.579063099999999942e-01
1.955663900000000066e-01
2.110779700000000036e-01
1.801082200000000133e-01
1.682196999999999998e-01
1.517599099999999979e-01
8.987783000000000577e-02
7.787284999999999346e-02
8.077309000000000572e-02
7.165462999999999694e-02
7.052875999999999590e-02
7.335063999999999473e-02
7.474525999999999393e-02
7.634868999999999684e-02
7.852062999999999404e-02
7.488672000000000384e-02
9.043940000000000312e-02
9.703116999999999992e-02
8.506708000000000325e-02
7.753079000000000220e-02
5.599428000000000044e-02
