5.073861000000000343e-02
1.142097900000000055e-01
1.360797900000000060e-01
1.595339500000000077e-01
1.341353799999999985e-01
9.452974999999999572e-02
8.274299999999999711e-02
6.694540000000000213e-02
7.372552999999999745e-02
1.242188099999999989e-01
9.181470999999999383e-02
7.235315000000000496e-02
8.774010000000000142e-02
9.527781999999999918e-02
1.809644400000000042e-01
1.922786700000000126e-01
1.883271300000000092e-01
1.498788699999999974e-01
1.048887500000000028e-01
7.375442000000000109e-02
7.397847999999999924e-02
1.918184000000000000e-01
3.008591500000000196e-01
3.233873800000000021e-01
3.801781799999999767e-01
4.023229799999999967e-01
3.728423699999999785e-01
2.811067400000000216e-01
2.431745200000000051e-01
1.183550300000000000e-01
9.298591000000000495e-02
7.183423999999999365e-02
7.159997999999999363e-02
8.442486999999999908e-02
9.799223999999999435e-02
1.160844899999999985e-01
1.104666700000000029e-01
2.079708000000000112e-01
2.035492799999999991e-01
1.205160499999999996e-01
9.021092999999999473e-02
8.689379999999999327e-02
7.065760999999999570e-02
8.126112000000000612e-02
9.473964999999999470e-02
1.087475200000000003e-01
7.316691000000000167e-02
8.922987999999999753e-02
9.514727000000000601e-02
8.540733999999999826e-02
8.116868000000000694e-02
7.239289999999999614e-02
7.168866999999999601e-02
7.677551999999999988e-02
9.579841999999999524e-02
9.417063000000000517e-02
7.705459000000000613e-02
7.085971000000000630e-02
7.932208000000000314e-02
8.636088999999999571e-02
8.369300000000000350e-02
8.900109000000000492e-02
9.894155999999999784e-02
5.866720000000000268e-02
