5.603633000000000225e-02
7.436230000000000617e-02
7.340881999999999963e-02
7.382463999999999693e-02
8.913791999999999549e-02
1.046611499999999945e-01
7.449801000000000339e-02
6.954552999999999430e-02
6.548384999999999623e-02
6.641629999999999756e-02
6.982547000000000059e-02
7.457281999999999800e-02
7.227836999999999457e-02
7.207022999999999902e-02
7.311378000000000321e-02
6.810544000000000320e-02
6.980197000000000485e-02
6.853963999999999890e-02
7.320324000000000275e-02
7.008572000000000413e-02
8.509471000000000396e-02
8.478323000000000109e-02
8.596877999999999465e-02
1.005117999999999984e-01
8.603845999999999716e-02
8.025759000000000365e-02
7.396764000000000117e-02
7.405897000000000174e-02
8.031417000000000417e-02
9.054476999999999665e-02
9.870600999999999681e-02
1.010284899999999986e-01
1.225522099999999948e-01
1.049109700000000062e-01
9.830453000000000108e-02
8.638600999999999919e-02
7.116335000000000022e-02
8.480264999999999331e-02
1.069246100000000033e-01
1.121577799999999986e-01
1.625780199999999898e-01
2.366293200000000041e-01
2.920370700000000097e-01
3.014215199999999983e-01
2.621327299999999805e-01
1.989859300000000053e-01
1.471147499999999886e-01
1.267767099999999869e-01
9.069339999999999347e-02
7.000779000000000030e-02
8.058838999999999586e-02
7.030967000000000466e-02
7.572491000000000638e-02
8.604755000000000043e-02
1.242231699999999939e-01
1.479024300000000014e-01
1.398089499999999874e-01
1.261527500000000079e-01
1.077953299999999948e-01
1.161075200000000057e-01
1.049284999999999940e-01
8.530319000000000096e-02
7.182417000000000662e-02
5.562976000000000032e-02
