6.853636000000000450e-02
1.154049099999999994e-01
1.298692700000000089e-01
1.703218999999999983e-01
1.734992599999999885e-01
1.165363799999999950e-01
1.100832100000000008e-01
7.994284000000000112e-02
8.484179999999999500e-02
9.129015999999999520e-02
8.179685999999999901e-02
9.364553999999999934e-02
1.049286600000000069e-01
1.315063700000000113e-01
1.564129099999999883e-01
1.590767700000000062e-01
1.601958900000000074e-01
1.668738600000000127e-01
1.210080099999999992e-01
9.148348000000000591e-02
8.871445999999999499e-02
1.240187900000000037e-01
2.691275499999999932e-01
3.343635799999999936e-01
4.057737000000000149e-01
4.847271699999999850e-01
4.549350400000000127e-01
3.701139399999999746e-01
2.896378600000000247e-01
1.856553599999999915e-01
1.021562800000000021e-01
7.499569999999999848e-02
7.928019999999999512e-02
8.539415000000000200e-02
9.867169000000000634e-02
1.183335499999999957e-01
1.268248899999999957e-01
1.987238100000000007e-01
2.222602999999999940e-01
1.484525399999999939e-01
1.104308999999999985e-01
9.028994999999999382e-02
7.630090000000000483e-02
8.764884000000000563e-02
1.041311899999999985e-01
1.085088599999999986e-01
7.376929000000000125e-02
1.026324299999999967e-01
9.288630000000000497e-02
8.889729000000000381e-02
7.618448999999999360e-02
7.334727000000000607e-02
7.037827000000000666e-02
8.030758999999999814e-02
9.904756000000000671e-02
8.974426000000000625e-02
7.515328000000000286e-02
6.955538999999999472e-02
7.891615000000000435e-02
8.052980999999999334e-02
8.893362000000000489e-02
9.921343999999999996e-02
1.050245800000000063e-01
5.988617000000000246e-02
