6.233244000000000284e-02
1.127835400000000016e-01
1.021610399999999946e-01
8.766680999999999779e-02
8.442948000000000119e-02
7.729917999999999512e-02
6.792995999999999757e-02
6.576777000000000317e-02
8.316761000000000292e-02
9.066138999999999448e-02
1.054545900000000008e-01
1.214562099999999950e-01
1.361160999999999899e-01
1.296237600000000045e-01
1.030173900000000003e-01
8.655003000000000002e-02
8.288433000000000606e-02
7.717189000000000687e-02
6.463710999999999762e-02
6.642412000000000316e-02
6.569464999999999333e-02
6.546327000000000396e-02
6.577207000000000192e-02
6.482082000000000122e-02
6.514446000000000125e-02
6.799763000000000335e-02
6.701500000000000512e-02
6.855978999999999546e-02
6.765105000000000424e-02
6.454237999999999642e-02
6.625599000000000072e-02
6.740896000000000388e-02
6.617322000000000481e-02
6.713697000000000414e-02
6.540163999999999700e-02
6.741046000000000538e-02
6.693045999999999718e-02
6.678937999999999542e-02
6.735310999999999382e-02
6.676190999999999376e-02
6.577758999999999689e-02
6.597398999999999625e-02
6.641439000000000370e-02
6.651944999999999386e-02
6.464002000000000636e-02
6.942444000000000393e-02
6.984866000000000685e-02
7.678894999999999471e-02
7.342814999999999759e-02
6.937569000000000374e-02
6.682572999999999985e-02
6.832968000000000375e-02
6.964937999999999685e-02
7.875334000000000501e-02
7.649830000000000518e-02
7.181153999999999316e-02
6.794746000000000119e-02
6.686480999999999675e-02
6.999444999999999972e-02
7.556625000000000147e-02
8.787016000000000271e-02
8.316888000000000059e-02
7.593924000000000507e-02
6.043024999999999786e-02
