6.696270000000000000e-02
1.162785100000000016e-01
1.695086100000000040e-01
1.831928200000000062e-01
1.770670400000000089e-01
1.603639900000000118e-01
1.308492599999999950e-01
1.084059500000000009e-01
1.086328099999999963e-01
9.698078999999999728e-02
1.011471300000000018e-01
8.070732999999999380e-02
7.372995999999999717e-02
6.796560000000000101e-02
6.934582999999999720e-02
6.993958000000000119e-02
6.939165999999999390e-02
7.909222000000000474e-02
7.928860999999999548e-02
7.555365999999999471e-02
8.260699000000000514e-02
8.760205000000000075e-02
8.314992999999999690e-02
7.597916000000000392e-02
7.298915000000000264e-02
7.494066000000000616e-02
7.149574000000000207e-02
6.999072000000000626e-02
8.099004999999999399e-02
8.170151999999999970e-02
6.738721000000000294e-02
6.575292000000000636e-02
6.824083000000000232e-02
6.723260000000000347e-02
6.588462999999999958e-02
7.131323999999999996e-02
6.798888999999999627e-02
6.984374999999999611e-02
7.136849000000000665e-02
8.139612000000000236e-02
7.273825000000000429e-02
7.713607999999999576e-02
7.201707000000000247e-02
7.172151999999999694e-02
7.849522000000000443e-02
1.003336400000000017e-01
8.413925999999999350e-02
7.831243000000000232e-02
6.971517000000000686e-02
6.695916999999999841e-02
7.031379999999999575e-02
7.972049999999999970e-02
9.408882000000000356e-02
9.265126999999999391e-02
8.273534000000000443e-02
7.414418000000000397e-02
7.610071999999999670e-02
1.011155700000000018e-01
1.023160199999999936e-01
7.766201000000000354e-02
7.684807000000000443e-02
6.690313999999999983e-02
6.559721000000000302e-02
5.959090999999999694e-02
