5.777427999999999730e-02
7.597373000000000320e-02
7.485053999999999319e-02
6.917354000000000558e-02
6.745735999999999399e-02
6.735766999999999449e-02
6.848714999999999664e-02
6.968931000000000431e-02
6.856568999999999858e-02
7.481042999999999721e-02
7.662154999999999661e-02
7.105917999999999957e-02
6.693944000000000283e-02
7.255143999999999482e-02
8.242436000000000207e-02
9.021841999999999362e-02
8.229517000000000082e-02
6.683100999999999625e-02
6.768042000000000502e-02
6.925863999999999632e-02
7.620873000000000230e-02
6.969617000000000173e-02
7.666235999999999884e-02
7.265654000000000556e-02
9.342121000000000453e-02
1.148122699999999941e-01
1.207990300000000017e-01
8.495155000000000067e-02
7.771184000000000425e-02
6.998337999999999781e-02
8.506386000000000502e-02
1.006380000000000052e-01
1.124216799999999961e-01
1.034551900000000024e-01
1.322885299999999875e-01
1.510923399999999917e-01
1.197928199999999943e-01
1.455009999999999915e-01
1.175199299999999947e-01
7.858671000000000406e-02
7.120972000000000413e-02
1.268829700000000116e-01
2.003257999999999983e-01
2.664386899999999780e-01
2.884958100000000192e-01
3.083586400000000172e-01
3.100621100000000019e-01
2.732253700000000229e-01
2.283419800000000000e-01
1.424602399999999880e-01
1.064513200000000021e-01
1.103625399999999951e-01
6.993960999999999928e-02
7.336497000000000157e-02
9.307928999999999509e-02
9.295631000000000033e-02
8.080832000000000293e-02
8.367987999999999815e-02
9.680676000000000558e-02
1.095952800000000033e-01
1.120065900000000031e-01
9.892257000000000133e-02
8.006328999999999529e-02
5.581892000000000104e-02
