5.843489999999999795e-02
7.545309999999999517e-02
8.687580000000000302e-02
8.738142000000000131e-02
7.860061000000000131e-02
8.433158000000000321e-02
6.965066999999999786e-02
6.885051999999999839e-02
6.709165999999999741e-02
8.498247000000000440e-02
9.453135000000000010e-02
8.541208999999999607e-02
7.783724999999999672e-02
8.061316000000000315e-02
7.614207000000000614e-02
9.763230000000000519e-02
1.105192799999999975e-01
8.226187000000000082e-02
6.912740000000000551e-02
7.794017000000000306e-02
8.594063999999999870e-02
8.501731999999999345e-02
1.005455700000000008e-01
8.781619000000000230e-02
9.878858999999999557e-02
1.141050799999999976e-01
1.258615399999999940e-01
1.208461400000000047e-01
9.938172000000000672e-02
1.145317799999999997e-01
8.359851999999999561e-02
7.330240000000000367e-02
9.211434999999999762e-02
1.109733200000000003e-01
1.317736200000000080e-01
1.608930699999999991e-01
1.730011399999999977e-01
1.920541799999999910e-01
2.081779800000000125e-01
1.792234500000000064e-01
1.413175299999999968e-01
1.052881299999999937e-01
1.539225700000000085e-01
2.289475900000000064e-01
2.879057500000000158e-01
4.221622300000000272e-01
4.858236899999999747e-01
5.117276899999999573e-01
4.857354199999999733e-01
3.845442199999999922e-01
3.600095500000000115e-01
3.353671999999999764e-01
1.603896200000000105e-01
1.065165799999999996e-01
7.424640000000000406e-02
8.783059999999999479e-02
1.058377999999999958e-01
1.087265500000000051e-01
1.248721899999999940e-01
1.725598899999999936e-01
1.881831999999999949e-01
1.565503900000000115e-01
1.528133600000000092e-01
6.581834000000000295e-02
