9.694096000000000657e-02
2.294986400000000037e-01
3.009894499999999917e-01
3.070872700000000233e-01
2.809911700000000123e-01
2.664030499999999746e-01
2.500799599999999900e-01
1.934283800000000109e-01
1.276625799999999977e-01
9.489651000000000336e-02
9.323070999999999442e-02
6.481230000000000324e-02
7.077606000000000175e-02
8.869984999999999675e-02
8.799471999999999849e-02
1.074635000000000035e-01
1.126809500000000019e-01
1.410179300000000135e-01
1.307144600000000045e-01
1.026577099999999992e-01
9.360356999999999705e-02
7.594694000000000444e-02
6.723212000000000632e-02
6.690202000000000648e-02
7.279955999999999927e-02
7.620588000000000362e-02
6.711691000000000185e-02
6.765348000000000195e-02
6.679896000000000444e-02
7.098952000000000040e-02
6.688331999999999611e-02
6.647588999999999582e-02
6.715785999999999978e-02
6.553034000000000636e-02
6.838761000000000145e-02
6.470963000000000409e-02
6.730162000000000644e-02
6.747818999999999345e-02
7.122976999999999781e-02
7.362211000000000449e-02
6.733216000000000201e-02
7.001000000000000278e-02
7.227118000000000431e-02
7.528619000000000283e-02
7.857957999999999610e-02
8.177570000000000672e-02
7.129130000000000189e-02
6.892542999999999587e-02
6.647308999999999857e-02
6.682303000000000548e-02
7.121305999999999470e-02
7.564609999999999390e-02
7.418323000000000278e-02
7.305575999999999737e-02
7.217207999999999957e-02
7.260553999999999619e-02
6.946441999999999894e-02
7.694626000000000243e-02
7.902691000000000576e-02
6.973485999999999574e-02
7.032180999999999849e-02
6.655049000000000381e-02
6.491251000000000659e-02
5.569766000000000300e-02
