5.315655999999999853e-02
6.806339000000000139e-02
7.106099999999999917e-02
6.455420000000000602e-02
6.557051999999999325e-02
7.298419000000000434e-02
8.700341999999999798e-02
9.074031000000000458e-02
9.651788999999999508e-02
8.194411999999999530e-02
6.957820000000000671e-02
6.385836999999999763e-02
7.297488000000000585e-02
7.910085999999999506e-02
7.800455000000000583e-02
8.155982999999999983e-02
7.104449999999999654e-02
7.160170000000000423e-02
7.613681999999999395e-02
9.087766999999999373e-02
8.799060000000000215e-02
8.336243999999999599e-02
8.201524000000000314e-02
8.474842999999999960e-02
8.633781999999999568e-02
9.974755999999999900e-02
8.865567000000000586e-02
7.726001999999999870e-02
7.180541999999999481e-02
7.333149999999999391e-02
8.156404000000000432e-02
7.827146999999999577e-02
7.802444999999999520e-02
8.845466000000000439e-02
1.137494200000000039e-01
1.207674299999999951e-01
8.210021000000000679e-02
8.927287000000000416e-02
8.806071000000000037e-02
7.633117000000000374e-02
8.719066000000000316e-02
9.227654000000000412e-02
9.566019000000000605e-02
1.200073499999999987e-01
1.367472399999999921e-01
1.409106400000000037e-01
1.564244499999999927e-01
1.528483499999999939e-01
1.077064900000000019e-01
9.329421000000000241e-02
9.567404999999999660e-02
1.116269099999999959e-01
2.140413700000000086e-01
3.085805799999999932e-01
4.162751700000000277e-01
4.113692899999999986e-01
4.307081400000000171e-01
4.046822800000000053e-01
3.997491000000000239e-01
3.646646399999999844e-01
3.029520499999999728e-01
1.964223999999999970e-01
1.169313300000000000e-01
6.325933000000000250e-02
