6.165004000000000317e-02
1.038137999999999977e-01
8.262142999999999571e-02
7.765257000000000409e-02
6.879511000000000653e-02
7.177008999999999472e-02
7.090684999999999349e-02
7.002418000000000531e-02
8.171446999999999738e-02
9.820819999999999550e-02
1.092088100000000034e-01
1.493101599999999973e-01
1.434226200000000007e-01
1.265883299999999989e-01
1.180575499999999972e-01
8.992392000000000440e-02
6.796048000000000366e-02
7.711331000000000435e-02
1.224799500000000041e-01
2.274055299999999946e-01
2.680256100000000252e-01
3.476217999999999808e-01
3.413039099999999881e-01
2.932154799999999728e-01
2.202327500000000049e-01
1.828626100000000088e-01
1.414497799999999972e-01
8.366294000000000508e-02
7.222012999999999350e-02
7.877465999999999635e-02
8.491978000000000026e-02
1.051772200000000018e-01
1.040093700000000038e-01
1.411163199999999895e-01
1.565918799999999889e-01
1.314450799999999919e-01
1.328866900000000018e-01
1.135959799999999992e-01
9.883896999999999822e-02
9.061099999999999710e-02
9.441344000000000125e-02
9.501252000000000308e-02
1.021612499999999951e-01
7.396276999999999713e-02
7.553445000000000298e-02
8.050720000000000098e-02
7.825044999999999917e-02
7.039310000000000012e-02
7.049663000000000457e-02
7.740582999999999492e-02
8.351060000000000427e-02
1.047898200000000057e-01
7.509810999999999570e-02
6.927200000000000024e-02
7.026902000000000148e-02
8.150791000000000286e-02
8.562364000000000086e-02
9.471282000000000312e-02
1.238809200000000055e-01
1.189636300000000008e-01
8.060246999999999551e-02
6.997248999999999830e-02
6.884978999999999405e-02
5.839421000000000195e-02
