5.802241999999999816e-02
9.162120999999999460e-02
1.056155000000000010e-01
1.074105399999999988e-01
1.213696400000000009e-01
1.193329600000000018e-01
1.076862100000000044e-01
1.607314300000000085e-01
1.421590600000000038e-01
1.441654300000000111e-01
1.547574399999999961e-01
7.665876000000000634e-02
8.697362000000000148e-02
1.383294899999999994e-01
2.159690300000000063e-01
3.069022599999999823e-01
3.948354399999999820e-01
3.708872799999999859e-01
3.627107999999999999e-01
3.330412200000000267e-01
2.753052699999999908e-01
1.781182000000000043e-01
1.167852399999999985e-01
8.344442999999999999e-02
7.103394999999999848e-02
8.042183999999999444e-02
8.637551999999999730e-02
8.943561999999999346e-02
8.228789999999999716e-02
1.411445400000000128e-01
1.587944599999999984e-01
1.216670599999999935e-01
1.350066400000000111e-01
1.015211699999999939e-01
9.885109999999999730e-02
9.796022000000000063e-02
8.472984000000000071e-02
8.049195000000000655e-02
8.233171000000000239e-02
9.294797000000000475e-02
8.308129000000000208e-02
8.389148999999999912e-02
7.623043999999999654e-02
6.915941000000000449e-02
6.747651000000000343e-02
7.567139999999999977e-02
7.872397000000000422e-02
7.603772999999999782e-02
7.120147999999999755e-02
7.816259999999999875e-02
9.221506000000000147e-02
9.440864999999999674e-02
9.214223000000000552e-02
8.295223000000000180e-02
7.293687999999999561e-02
7.608998000000000150e-02
7.086299999999999544e-02
7.272054999999999492e-02
8.346554999999999946e-02
7.731999000000000510e-02
7.267279999999999573e-02
7.831443000000000432e-02
7.458520000000000427e-02
5.952480000000000271e-02
