5.699379999999999724e-02
6.711132999999999682e-02
6.734476999999999824e-02
6.942176999999999376e-02
7.916056999999999955e-02
8.700905999999999918e-02
7.022000999999999937e-02
6.591956000000000204e-02
6.542841000000000629e-02
6.645660999999999929e-02
6.765335999999999572e-02
7.166830000000000422e-02
7.053967999999999350e-02
7.127767000000000130e-02
7.036225999999999592e-02
6.555136000000000296e-02
6.988561999999999552e-02
6.582778999999999714e-02
6.618514999999999815e-02
6.595649000000000650e-02
7.919980000000000075e-02
8.327682999999999613e-02
9.203427999999999609e-02
1.122859799999999936e-01
8.831377999999999451e-02
8.131969999999999477e-02
7.362866999999999329e-02
7.471268000000000353e-02
7.660617999999999594e-02
9.307946000000000275e-02
9.270158000000000564e-02
1.089149299999999931e-01
1.504149599999999865e-01
1.204316099999999945e-01
1.259692599999999996e-01
1.303185799999999894e-01
9.044924000000000019e-02
9.174683999999999617e-02
1.407832499999999987e-01
2.397502699999999876e-01
3.237834299999999832e-01
4.522421099999999750e-01
4.754814800000000119e-01
4.591410200000000108e-01
4.076284199999999913e-01
3.402907299999999857e-01
2.295180699999999907e-01
1.685440400000000061e-01
1.245788599999999996e-01
9.145391999999999411e-02
7.962107000000000212e-02
7.157858999999999750e-02
9.052915000000000267e-02
1.163371799999999984e-01
1.458346100000000034e-01
1.690363900000000086e-01
1.755168900000000087e-01
1.227647399999999972e-01
1.164904799999999935e-01
1.184977400000000042e-01
9.507709000000000299e-02
8.052136999999999489e-02
7.134872999999999910e-02
5.872975999999999891e-02
