5.161020999999999664e-02
7.378998000000000501e-02
8.910722000000000087e-02
1.099444900000000058e-01
1.090376099999999931e-01
1.138477600000000062e-01
6.963661000000000156e-02
7.110225000000000573e-02
7.935411000000000548e-02
7.232138999999999929e-02
8.422986000000000362e-02
8.931762999999999508e-02
7.270493000000000094e-02
6.638183999999999751e-02
7.548475999999999797e-02
9.664425000000000099e-02
9.175880999999999621e-02
7.468877000000000155e-02
8.991053000000000239e-02
1.121344900000000033e-01
1.587404900000000119e-01
1.530911600000000039e-01
1.324468400000000101e-01
8.146694000000000158e-02
7.922956000000000443e-02
8.749975000000000114e-02
1.177278100000000022e-01
1.336970199999999998e-01
9.865358999999999934e-02
1.021784599999999987e-01
1.192364499999999938e-01
1.599134399999999900e-01
1.593740700000000066e-01
8.377830999999999473e-02
8.854333999999999816e-02
1.099252700000000055e-01
1.734521199999999874e-01
3.700002399999999803e-01
5.199347699999999906e-01
4.858703300000000169e-01
3.997467499999999840e-01
3.227534300000000078e-01
2.624516199999999966e-01
1.932797900000000069e-01
9.945054999999999867e-02
7.574825999999999782e-02
6.656436000000000297e-02
6.698405999999999805e-02
7.099492000000000302e-02
7.553796000000000121e-02
8.411190000000000333e-02
1.212864099999999973e-01
1.509598600000000013e-01
1.595309699999999942e-01
1.420688499999999965e-01
1.577056599999999975e-01
1.220279499999999961e-01
7.723333999999999755e-02
7.380301000000000222e-02
8.514465000000000228e-02
8.038492999999999333e-02
8.583825000000000482e-02
9.133563999999999572e-02
5.910693999999999670e-02
