5.595167000000000196e-02
7.221837000000000395e-02
6.551142999999999550e-02
7.338382000000000238e-02
8.425296999999999648e-02
8.837725999999999915e-02
7.401455999999999313e-02
6.876192999999999889e-02
7.243974999999999720e-02
6.885380000000000666e-02
8.573659999999999615e-02
9.669722000000000039e-02
1.156585700000000022e-01
1.206068599999999963e-01
9.057978999999999337e-02
9.826730999999999661e-02
9.947151999999999383e-02
7.877454999999999874e-02
8.236762000000000250e-02
9.916988999999999665e-02
6.642589999999999606e-02
7.590686000000000655e-02
1.045479700000000040e-01
1.023140899999999964e-01
1.243282099999999946e-01
1.261239500000000124e-01
1.198376800000000020e-01
1.469534500000000132e-01
1.424493199999999904e-01
1.784387199999999951e-01
1.311870800000000115e-01
7.402166999999999775e-02
9.397558000000000300e-02
1.193406500000000064e-01
1.307837500000000042e-01
1.713966299999999943e-01
1.977511600000000092e-01
1.838510299999999986e-01
2.318596099999999938e-01
2.593126900000000123e-01
2.855931199999999781e-01
2.039610000000000034e-01
1.206634800000000035e-01
1.752100600000000008e-01
3.085788500000000156e-01
5.413113800000000086e-01
6.635950200000000354e-01
6.834499200000000441e-01
7.069569799999999571e-01
5.967308900000000138e-01
5.847470799999999747e-01
5.349113899999999866e-01
4.026530400000000176e-01
2.727143200000000101e-01
1.218603199999999942e-01
9.446026000000000422e-02
8.281423999999999730e-02
9.123589000000000004e-02
1.086199399999999982e-01
1.078359299999999965e-01
1.440270399999999951e-01
1.462824000000000069e-01
1.563997599999999988e-01
6.715110999999999997e-02
