5.244249000000000133e-02
1.000840699999999972e-01
1.509297900000000081e-01
2.620298600000000033e-01
3.227178800000000125e-01
3.674217200000000072e-01
3.867292999999999981e-01
3.719465699999999764e-01
3.501369400000000076e-01
3.220947100000000063e-01
3.055538500000000157e-01
1.914489699999999961e-01
1.211960200000000015e-01
8.750626999999999711e-02
8.329353999999999925e-02
7.979284999999999850e-02
8.321418999999999344e-02
1.071498500000000048e-01
1.184340299999999957e-01
1.115389499999999978e-01
1.546449500000000032e-01
1.582177899999999970e-01
1.374197600000000019e-01
9.370030000000000026e-02
8.937618999999999425e-02
8.613477999999999413e-02
9.276605000000000267e-02
9.417507999999999435e-02
1.005127700000000013e-01
9.530953000000000341e-02
7.175027999999999961e-02
7.122251000000000276e-02
7.383185999999999916e-02
6.944184999999999941e-02
6.708846000000000254e-02
7.201852000000000253e-02
7.722904999999999354e-02
7.823990999999999585e-02
7.732020000000000559e-02
7.970936000000000687e-02
7.274313999999999780e-02
8.025960999999999512e-02
8.700517000000000667e-02
8.023871000000000475e-02
7.036499999999999699e-02
7.808400000000000063e-02
8.569984999999999409e-02
8.424793999999999339e-02
7.877649000000000457e-02
8.126247000000000331e-02
7.022238999999999565e-02
6.953545999999999339e-02
7.611953999999999942e-02
8.416110000000000257e-02
9.072927000000000075e-02
7.921865000000000157e-02
8.024430000000000451e-02
7.745298999999999934e-02
8.026726000000000694e-02
7.418076999999999310e-02
8.524687000000000237e-02
7.600186000000000441e-02
8.951072000000000195e-02
6.077576999999999979e-02
