5.640492999999999896e-02
8.329166000000000347e-02
6.976324999999999887e-02
7.066580999999999557e-02
7.730494999999999728e-02
7.813138999999999501e-02
8.703352999999999784e-02
8.008321999999999663e-02
7.354181999999999386e-02
6.995619000000000143e-02
8.179706000000000476e-02
7.429442999999999464e-02
7.627172000000000118e-02
9.109581999999999402e-02
8.369015999999999955e-02
7.568979000000000679e-02
7.905692000000000275e-02
1.115885999999999961e-01
9.626738999999999435e-02
8.895704000000000111e-02
8.218443000000000276e-02
7.113516000000000283e-02
7.714166999999999552e-02
8.978508999999999796e-02
9.532366999999999924e-02
1.029498900000000022e-01
9.516787000000000163e-02
1.303104499999999943e-01
1.283965300000000087e-01
1.305296999999999985e-01
1.184388299999999949e-01
8.468860999999999750e-02
9.043660000000000587e-02
1.165337699999999949e-01
1.628856399999999982e-01
2.742022299999999913e-01
3.506506699999999976e-01
3.856894399999999945e-01
3.714241999999999821e-01
2.573559000000000263e-01
1.731868199999999913e-01
1.180334100000000053e-01
8.799337999999999604e-02
8.229752999999999374e-02
7.564940000000000553e-02
7.958297999999999761e-02
8.949919000000000624e-02
9.875567999999999846e-02
9.986087999999999909e-02
1.441213000000000077e-01
1.675205100000000114e-01
1.681801699999999899e-01
1.189663200000000004e-01
1.110040800000000050e-01
8.926696000000000630e-02
9.825773000000000146e-02
9.429191000000000655e-02
1.082599199999999956e-01
7.946805999999999315e-02
8.079082999999999404e-02
8.799664999999999571e-02
9.160358000000000389e-02
1.094461699999999954e-01
5.877832999999999669e-02
