5.159960000000000241e-02
6.610080000000000122e-02
6.698427999999999327e-02
6.900261000000000589e-02
6.723904999999999466e-02
6.779052000000000688e-02
6.561593000000000286e-02
6.268614000000000130e-02
6.397062000000000581e-02
6.553124999999999922e-02
6.626376000000000488e-02
6.363272000000000372e-02
6.454434000000000560e-02
6.710811999999999333e-02
6.893364000000000436e-02
6.872736000000000123e-02
6.834492999999999818e-02
6.755468000000000584e-02
6.680616000000000332e-02
6.762295000000000111e-02
6.507873999999999604e-02
6.573263000000000023e-02
6.618625999999999676e-02
6.298639999999999795e-02
6.417129000000000583e-02
6.565216000000000107e-02
6.474673000000000234e-02
6.682108000000000492e-02
6.534234999999999349e-02
6.372519999999999574e-02
6.469416000000000055e-02
6.415105999999999586e-02
6.442870000000000541e-02
6.602950000000000486e-02
6.373405999999999516e-02
6.423436000000000423e-02
6.429590000000000305e-02
6.481177999999999939e-02
6.607291999999999332e-02
6.428815000000000224e-02
6.384517000000000664e-02
6.305861999999999579e-02
6.385715999999999615e-02
6.463947000000000442e-02
6.341322000000000625e-02
6.482912000000000396e-02
6.325997999999999344e-02
6.642433000000000365e-02
6.482925999999999966e-02
6.393155000000000365e-02
6.421464000000000338e-02
6.422434999999999949e-02
6.476864000000000232e-02
6.637239999999999807e-02
6.644318000000000446e-02
6.793499999999999539e-02
6.652631000000000516e-02
6.612233000000000693e-02
6.646836999999999884e-02
6.663436999999999832e-02
6.503067999999999349e-02
6.447807999999999318e-02
6.132590000000000263e-02
5.377918000000000281e-02
