5.386384999999999784e-02
7.080438999999999483e-02
7.029541999999999735e-02
7.405918999999999697e-02
7.346152999999999711e-02
7.047345000000000692e-02
6.776965000000000072e-02
7.224896999999999569e-02
7.904630999999999463e-02
9.601352000000000497e-02
1.046032999999999963e-01
1.121940599999999982e-01
1.207001000000000046e-01
1.155958799999999981e-01
9.879983000000000515e-02
9.629414000000000029e-02
9.154270999999999936e-02
7.796111999999999487e-02
7.608349999999999835e-02
6.461994000000000071e-02
6.672292999999999974e-02
6.975436000000000136e-02
7.371258999999999451e-02
7.368234999999999368e-02
7.875189000000000494e-02
8.833493000000000595e-02
8.373139000000000276e-02
8.474642000000000286e-02
7.398148999999999698e-02
6.646955000000000224e-02
7.090132000000000378e-02
6.942249000000000336e-02
7.207642999999999689e-02
8.306078000000000072e-02
7.319636999999999671e-02
8.148964999999999681e-02
7.473198000000000341e-02
6.945079999999999310e-02
6.961153999999999953e-02
6.997620999999999702e-02
6.766869000000000356e-02
6.983486999999999334e-02
6.689889000000000252e-02
6.714654999999999929e-02
6.873774000000000550e-02
7.077274999999999539e-02
7.610611999999999933e-02
8.304090999999999556e-02
7.932917999999999914e-02
7.123498000000000330e-02
6.898613000000000661e-02
7.149105999999999517e-02
7.632113000000000091e-02
8.539668999999999732e-02
8.187969999999999970e-02
7.478513999999999995e-02
7.246869999999999701e-02
6.729374000000000466e-02
7.292843000000000242e-02
7.813423999999999370e-02
9.095377000000000323e-02
8.644197000000000686e-02
8.211388000000000020e-02
6.009699000000000291e-02
