5.396672000000000274e-02
7.382405000000000217e-02
6.635555999999999399e-02
7.247296000000000293e-02
7.223293999999999548e-02
7.150449000000000388e-02
6.624447999999999448e-02
6.687261999999999373e-02
7.466928999999999927e-02
8.080871000000000581e-02
7.493194999999999717e-02
8.206536999999999860e-02
7.869980000000000031e-02
7.087081000000000630e-02
6.916184000000000220e-02
8.141716999999999704e-02
7.812792999999999821e-02
7.011351000000000389e-02
7.189729999999999732e-02
7.009469000000000116e-02
6.966521999999999992e-02
9.328859000000000457e-02
9.167976999999999377e-02
7.146085000000000631e-02
7.055350000000000510e-02
7.203745000000000287e-02
7.462001999999999524e-02
7.525718000000000685e-02
8.037273999999999807e-02
7.364315999999999918e-02
6.858248999999999596e-02
6.656452000000000202e-02
7.109044000000000474e-02
7.992820999999999954e-02
7.236061000000000576e-02
6.929512000000000171e-02
7.666259000000000268e-02
8.791606999999999894e-02
8.083814000000000277e-02
7.408238999999999796e-02
7.038547000000000553e-02
6.610705999999999527e-02
7.460653999999999897e-02
8.803184999999999483e-02
9.603425000000000156e-02
9.442778000000000282e-02
9.916695000000000371e-02
1.013881300000000069e-01
8.999337000000000308e-02
9.629368000000000649e-02
9.304149999999999920e-02
9.597371000000000374e-02
7.448667000000000482e-02
8.369669999999999888e-02
1.040631000000000056e-01
1.236332700000000034e-01
1.724106699999999881e-01
1.956057999999999963e-01
2.212490599999999974e-01
2.265752000000000044e-01
2.427593000000000112e-01
2.285735600000000090e-01
1.842415199999999920e-01
5.693879000000000301e-02
