5.688714999999999744e-02
8.534005000000000063e-02
8.067979999999999596e-02
1.092799599999999954e-01
1.282447100000000118e-01
9.964077000000000350e-02
1.001431700000000036e-01
8.219946000000000197e-02
7.912487999999999466e-02
7.187472000000000305e-02
7.259972000000000647e-02
6.960465000000000402e-02
8.055695999999999690e-02
9.356942999999999511e-02
1.102719900000000003e-01
1.337698499999999957e-01
1.249447800000000053e-01
1.388245700000000082e-01
1.199117499999999975e-01
1.101897599999999977e-01
9.622216999999999576e-02
9.202820000000000444e-02
1.403353499999999976e-01
1.838737900000000092e-01
2.309818700000000058e-01
3.324838299999999802e-01
3.470915900000000054e-01
2.869448399999999788e-01
2.338022299999999998e-01
1.825451600000000119e-01
9.997246999999999384e-02
7.893340000000000078e-02
7.252472999999999559e-02
7.522795000000000176e-02
8.072624999999999940e-02
9.931840000000000113e-02
1.034158300000000003e-01
1.370547099999999963e-01
1.573639699999999919e-01
1.117501000000000050e-01
1.001784700000000056e-01
7.774430999999999703e-02
7.275937000000000376e-02
7.892789999999999528e-02
8.170832999999999569e-02
8.336738999999999955e-02
7.473098000000000241e-02
8.552442000000000377e-02
7.518036999999999637e-02
7.477000000000000313e-02
7.280498999999999998e-02
7.200570000000000581e-02
6.728288999999999798e-02
6.960800999999999794e-02
8.690204999999999458e-02
8.033608999999999889e-02
7.286507999999999874e-02
6.931104000000000431e-02
7.316348999999999769e-02
6.808648000000000478e-02
7.463786999999999505e-02
7.483600999999999448e-02
9.108591000000000604e-02
5.709274000000000293e-02
