5.656495999999999746e-02
7.713488000000000289e-02
8.883768000000000220e-02
9.119773999999999936e-02
8.938400000000000512e-02
9.512632000000000032e-02
9.296559999999999546e-02
9.328227999999999520e-02
1.037599500000000036e-01
9.506483000000000294e-02
8.951921999999999657e-02
7.150900000000000312e-02
7.193513999999999464e-02
9.637316999999999412e-02
1.247754400000000014e-01
1.703909200000000013e-01
2.262517699999999909e-01
2.062546799999999958e-01
2.089107600000000009e-01
2.011408199999999979e-01
1.749411700000000069e-01
1.250991800000000043e-01
9.004520000000000579e-02
7.607911000000000534e-02
6.726954999999999740e-02
6.950114999999999765e-02
7.273609999999999798e-02
7.447918000000000593e-02
8.260789999999999800e-02
1.033108699999999991e-01
9.618039999999999923e-02
9.148104999999999432e-02
1.017842800000000048e-01
9.398409000000000624e-02
8.042899000000000576e-02
7.702079000000000564e-02
7.125715999999999994e-02
7.440613999999999562e-02
7.614592000000000582e-02
8.021485999999999894e-02
6.971057999999999422e-02
7.294151999999999580e-02
7.238121000000000138e-02
7.120192000000000188e-02
6.698017000000000554e-02
6.839684999999999515e-02
6.937512999999999319e-02
7.107697000000000320e-02
6.783306999999999531e-02
6.713971000000000522e-02
7.421787000000000523e-02
7.629737000000000324e-02
7.686695000000000333e-02
7.210711000000000204e-02
7.092418999999999807e-02
6.894514000000000198e-02
6.800377000000000505e-02
6.879744000000000137e-02
7.047786999999999802e-02
6.815926999999999403e-02
6.923513000000000583e-02
7.414407000000000636e-02
6.828973000000000682e-02
5.584399000000000307e-02
