7.118927999999999368e-02
9.902645999999999671e-02
7.904123999999999872e-02
6.929100000000000537e-02
7.082122999999999891e-02
7.068907000000000662e-02
7.091210000000000568e-02
7.210223999999999800e-02
8.033558999999999839e-02
7.369908999999999488e-02
6.982929000000000219e-02
6.791455000000000408e-02
8.681112000000000550e-02
1.047513300000000036e-01
9.214630999999999517e-02
7.112069000000000030e-02
6.741276000000000213e-02
6.687192000000000136e-02
8.037494000000000582e-02
8.598877000000000603e-02
6.616081000000000045e-02
7.385184000000000193e-02
7.130894999999999595e-02
8.461332000000000575e-02
9.941329999999999611e-02
8.692738999999999328e-02
7.251066999999999929e-02
9.118515000000000648e-02
9.877574999999999550e-02
1.273941399999999891e-01
1.051492200000000016e-01
7.947084000000000092e-02
8.157272999999999608e-02
7.333594999999999697e-02
9.823453000000000046e-02
1.287685500000000094e-01
1.264569899999999913e-01
9.705772000000000010e-02
1.125792300000000024e-01
1.652592400000000017e-01
2.088637799999999989e-01
1.935735500000000109e-01
1.148494199999999937e-01
9.674397999999999331e-02
1.065946700000000025e-01
1.702278999999999876e-01
3.597673800000000255e-01
4.185633699999999902e-01
4.959061399999999953e-01
4.771511900000000028e-01
5.075159099999999590e-01
4.572940500000000075e-01
3.596667100000000006e-01
3.135404900000000050e-01
1.805527399999999894e-01
1.000523499999999982e-01
7.547143000000000601e-02
7.302417999999999410e-02
8.218222000000000027e-02
1.053332800000000014e-01
1.193391399999999963e-01
1.084074700000000058e-01
1.236103100000000010e-01
6.352670000000000539e-02
