5.175690000000000152e-02
6.613146999999999776e-02
6.803388000000000491e-02
7.015084000000000597e-02
7.447362999999999900e-02
8.625077999999999911e-02
6.634587999999999597e-02
6.608970999999999596e-02
6.523059000000000496e-02
6.489354999999999429e-02
6.804395000000000582e-02
6.897525999999999657e-02
7.036243000000000358e-02
6.943557999999999675e-02
6.999276999999999582e-02
6.914716999999999392e-02
6.962234999999999951e-02
6.658635000000000248e-02
7.000019000000000380e-02
7.095830999999999666e-02
7.628546999999999412e-02
7.900619000000000391e-02
7.970889999999999920e-02
7.947472999999999344e-02
7.224690000000000278e-02
6.891374000000000111e-02
6.957753999999999328e-02
7.355551000000000450e-02
7.360663000000000622e-02
7.187137999999999860e-02
7.361457000000000417e-02
7.842768999999999435e-02
9.050769000000000175e-02
8.080117000000000549e-02
7.682980999999999838e-02
7.426069000000000420e-02
7.023917000000000355e-02
7.757659999999999556e-02
1.064314499999999969e-01
1.284303400000000039e-01
1.466729800000000083e-01
1.941624399999999917e-01
1.921760999999999886e-01
1.647277799999999903e-01
1.249704799999999949e-01
1.080652500000000016e-01
8.420168999999999571e-02
7.663710999999999440e-02
6.989644000000000412e-02
6.891619999999999691e-02
7.041527000000000203e-02
6.812870999999999511e-02
7.379736000000000629e-02
8.085298999999999958e-02
8.896049000000000317e-02
1.009325900000000026e-01
1.000528200000000006e-01
8.307124000000000452e-02
7.635400000000000520e-02
7.274595999999999840e-02
6.859295999999999449e-02
6.647011999999999365e-02
6.617501000000000633e-02
5.316620999999999847e-02
