5.052372000000000113e-02
4.546527599999999891e-01
4.053189799999999954e-01
3.658116200000000040e-01
2.747690700000000041e-01
2.390975200000000078e-01
1.859471799999999897e-01
1.359674499999999897e-01
7.144082000000000210e-02
8.507067999999999575e-02
9.954457999999999362e-02
9.556689999999999630e-02
1.100997699999999996e-01
1.818862300000000098e-01
2.431271700000000036e-01
2.251866499999999882e-01
1.794694500000000026e-01
1.899342499999999989e-01
1.497720899999999966e-01
1.075371700000000014e-01
9.783898000000000594e-02
9.024258999999999753e-02
7.975836999999999510e-02
7.032275000000000331e-02
7.287272000000000194e-02
8.924047999999999703e-02
8.471842999999999735e-02
7.943730000000000235e-02
7.772094000000000225e-02
7.071202000000000043e-02
7.822848000000000301e-02
8.423129000000000033e-02
7.588014999999999344e-02
6.970998000000000472e-02
7.123268000000000655e-02
7.761186999999999947e-02
7.670137999999999956e-02
8.220750999999999753e-02
7.494325000000000292e-02
7.276311000000000584e-02
7.624148999999999510e-02
6.665382000000000251e-02
9.310171999999999892e-02
7.843471999999999944e-02
8.209502999999999939e-02
7.415257999999999572e-02
8.021356000000000319e-02
9.430529999999999469e-02
8.093066999999999622e-02
7.404183000000000292e-02
6.760035999999999823e-02
6.826048999999999312e-02
7.946701000000000459e-02
8.235554000000000485e-02
7.960604000000000291e-02
7.262788000000000577e-02
7.307900000000000507e-02
7.874738000000000571e-02
7.977389999999999481e-02
7.244317999999999591e-02
8.119972999999999774e-02
7.501573999999999742e-02
6.519017000000000561e-02
5.825700999999999796e-02
