7.059894999999999365e-02
1.159065999999999985e-01
1.350536499999999973e-01
1.192360100000000034e-01
8.869541999999999704e-02
7.853926999999999436e-02
6.769577999999999707e-02
7.478938000000000252e-02
8.341785999999999646e-02
1.049565499999999957e-01
9.091567999999999872e-02
9.019571999999999312e-02
1.220982000000000040e-01
1.328009099999999942e-01
1.524330100000000077e-01
1.235892900000000044e-01
1.097943100000000061e-01
9.456763999999999448e-02
6.951437000000000588e-02
1.127634799999999993e-01
1.796623300000000090e-01
3.063329499999999928e-01
3.358565299999999865e-01
3.201847099999999835e-01
2.973484399999999916e-01
2.708419899999999769e-01
2.151100900000000038e-01
1.301006100000000054e-01
9.702964999999999507e-02
7.159290000000000098e-02
7.621635000000000215e-02
7.956207999999999336e-02
7.980508999999999520e-02
9.941021999999999359e-02
1.289358999999999922e-01
1.304682199999999959e-01
1.352161299999999899e-01
1.428626899999999866e-01
1.251787799999999895e-01
8.720337000000000227e-02
8.128908999999999441e-02
8.697464000000000584e-02
8.013699000000000516e-02
7.455338999999999716e-02
8.700217000000000367e-02
8.631871000000000682e-02
7.685185999999999407e-02
7.286613000000000118e-02
7.221644000000000674e-02
7.195680999999999605e-02
8.061039000000000398e-02
9.036932999999999772e-02
7.238144999999999996e-02
7.548346000000000222e-02
7.709710999999999648e-02
7.379152999999999407e-02
7.457332999999999323e-02
7.893271000000000315e-02
1.112617000000000050e-01
1.042165800000000031e-01
8.616567999999999450e-02
7.318512000000000628e-02
6.707886999999999877e-02
5.822360000000000035e-02
