5.422010000000000024e-02
6.670587999999999518e-02
6.842856999999999412e-02
7.197109000000000145e-02
9.231309999999999516e-02
9.357443999999999484e-02
8.838350000000000373e-02
6.998131000000000490e-02
6.484586999999999990e-02
7.584689999999999488e-02
9.570183000000000162e-02
7.637576999999999561e-02
7.842704000000000342e-02
8.260315999999999492e-02
8.255323000000000522e-02
8.824387000000000203e-02
8.978648999999999658e-02
1.104928099999999969e-01
9.244884999999999908e-02
7.566124999999999934e-02
7.033190000000000275e-02
7.154631999999999659e-02
1.027841899999999975e-01
1.201388699999999948e-01
9.404213999999999629e-02
9.589921999999999336e-02
1.129015500000000033e-01
1.730733399999999922e-01
1.607051300000000016e-01
1.286625600000000091e-01
8.839735999999999427e-02
7.463654000000000122e-02
1.547751900000000069e-01
2.491745200000000104e-01
2.808447199999999921e-01
3.752145199999999958e-01
4.262892600000000032e-01
4.341845500000000024e-01
3.864826900000000176e-01
2.503406400000000032e-01
1.286386499999999933e-01
8.653019000000000682e-02
7.292516999999999749e-02
7.807157000000000679e-02
7.474778999999999451e-02
8.165432000000000246e-02
9.610628999999999700e-02
1.196917700000000029e-01
1.075848100000000029e-01
1.601153200000000054e-01
1.572311100000000073e-01
1.540498399999999934e-01
9.390400000000000136e-02
8.876794999999999825e-02
8.983829000000000120e-02
1.095166199999999951e-01
1.062087599999999993e-01
1.107231600000000010e-01
8.839893999999999530e-02
7.623148000000000424e-02
9.826440000000000174e-02
1.082364499999999979e-01
1.237674500000000011e-01
6.094262999999999764e-02
