1.231357599999999969e-01
2.656339699999999970e-01
2.559454400000000240e-01
2.341761599999999943e-01
1.969055100000000058e-01
1.874983899999999870e-01
1.636915100000000123e-01
1.108488499999999988e-01
8.845975000000000366e-02
8.649105999999999461e-02
8.461778000000000355e-02
7.847302000000000444e-02
8.270368999999999637e-02
9.140052999999999372e-02
9.396822999999999981e-02
1.173583500000000002e-01
1.226020500000000041e-01
1.499516999999999933e-01
1.213068100000000010e-01
9.384583999999999981e-02
8.258553000000000421e-02
6.991801000000000266e-02
6.790881000000000001e-02
6.982420000000000293e-02
7.468038999999999927e-02
8.312295999999999574e-02
6.777561000000000002e-02
6.906666999999999668e-02
7.117023000000000099e-02
7.342329999999999690e-02
7.042312000000000571e-02
6.999585999999999308e-02
7.074787000000000436e-02
6.703502999999999545e-02
6.729172999999999405e-02
6.632295000000000551e-02
6.538563999999999488e-02
7.032937000000000216e-02
7.685268000000000654e-02
7.117292999999999537e-02
6.528005000000000613e-02
6.859440999999999455e-02
7.463857999999999604e-02
7.759364000000000539e-02
8.003778000000000281e-02
7.039320999999999773e-02
6.538109000000000282e-02
6.993945999999999497e-02
7.083464000000000427e-02
7.027416999999999692e-02
7.235961999999999950e-02
7.095548000000000133e-02
6.557833000000000412e-02
6.726326000000000527e-02
6.886651000000000578e-02
7.356443999999999483e-02
7.315939999999999943e-02
7.263485999999999554e-02
7.046127000000000640e-02
6.842805999999999889e-02
6.789649999999999852e-02
7.402549999999999408e-02
6.995348999999999318e-02
5.701537999999999745e-02
