6.039101000000000191e-02
8.646020000000000094e-02
7.604911000000000310e-02
7.013516999999999668e-02
7.868366999999999722e-02
9.333835999999999522e-02
7.927779999999999549e-02
7.333130000000000204e-02
6.665823999999999361e-02
6.535721999999999365e-02
6.692826999999999804e-02
7.548681000000000141e-02
7.603717999999999588e-02
8.294601000000000057e-02
7.888802999999999788e-02
6.586994999999999656e-02
6.857866999999999436e-02
7.072179000000000659e-02
7.833946999999999439e-02
7.729764000000000079e-02
9.036826000000000580e-02
8.348933999999999522e-02
8.671251000000000653e-02
1.104673800000000039e-01
9.421008999999999634e-02
8.692186999999999830e-02
7.553281000000000578e-02
7.544277000000000621e-02
8.194186999999999999e-02
1.009822999999999971e-01
1.056206299999999931e-01
1.178728799999999993e-01
1.502200800000000058e-01
1.313499999999999945e-01
1.367773100000000130e-01
1.400702100000000005e-01
1.008379300000000062e-01
8.288924999999999765e-02
1.235529400000000000e-01
1.712079499999999976e-01
2.252601700000000096e-01
3.036020099999999777e-01
3.455525899999999928e-01
3.320675499999999891e-01
3.071562099999999851e-01
2.346799699999999878e-01
1.693127000000000104e-01
1.393492400000000131e-01
9.375472999999999446e-02
7.618727999999999612e-02
7.470118000000000591e-02
7.260071999999999359e-02
9.182658999999999960e-02
1.070660999999999974e-01
1.332966700000000060e-01
1.893651299999999926e-01
1.818529399999999907e-01
1.393940599999999863e-01
1.419586800000000038e-01
1.400389499999999954e-01
1.130853099999999944e-01
9.143381999999999898e-02
7.347500999999999338e-02
5.758734000000000075e-02
