5.692044000000000270e-02
9.789446999999999732e-02
1.057334199999999946e-01
1.111469000000000068e-01
1.457537600000000100e-01
1.020325799999999977e-01
1.015763799999999939e-01
7.934984999999999955e-02
8.031127999999999878e-02
7.909837000000000118e-02
7.554790000000000116e-02
9.045417999999999514e-02
1.005270000000000052e-01
1.013209699999999963e-01
1.334765400000000046e-01
1.350684000000000051e-01
1.398316599999999965e-01
1.438750299999999871e-01
1.182570399999999938e-01
9.813104999999999745e-02
8.784145000000000147e-02
1.053110500000000033e-01
1.768440799999999868e-01
2.312266799999999900e-01
3.181869999999999976e-01
3.729675100000000021e-01
3.613688899999999982e-01
3.059178300000000017e-01
2.771904199999999929e-01
1.541955799999999988e-01
1.082201299999999977e-01
7.497689000000000437e-02
7.688193000000000110e-02
7.633737000000000161e-02
7.492285999999999391e-02
9.473455999999999544e-02
8.756034000000000039e-02
1.498742999999999881e-01
1.772161700000000062e-01
1.206692500000000057e-01
1.105901700000000015e-01
9.753291999999999518e-02
7.459818999999999478e-02
7.701858999999999789e-02
8.739036000000000026e-02
8.910999000000000003e-02
7.531129999999999769e-02
8.844504999999999728e-02
8.340363000000000637e-02
8.312891000000000030e-02
7.449891000000000152e-02
6.929654000000000369e-02
6.899753000000000136e-02
7.676885999999999433e-02
8.614320000000000310e-02
8.303082000000000518e-02
7.362623000000000084e-02
7.132025999999999644e-02
6.874405000000000099e-02
7.330480999999999803e-02
7.708447000000000215e-02
8.632494999999999752e-02
1.012222799999999978e-01
5.710935999999999790e-02
