6.055287000000000169e-02
7.659399999999999542e-02
7.974681000000000131e-02
7.954994999999999428e-02
7.340842000000000200e-02
7.515621000000000107e-02
6.971761999999999404e-02
7.600128999999999913e-02
7.348224000000000422e-02
8.465651999999999899e-02
8.639017000000000224e-02
8.255075000000000607e-02
7.095524000000000275e-02
7.546450999999999854e-02
8.045955999999999941e-02
8.891237000000000446e-02
8.535581000000000418e-02
6.949387999999999399e-02
6.665622000000000213e-02
7.002659999999999441e-02
7.615665000000000628e-02
7.022220999999999325e-02
7.264537999999999551e-02
6.955221000000000320e-02
8.633994000000000391e-02
1.263462499999999933e-01
1.416221099999999955e-01
1.235874899999999943e-01
9.231187000000000420e-02
8.559659000000000018e-02
8.004459999999999353e-02
1.213043500000000052e-01
1.450063299999999888e-01
1.316224799999999862e-01
1.312700199999999873e-01
1.535846299999999998e-01
1.787092100000000072e-01
2.278816999999999926e-01
1.731081600000000109e-01
9.449588999999999905e-02
1.178333800000000015e-01
2.010028100000000040e-01
3.615552200000000105e-01
4.848801500000000098e-01
5.210625500000000132e-01
5.209005500000000177e-01
4.806604700000000063e-01
4.657797200000000082e-01
3.903443200000000224e-01
2.341808499999999960e-01
1.804522299999999913e-01
1.781464500000000117e-01
1.082380299999999990e-01
8.543174000000000601e-02
1.072956600000000010e-01
8.202969999999999706e-02
8.352824999999999833e-02
1.139046900000000029e-01
1.122305599999999931e-01
1.487366699999999875e-01
1.408137499999999875e-01
1.152529300000000034e-01
1.064714600000000039e-01
6.020832000000000267e-02
