5.160875000000000185e-02
6.484497000000000178e-02
6.507541000000000020e-02
6.614523999999999404e-02
6.524871999999999617e-02
7.167645000000000266e-02
7.269075999999999316e-02
6.980042000000000191e-02
7.290104000000000029e-02
6.700356000000000367e-02
6.785879000000000216e-02
6.580184000000000033e-02
6.716494000000000630e-02
7.285384999999999778e-02
6.929786000000000279e-02
6.921196000000000292e-02
6.748759999999999482e-02
6.654158000000000295e-02
7.237164999999999571e-02
7.407246000000000663e-02
7.149318999999999813e-02
6.995919000000000443e-02
6.874075000000000324e-02
6.894740000000000590e-02
7.167152000000000245e-02
7.789409999999999390e-02
7.003022999999999887e-02
6.762453000000000214e-02
6.855368000000000572e-02
6.613539999999999697e-02
6.593852999999999520e-02
6.657000000000000417e-02
6.782686000000000270e-02
6.868084000000000688e-02
7.355960000000000276e-02
7.552403000000000588e-02
6.830867000000000189e-02
6.884094999999999798e-02
7.039351000000000635e-02
7.175305999999999351e-02
7.055976999999999388e-02
6.911715000000000220e-02
7.340067000000000119e-02
8.035067999999999377e-02
8.447813999999999324e-02
8.254612000000000060e-02
8.603893999999999431e-02
9.274113999999999969e-02
7.889319000000000193e-02
7.552937999999999319e-02
8.173453999999999442e-02
8.515780000000000571e-02
9.987403999999999726e-02
1.260770999999999975e-01
1.608152700000000102e-01
1.559449300000000094e-01
1.805847600000000108e-01
1.832890199999999969e-01
1.660522399999999899e-01
1.435192499999999871e-01
1.025215500000000030e-01
8.340601999999999738e-02
7.498254000000000030e-02
5.590666999999999859e-02
