1.237299399999999966e-01
3.076886799999999922e-01
3.316756200000000043e-01
3.255087099999999789e-01
2.644665800000000067e-01
2.449828400000000073e-01
1.877502699999999969e-01
1.401546899999999984e-01
8.642001000000000543e-02
8.719741999999999771e-02
9.176065999999999390e-02
8.741751000000000382e-02
9.888168999999999431e-02
1.218837400000000043e-01
1.437035399999999907e-01
1.634626799999999991e-01
1.482771300000000070e-01
1.674299099999999874e-01
1.308559599999999934e-01
9.773576999999999959e-02
8.002560000000000229e-02
7.434654999999999736e-02
7.344646999999999981e-02
7.338709000000000204e-02
7.936754999999999505e-02
8.852530999999999595e-02
6.997791999999999901e-02
7.083499999999999519e-02
7.562330999999999914e-02
7.232607000000000619e-02
7.341627000000000569e-02
7.965643999999999503e-02
8.090369000000000033e-02
6.945421999999999707e-02
7.087267999999999346e-02
7.152646999999999478e-02
7.250839000000000589e-02
8.032446000000000030e-02
7.921377000000000279e-02
7.320216000000000223e-02
6.776007000000000557e-02
7.664189999999999892e-02
8.783510999999999402e-02
9.198153000000000579e-02
9.855561999999999656e-02
7.100650999999999491e-02
7.080456999999999723e-02
8.146871999999999447e-02
8.719088999999999312e-02
8.139813999999999383e-02
7.469839999999999813e-02
7.405101999999999518e-02
6.814678999999999875e-02
6.966778999999999333e-02
7.355293999999999721e-02
8.016571999999999587e-02
8.320975999999999373e-02
7.629389000000000309e-02
7.319304000000000088e-02
7.484978000000000464e-02
7.703255000000000519e-02
8.135380000000000389e-02
7.279555999999999527e-02
5.900516000000000094e-02
