6.422862000000000016e-02
8.702276000000000455e-02
8.352197000000000093e-02
9.914836000000000482e-02
1.056183599999999945e-01
1.033007400000000020e-01
9.313684999999999325e-02
7.389639000000000624e-02
7.148757999999999502e-02
8.574146000000000545e-02
1.074837399999999943e-01
1.067522300000000035e-01
8.032298999999999689e-02
7.306052000000000379e-02
7.845274000000000691e-02
7.106204000000000687e-02
1.245565000000000005e-01
1.184306400000000037e-01
9.807963999999999571e-02
7.714701999999999671e-02
7.723072000000000270e-02
9.891932000000000502e-02
1.215424999999999978e-01
1.164040900000000017e-01
8.162054000000000531e-02
9.138815000000000133e-02
9.469431000000000376e-02
1.477894200000000047e-01
1.507235000000000102e-01
9.687571000000000376e-02
1.017117000000000021e-01
1.025838899999999970e-01
1.389120500000000091e-01
1.618269800000000092e-01
1.569081700000000135e-01
1.135788699999999984e-01
8.105268000000000195e-02
9.816347999999999741e-02
1.443332300000000068e-01
1.297420999999999991e-01
1.055283000000000054e-01
1.226332799999999973e-01
2.146730299999999869e-01
2.814422200000000207e-01
2.523931300000000211e-01
1.566298899999999938e-01
1.207855099999999987e-01
1.311501099999999864e-01
1.715321399999999996e-01
2.835806300000000002e-01
4.775514000000000148e-01
4.887396099999999910e-01
5.268436699999999862e-01
5.640842900000000437e-01
5.721808699999999526e-01
4.780953800000000142e-01
3.997030899999999831e-01
3.336193000000000075e-01
2.660739400000000088e-01
1.736003200000000024e-01
1.215483499999999994e-01
1.041879299999999980e-01
7.830302000000000096e-02
6.756312000000000428e-02
