5.053414999999999990e-02
6.742235000000000589e-02
6.745690999999999493e-02
6.661736999999999520e-02
6.601163999999999643e-02
6.758630000000000193e-02
6.715836000000000028e-02
7.011515999999999582e-02
7.064412999999999943e-02
7.386236999999999664e-02
6.995173999999999837e-02
6.649146999999999696e-02
6.509370000000000434e-02
6.732414999999999927e-02
7.046001999999999821e-02
7.650260000000000393e-02
7.306727999999999834e-02
6.711860999999999522e-02
6.354703000000000435e-02
6.714201000000000197e-02
6.714937999999999463e-02
7.594626000000000154e-02
7.654539999999999955e-02
6.835476000000000052e-02
6.616213999999999429e-02
6.789111000000000451e-02
7.238050999999999513e-02
7.326217999999999619e-02
7.144884999999999431e-02
6.566234999999999433e-02
6.497677999999999787e-02
6.695623000000000546e-02
6.816661000000000248e-02
6.933343000000000145e-02
6.644162000000000678e-02
6.963487999999999623e-02
7.181898999999999922e-02
7.954416000000000264e-02
7.293463999999999503e-02
6.656127000000000571e-02
6.344845000000000346e-02
6.721045999999999965e-02
7.105103999999999587e-02
7.357192999999999372e-02
7.709475000000000355e-02
7.920478000000000240e-02
8.110559999999999992e-02
8.970675999999999650e-02
7.983292000000000166e-02
7.323754000000000375e-02
6.944635999999999865e-02
7.202290999999999555e-02
6.872693000000000552e-02
7.826044999999999530e-02
9.881890000000000118e-02
1.039953500000000003e-01
1.298141499999999893e-01
1.295384800000000114e-01
1.328187100000000065e-01
1.387302599999999941e-01
1.226451300000000050e-01
1.279338600000000103e-01
9.013743999999999923e-02
5.489116000000000134e-02
