5.828533000000000325e-02
1.170529899999999957e-01
1.205598499999999962e-01
1.539159400000000011e-01
1.452883199999999986e-01
1.003747100000000059e-01
7.707039999999999724e-02
6.449710000000000165e-02
8.027460000000000151e-02
1.149800299999999970e-01
8.100822000000000578e-02
8.453926000000000496e-02
9.681212999999999624e-02
1.296568700000000074e-01
1.582167299999999999e-01
1.422392899999999905e-01
1.507209999999999939e-01
1.383046400000000065e-01
8.187584000000000528e-02
6.767022000000000315e-02
9.704767999999999728e-02
1.928251699999999902e-01
2.885178899999999991e-01
3.198647199999999913e-01
3.491577499999999890e-01
3.668403299999999922e-01
3.462365000000000026e-01
2.354301199999999927e-01
1.985381400000000018e-01
1.064484500000000000e-01
8.104285999999999435e-02
7.269090000000000273e-02
7.562201999999999813e-02
8.715362000000000109e-02
1.016611399999999971e-01
1.226193000000000005e-01
1.380460699999999929e-01
1.773713500000000109e-01
1.604682799999999909e-01
1.228761599999999982e-01
8.747678999999999871e-02
7.815982999999999958e-02
7.268674999999999442e-02
8.763845000000000662e-02
9.743538999999999672e-02
9.296532000000000406e-02
7.463989999999999514e-02
8.462878000000000067e-02
8.234953999999999885e-02
7.354504000000000596e-02
7.232001000000000401e-02
7.580098000000000391e-02
7.287319000000000435e-02
7.711262000000000671e-02
8.955172000000000132e-02
8.008611999999999675e-02
7.048606000000000316e-02
7.021157000000000092e-02
9.097320999999999880e-02
9.069046000000000052e-02
8.913182000000000049e-02
8.480442000000000535e-02
8.485362999999999933e-02
5.728959000000000135e-02
