6.281006000000000089e-02
8.354617999999999767e-02
6.846338999999999897e-02
7.112454999999999472e-02
6.784489000000000491e-02
7.056202999999999781e-02
7.230182999999999749e-02
7.181532999999999667e-02
7.016247000000000456e-02
6.681745999999999519e-02
6.984521000000000479e-02
7.608805000000000429e-02
7.852056999999999787e-02
9.205583000000000515e-02
8.876805999999999586e-02
8.168691999999999620e-02
6.586786000000000030e-02
6.848226000000000313e-02
7.502801000000000609e-02
8.047021999999999509e-02
8.666110999999999953e-02
7.939604999999999579e-02
8.540720999999999730e-02
9.115628000000000619e-02
9.438697999999999533e-02
1.003086599999999939e-01
9.296474000000000404e-02
8.031104000000000021e-02
7.389065999999999690e-02
9.229299000000000530e-02
1.526817199999999930e-01
2.046323899999999973e-01
2.121656100000000045e-01
2.864253500000000230e-01
2.562084800000000162e-01
2.706898500000000096e-01
2.503123300000000273e-01
1.587150800000000084e-01
8.774145999999999335e-02
7.742899999999999783e-02
6.806626999999999816e-02
7.471479000000000315e-02
7.456182999999999561e-02
8.595118000000000202e-02
8.357059000000000015e-02
9.180958999999999648e-02
9.780344000000000537e-02
1.024296100000000043e-01
7.039945999999999704e-02
6.893617000000000494e-02
6.909540999999999600e-02
6.742937999999999710e-02
7.997651000000000066e-02
7.529782999999999615e-02
7.988599000000000394e-02
7.477804000000000395e-02
7.469939000000000440e-02
8.583277999999999741e-02
8.461696999999999969e-02
7.242402000000000561e-02
6.909221999999999586e-02
6.976907999999999721e-02
6.199662000000000228e-02
5.607639999999999847e-02
