7.060919000000000223e-02
1.084765800000000030e-01
1.428154600000000052e-01
1.241857100000000047e-01
1.519035400000000036e-01
1.783692699999999964e-01
1.282425700000000002e-01
7.362179000000000639e-02
8.855844999999999689e-02
1.241594399999999959e-01
1.255504299999999906e-01
2.219321400000000000e-01
3.764133499999999799e-01
4.407717299999999727e-01
4.336523400000000250e-01
4.190081399999999734e-01
4.217816600000000027e-01
3.215256899999999751e-01
1.848725800000000086e-01
1.085713799999999951e-01
8.658361000000000529e-02
8.158298999999999412e-02
7.996506000000000447e-02
8.675797999999999843e-02
1.125995399999999980e-01
1.238995199999999991e-01
1.461490400000000078e-01
1.702856000000000092e-01
1.567581399999999903e-01
1.267614499999999977e-01
1.178183399999999936e-01
9.138156000000000057e-02
9.970418000000000336e-02
1.236815299999999979e-01
9.925583999999999796e-02
1.080606399999999995e-01
9.249267999999999379e-02
7.118452999999999586e-02
7.900991999999999738e-02
7.809241999999999573e-02
8.320974000000000426e-02
6.775570999999999677e-02
7.179314000000000529e-02
7.688235000000000208e-02
7.238152999999999948e-02
6.967186000000000212e-02
7.285645999999999789e-02
9.519521999999999706e-02
9.853502000000000094e-02
9.826216000000000117e-02
9.107801999999999565e-02
7.052460000000000673e-02
7.026522999999999797e-02
7.960788000000000586e-02
8.842152999999999818e-02
8.451471000000000677e-02
8.722493000000000607e-02
7.429215000000000124e-02
6.660141999999999451e-02
7.046164000000000593e-02
8.425858999999999432e-02
7.813913999999999582e-02
8.006865999999999983e-02
5.984513000000000332e-02
