5.640528999999999682e-02
7.964501000000000219e-02
7.082172999999999941e-02
7.750321000000000293e-02
8.586417000000000355e-02
1.062887799999999994e-01
8.345252999999999699e-02
7.096373999999999738e-02
6.815398999999999763e-02
6.658052999999999888e-02
7.046582999999999319e-02
7.506633999999999529e-02
7.669315999999999633e-02
7.951088000000000600e-02
7.624973999999999641e-02
7.060900000000000509e-02
7.133229000000000652e-02
7.062751999999999919e-02
7.638757000000000186e-02
7.297296000000000338e-02
8.396001000000000158e-02
8.904496000000000633e-02
1.033538999999999985e-01
1.192649699999999979e-01
9.417404000000000053e-02
8.520363000000000242e-02
7.743118999999999696e-02
8.091892000000000529e-02
8.378802000000000472e-02
9.668074999999999586e-02
1.006531999999999982e-01
1.036247599999999963e-01
1.354954200000000053e-01
1.193584899999999976e-01
1.077664299999999964e-01
9.131654000000000160e-02
7.858329999999999482e-02
9.592354999999999632e-02
1.889744999999999897e-01
2.701860700000000004e-01
3.185980900000000005e-01
4.412871300000000274e-01
4.658726499999999993e-01
4.440056700000000189e-01
3.750049500000000036e-01
3.007948100000000236e-01
1.691992900000000022e-01
1.244149300000000069e-01
9.236651999999999363e-02
8.735558999999999685e-02
8.838558000000000525e-02
8.868465999999999849e-02
1.077436100000000035e-01
1.462964999999999960e-01
2.031779599999999908e-01
2.349973599999999885e-01
2.080375399999999930e-01
1.287900499999999893e-01
1.034902399999999972e-01
1.013090799999999958e-01
8.809206999999999455e-02
7.919713000000000447e-02
7.609684999999999366e-02
5.609705999999999720e-02
