5.698219000000000201e-02
8.143332999999999822e-02
9.702557000000000542e-02
8.708530000000000437e-02
1.225085600000000025e-01
1.091436400000000001e-01
1.152635399999999977e-01
1.457069400000000070e-01
1.235747900000000038e-01
1.431800900000000099e-01
1.520907900000000035e-01
7.941494000000000331e-02
8.742650000000000421e-02
9.024353000000000236e-02
1.775885399999999892e-01
2.784495900000000246e-01
3.144727299999999781e-01
2.932625700000000002e-01
3.083216500000000027e-01
2.893717299999999937e-01
2.185111799999999993e-01
1.610871000000000108e-01
1.072115200000000046e-01
8.570381000000000526e-02
6.884300000000000141e-02
7.649066999999999672e-02
8.007103000000000137e-02
8.129092999999999736e-02
8.646236999999999673e-02
1.289230100000000045e-01
1.359724800000000067e-01
1.052191900000000041e-01
1.176270499999999969e-01
9.759998000000000284e-02
8.845356000000000052e-02
8.493383000000000183e-02
7.878543000000000351e-02
7.522383000000000541e-02
7.867222000000000104e-02
7.939535000000000342e-02
7.693669999999999676e-02
7.702981999999999885e-02
7.147644999999999693e-02
6.792889000000000566e-02
6.799734999999999807e-02
7.237535999999999969e-02
7.365721999999999547e-02
7.251071000000000599e-02
7.125149999999999539e-02
7.557821000000000677e-02
8.443251000000000228e-02
8.686244999999999383e-02
8.650874000000000064e-02
7.788667000000000507e-02
7.192456999999999323e-02
6.977461999999999553e-02
6.720065000000000066e-02
7.323907000000000334e-02
8.407158000000000686e-02
7.612032999999999994e-02
7.091935000000000600e-02
7.802691000000000487e-02
7.123414999999999608e-02
5.790544999999999720e-02
