5.723021999999999831e-02
7.816354000000000357e-02
9.629548999999999748e-02
1.410514099999999882e-01
2.014419400000000138e-01
2.513342199999999971e-01
3.196378599999999959e-01
3.376693399999999845e-01
3.201213500000000267e-01
3.160927900000000124e-01
2.863087100000000218e-01
1.762745199999999901e-01
1.355101499999999959e-01
1.144821300000000014e-01
8.472876000000000019e-02
7.458320000000000227e-02
7.172708999999999335e-02
6.800610999999999462e-02
6.770932999999999813e-02
7.584032000000000273e-02
8.940133000000000107e-02
9.202883000000000591e-02
9.241383000000000236e-02
7.981915000000000537e-02
8.195209999999999995e-02
7.682323000000000623e-02
7.337612999999999774e-02
6.918422999999999934e-02
6.743704000000000365e-02
6.885731999999999964e-02
6.588267999999999902e-02
6.766648000000000107e-02
6.534052999999999389e-02
6.777210999999999652e-02
6.473982000000000347e-02
6.650121999999999978e-02
6.699156000000000555e-02
7.045706000000000191e-02
6.994377999999999707e-02
6.254677999999999627e-02
6.450392000000000625e-02
6.680832000000000437e-02
7.391610999999999321e-02
7.289959999999999496e-02
6.978681999999999941e-02
6.469363999999999670e-02
6.684706999999999455e-02
7.006303999999999310e-02
7.235492999999999786e-02
9.007307999999999981e-02
8.603600000000000136e-02
8.418011000000000243e-02
6.645001000000000380e-02
7.391042999999999918e-02
8.531555999999999862e-02
9.474396000000000206e-02
8.929761999999999422e-02
6.872272000000000103e-02
7.018161000000000538e-02
6.986164000000000263e-02
7.189222000000000667e-02
8.349876999999999994e-02
1.092501899999999970e-01
6.306320999999999455e-02
