5.193575999999999748e-02
7.045113000000000070e-02
8.041531999999999847e-02
7.688907999999999854e-02
8.684498000000000217e-02
8.662267999999999357e-02
7.341272000000000075e-02
6.646469000000000682e-02
6.856677999999999384e-02
6.993977999999999307e-02
8.239928000000000530e-02
7.530689999999999606e-02
7.512464000000000641e-02
7.939343999999999568e-02
7.256453000000000209e-02
8.387862000000000096e-02
7.841671000000000058e-02
6.679016999999999593e-02
6.687964000000000409e-02
6.849317000000000599e-02
7.627240000000000408e-02
7.211528000000000382e-02
8.670168999999999793e-02
8.920514999999999695e-02
7.135408000000000028e-02
9.418885000000000451e-02
1.011275600000000052e-01
9.088002000000000580e-02
1.216103999999999935e-01
1.190841599999999945e-01
8.959445000000000603e-02
8.631552000000000668e-02
9.441618000000000233e-02
1.556747699999999901e-01
1.437335600000000102e-01
1.105200999999999961e-01
9.688204000000000260e-02
1.230589799999999984e-01
1.386636599999999941e-01
1.327243100000000120e-01
1.113914500000000030e-01
9.530537000000000036e-02
1.263550999999999980e-01
1.519431599999999938e-01
2.134923900000000041e-01
3.019037800000000105e-01
2.603922799999999760e-01
2.731302700000000083e-01
2.984383099999999844e-01
2.053899499999999878e-01
1.915462300000000118e-01
1.679804900000000101e-01
1.019970600000000005e-01
8.111097999999999919e-02
8.820226999999999928e-02
7.959294999999999565e-02
7.491386999999999352e-02
9.424697999999999409e-02
1.171085500000000057e-01
1.564964399999999867e-01
1.655659200000000053e-01
1.582162799999999869e-01
1.092911399999999950e-01
6.920271999999999535e-02
