5.822365000000000179e-02
7.927826999999999791e-02
7.788573000000000024e-02
7.519892999999999716e-02
1.014032899999999932e-01
1.137845100000000054e-01
8.394973000000000019e-02
7.334408000000000594e-02
7.037293999999999494e-02
6.639227999999999796e-02
7.289099999999999746e-02
7.884584000000000037e-02
7.588116999999999779e-02
7.543360000000000343e-02
8.480398000000000103e-02
7.027962000000000098e-02
7.119986000000000370e-02
6.976627000000000522e-02
7.730742000000000169e-02
7.227620999999999352e-02
8.931215000000000681e-02
1.033803400000000011e-01
9.423368000000000022e-02
1.343880299999999917e-01
1.017688399999999993e-01
8.173057999999999712e-02
7.778862999999999750e-02
8.311258000000000534e-02
8.260246000000000255e-02
8.670429000000000330e-02
8.907893000000000061e-02
1.055459799999999976e-01
1.407493900000000020e-01
8.336378999999999317e-02
8.673319999999999641e-02
1.313684300000000083e-01
1.036275799999999969e-01
8.370466999999999491e-02
1.086038399999999932e-01
1.743555499999999980e-01
2.113440799999999897e-01
3.004062200000000016e-01
3.035590400000000022e-01
3.315685400000000227e-01
3.561529800000000079e-01
2.697781599999999891e-01
1.770227000000000050e-01
1.283350400000000113e-01
7.965912999999999466e-02
7.514867000000000075e-02
8.458206999999999531e-02
8.650813000000000252e-02
9.816065999999999681e-02
1.344707800000000120e-01
1.844131800000000099e-01
1.774853799999999981e-01
1.251356799999999991e-01
1.175267200000000012e-01
1.044308999999999932e-01
1.106276999999999955e-01
8.722180999999999684e-02
8.180076000000000014e-02
7.296563000000000354e-02
5.718104999999999716e-02
