6.931481999999999921e-02
1.353437000000000112e-01
1.396721599999999897e-01
1.463805400000000034e-01
1.448781000000000097e-01
9.459075000000000122e-02
7.308678999999999870e-02
6.433972999999999776e-02
8.653297999999999546e-02
1.136786300000000027e-01
8.701312999999999409e-02
8.664442999999999451e-02
1.037301800000000052e-01
1.227483199999999941e-01
1.522710499999999911e-01
1.519024099999999877e-01
1.604235900000000048e-01
1.277507200000000120e-01
8.380308999999999675e-02
6.938545000000000129e-02
1.121091800000000027e-01
2.210272600000000032e-01
3.482101899999999750e-01
3.550678199999999785e-01
3.766738800000000165e-01
3.976496500000000212e-01
3.510486500000000176e-01
2.172257900000000019e-01
1.650773700000000010e-01
9.304584999999999939e-02
7.766509000000000607e-02
7.229294999999999471e-02
7.425426999999999722e-02
8.210228999999999444e-02
1.037496700000000022e-01
1.306271599999999922e-01
1.307371999999999979e-01
1.806677600000000106e-01
1.721272899999999884e-01
1.127294199999999968e-01
8.617684000000000455e-02
7.758418000000000259e-02
7.727264000000000355e-02
8.719208000000000514e-02
1.047285500000000036e-01
9.388275999999999566e-02
7.431356000000000073e-02
8.418119999999999770e-02
8.281890000000000085e-02
7.397447999999999524e-02
7.430515000000000037e-02
7.378870999999999347e-02
7.077041000000000581e-02
7.994529000000000218e-02
8.592210000000000125e-02
7.793746999999999481e-02
6.837421999999999944e-02
7.021223999999999521e-02
9.881771999999999778e-02
1.030430499999999971e-01
9.890780999999999878e-02
8.695827000000000417e-02
8.576786000000000132e-02
5.775736000000000064e-02
