5.101892999999999706e-02
1.458683799999999919e-01
1.898265000000000091e-01
1.747561400000000043e-01
1.587995600000000063e-01
1.540014899999999909e-01
1.288385200000000119e-01
7.263379999999999836e-02
1.088525600000000010e-01
1.830220200000000075e-01
2.696338600000000030e-01
3.582392300000000196e-01
4.065386699999999909e-01
5.053139300000000222e-01
4.462017699999999976e-01
3.878587199999999902e-01
3.752199399999999740e-01
2.213488200000000017e-01
1.506298299999999923e-01
7.757123000000000490e-02
7.463200999999999863e-02
7.113693000000000100e-02
8.266896999999999440e-02
1.004027400000000042e-01
1.223864499999999939e-01
1.535297499999999926e-01
1.421230400000000060e-01
1.435650400000000049e-01
1.060322300000000051e-01
8.871668000000000609e-02
8.868220000000000269e-02
7.945691000000000559e-02
8.090255000000000363e-02
1.135275300000000015e-01
1.016215200000000068e-01
1.042407800000000051e-01
8.826512999999999720e-02
7.201024000000000314e-02
7.659794000000000325e-02
7.475561999999999485e-02
6.897733999999999810e-02
7.331305000000000460e-02
7.074025999999999925e-02
7.211181999999999315e-02
7.539493999999999363e-02
7.372454999999999981e-02
8.548485000000000111e-02
9.116406999999999983e-02
8.672860000000000291e-02
8.099934999999999774e-02
7.733660000000000534e-02
7.568537999999999655e-02
8.065518000000000687e-02
8.402637999999999774e-02
8.768349000000000282e-02
7.604117999999999988e-02
7.145037999999999390e-02
6.904196999999999418e-02
7.226009999999999378e-02
7.828884999999999317e-02
9.200455000000000438e-02
8.498350000000000348e-02
8.134162000000000337e-02
5.890132000000000007e-02
