5.764651999999999971e-02
7.745973000000000441e-02
8.027863999999999833e-02
9.320752000000000204e-02
8.747302999999999329e-02
8.813392000000000448e-02
7.212382999999999988e-02
7.626963999999999966e-02
8.188381999999999605e-02
7.094680999999999904e-02
7.612291999999999670e-02
6.956805000000000627e-02
6.937927000000000677e-02
7.017096000000000444e-02
8.230510000000000603e-02
8.206502000000000241e-02
7.769315000000000249e-02
8.164472999999999869e-02
9.626780999999999533e-02
1.158700500000000022e-01
1.412404600000000121e-01
1.151307500000000039e-01
8.912738000000000604e-02
6.953175000000000328e-02
8.710213999999999457e-02
1.090778699999999934e-01
1.122737500000000055e-01
1.014282799999999957e-01
9.629435999999999551e-02
1.255033600000000082e-01
1.458311700000000100e-01
1.420061099999999910e-01
1.288186199999999948e-01
9.041130000000000000e-02
1.319510000000000127e-01
2.290433799999999909e-01
3.318845000000000267e-01
3.887633699999999970e-01
4.832361000000000018e-01
4.228191399999999822e-01
3.234261900000000023e-01
2.564969400000000066e-01
2.027269899999999958e-01
1.488359900000000013e-01
7.628530000000000033e-02
7.043417999999999901e-02
7.285073999999999717e-02
8.001213000000000075e-02
9.666043000000000551e-02
1.249563999999999953e-01
1.438260700000000003e-01
1.895694900000000072e-01
1.874503299999999983e-01
1.657323699999999900e-01
1.217807199999999951e-01
1.082438899999999954e-01
9.601550000000000362e-02
7.624844000000000066e-02
7.226245000000000585e-02
9.085952999999999391e-02
9.317153999999999714e-02
1.118845100000000065e-01
1.130680099999999966e-01
5.946259999999999740e-02
