6.156154999999999961e-02
8.714328999999999825e-02
8.214865000000000361e-02
7.305348000000000397e-02
6.874977999999999645e-02
6.770154000000000449e-02
7.194356000000000362e-02
7.297865000000000602e-02
6.873202000000000478e-02
7.228734000000000548e-02
7.866689999999999794e-02
6.966055999999999637e-02
6.835512000000000532e-02
7.027471000000000412e-02
8.380384999999999918e-02
8.417392999999999403e-02
8.279585999999999890e-02
6.814940999999999360e-02
6.743731000000000031e-02
7.092869999999999731e-02
7.532450999999999730e-02
6.993826000000000209e-02
7.335627999999999593e-02
8.573226999999999931e-02
1.028639400000000009e-01
1.125443400000000066e-01
1.038458500000000034e-01
7.714696999999999527e-02
7.586703999999999670e-02
7.722268000000000188e-02
9.298407999999999674e-02
8.980852000000000279e-02
8.956838999999999773e-02
1.086412800000000067e-01
1.336526600000000065e-01
1.388150900000000021e-01
1.070800100000000032e-01
8.725955000000000517e-02
8.478794000000000608e-02
9.972873000000000154e-02
1.123934000000000044e-01
1.672115000000000129e-01
2.124619799999999947e-01
2.340899899999999978e-01
2.562826899999999797e-01
2.519881400000000271e-01
2.828150999999999859e-01
2.973558900000000116e-01
2.330172199999999971e-01
1.301344299999999954e-01
1.060357200000000000e-01
9.236572999999999312e-02
8.053867000000000664e-02
8.555450000000000554e-02
1.030964000000000047e-01
1.134300500000000045e-01
1.133775100000000008e-01
1.087500899999999937e-01
1.113879599999999942e-01
1.428183600000000053e-01
1.556654399999999883e-01
1.276286100000000034e-01
1.058788900000000033e-01
5.954617000000000243e-02
