5.271382000000000151e-02
7.541573000000000027e-02
8.452291000000000665e-02
1.095040199999999936e-01
1.064702299999999990e-01
1.026153300000000046e-01
7.026934999999999432e-02
6.971542999999999490e-02
7.643434000000000339e-02
6.892793999999999310e-02
7.938731000000000260e-02
8.674779999999999991e-02
7.516414000000000428e-02
6.794273000000000673e-02
6.911807000000000367e-02
7.890806000000000209e-02
7.541904000000000663e-02
7.030169999999999475e-02
7.685807000000000055e-02
8.997320000000000317e-02
1.125892299999999985e-01
1.190971700000000022e-01
1.046070800000000051e-01
8.613397999999999888e-02
7.287188999999999472e-02
7.351852999999999860e-02
8.972149999999999570e-02
1.088969899999999991e-01
8.446204999999999685e-02
8.906582000000000388e-02
1.072204999999999964e-01
1.297358999999999873e-01
1.509926199999999941e-01
9.413195000000000590e-02
8.013544999999999696e-02
9.379044000000000270e-02
1.378845099999999879e-01
2.685380299999999831e-01
3.785072899999999962e-01
3.775485499999999828e-01
3.712272300000000191e-01
3.564605399999999924e-01
3.247992100000000049e-01
2.264709000000000028e-01
1.201246400000000047e-01
9.477367000000000430e-02
7.493070000000000286e-02
7.676942999999999961e-02
7.676553999999999323e-02
7.848296999999999912e-02
9.359704000000000634e-02
1.245128999999999958e-01
1.583583100000000021e-01
2.026271099999999992e-01
2.050673799999999936e-01
1.943518200000000085e-01
1.680429300000000070e-01
8.690858999999999390e-02
8.055805000000000604e-02
7.641789000000000220e-02
7.915725999999999318e-02
9.779287000000000396e-02
1.024270099999999989e-01
6.121730000000000227e-02
