5.014707999999999666e-02
6.899650999999999701e-02
6.485899999999999999e-02
6.648231000000000279e-02
7.403497000000000550e-02
8.129669000000000478e-02
6.931376000000000204e-02
6.668973999999999736e-02
6.400350000000000483e-02
6.631204000000000265e-02
6.686788000000000454e-02
6.605297000000000252e-02
6.948859999999999759e-02
6.903417000000000581e-02
7.201288999999999607e-02
6.557678999999999592e-02
6.739931999999999868e-02
6.458795999999999982e-02
6.739170999999999356e-02
6.569323999999999997e-02
6.828589999999999660e-02
7.325510000000000355e-02
7.155830000000000524e-02
8.455914000000000486e-02
7.682669999999999777e-02
7.387543000000000581e-02
6.976580000000000281e-02
7.099593999999999350e-02
6.836496999999999713e-02
7.333312999999999637e-02
7.950087999999999600e-02
8.512144000000000654e-02
1.053610299999999944e-01
9.237515999999999783e-02
8.761025000000000063e-02
8.298141000000000544e-02
7.554039999999999366e-02
7.341533000000000087e-02
8.870836999999999473e-02
9.904709000000000430e-02
1.301962700000000028e-01
1.774554999999999882e-01
2.096834800000000054e-01
2.088025199999999915e-01
1.907483600000000057e-01
1.677436399999999994e-01
1.286026500000000128e-01
1.040597899999999992e-01
9.062375999999999765e-02
7.140828000000000453e-02
7.130855999999999306e-02
7.307112000000000329e-02
7.307408999999999433e-02
7.830260999999999472e-02
8.648279000000000383e-02
1.116528400000000032e-01
1.062246399999999952e-01
9.080506000000000688e-02
9.919641999999999349e-02
9.501774999999999805e-02
9.527981000000000644e-02
8.294898000000000549e-02
6.979562999999999739e-02
5.749685000000000212e-02
