4.921222000000000096e-02
8.395600000000000285e-02
6.875169000000000419e-02
7.406290999999999569e-02
6.889017999999999531e-02
7.925820999999999561e-02
6.788323000000000274e-02
8.115532999999999775e-02
9.354966000000000670e-02
9.822437000000000529e-02
8.333604000000000012e-02
8.386604000000000281e-02
8.004722999999999700e-02
6.679039999999999977e-02
7.400826000000000626e-02
1.026362700000000017e-01
9.153658000000000627e-02
7.838349000000000011e-02
6.728264999999999940e-02
7.162290000000000323e-02
7.400708999999999760e-02
1.099847099999999994e-01
1.300161800000000090e-01
8.952053000000000094e-02
7.360666000000000431e-02
7.331559999999999466e-02
1.005394700000000058e-01
9.590068000000000203e-02
1.033971699999999966e-01
7.559093999999999536e-02
6.541346000000000660e-02
8.254952999999999597e-02
8.752775999999999612e-02
8.168888000000000538e-02
7.869059999999999944e-02
9.456477000000000632e-02
8.887913000000000063e-02
1.210902999999999979e-01
1.113062100000000026e-01
7.675199000000000604e-02
6.931460000000000399e-02
7.719077000000000577e-02
1.055776199999999970e-01
1.258361299999999905e-01
1.086840699999999937e-01
1.056012699999999971e-01
1.189236899999999986e-01
1.597500000000000031e-01
1.219438600000000011e-01
1.308537899999999976e-01
1.124096099999999931e-01
1.260565499999999894e-01
9.373003000000000584e-02
9.982979000000000158e-02
1.912200699999999920e-01
2.449534800000000012e-01
3.545422899999999822e-01
3.901122200000000095e-01
4.486301799999999895e-01
4.282108800000000159e-01
3.909159600000000068e-01
3.647162299999999746e-01
2.438935000000000131e-01
6.383083000000000506e-02
