6.943855999999999640e-02
9.746056000000000163e-02
8.162224999999999342e-02
9.329154000000000613e-02
7.739814999999999889e-02
6.819076999999999777e-02
7.062193999999999416e-02
7.533766000000000074e-02
7.679619999999999502e-02
6.901570999999999401e-02
7.926147000000000054e-02
7.474005999999999705e-02
9.103113000000000177e-02
1.211393800000000048e-01
1.390557299999999885e-01
1.081454500000000041e-01
8.224902000000000601e-02
7.965553999999999690e-02
8.895313999999999999e-02
7.704634000000000482e-02
9.634431000000000245e-02
1.135896500000000003e-01
1.107020900000000030e-01
1.315490900000000074e-01
1.389516699999999993e-01
1.284567400000000137e-01
1.598183200000000137e-01
1.659480500000000136e-01
9.733888000000000262e-02
1.477312299999999912e-01
2.430859499999999951e-01
3.210535299999999759e-01
3.224375800000000014e-01
3.894029900000000044e-01
2.996120199999999789e-01
2.855683600000000211e-01
2.858045699999999800e-01
2.417016300000000006e-01
2.357882900000000115e-01
2.335658800000000035e-01
2.275872399999999962e-01
2.748669100000000198e-01
2.780782299999999818e-01
2.400745200000000135e-01
1.899247000000000019e-01
1.706403300000000067e-01
1.727808100000000069e-01
1.847237599999999869e-01
8.870733999999999564e-02
7.930545999999999429e-02
1.066276200000000063e-01
1.088511699999999971e-01
1.072662199999999955e-01
1.137146599999999952e-01
1.123964300000000055e-01
1.510538899999999962e-01
1.685756599999999883e-01
1.315410599999999874e-01
1.052688600000000058e-01
9.145999999999999963e-02
8.622910000000000297e-02
9.874966999999999773e-02
7.297330000000000483e-02
6.198222999999999927e-02
