5.774071000000000065e-02
8.535877000000000048e-02
1.051136599999999977e-01
1.920937899999999865e-01
2.643677600000000072e-01
3.026643099999999920e-01
3.524407700000000143e-01
3.656544700000000092e-01
3.688543400000000028e-01
3.528210199999999852e-01
3.576357399999999798e-01
2.643243399999999910e-01
1.954626100000000088e-01
1.329227799999999904e-01
9.492762999999999896e-02
9.322281999999999791e-02
9.434573000000000265e-02
9.907839999999999703e-02
1.347300100000000111e-01
1.534114299999999875e-01
2.433785199999999871e-01
3.019786500000000151e-01
2.444364900000000063e-01
1.682974000000000137e-01
1.725011800000000040e-01
1.455733899999999970e-01
1.473125100000000076e-01
1.251976599999999884e-01
1.454617099999999941e-01
1.196957800000000016e-01
9.631130999999999720e-02
8.879349000000000269e-02
9.373362000000000360e-02
8.895127999999999369e-02
8.276952999999999394e-02
8.921361999999999348e-02
1.028524999999999995e-01
1.202094199999999974e-01
1.035629700000000042e-01
8.148194999999999744e-02
8.205688999999999345e-02
1.028562900000000030e-01
1.491526800000000097e-01
1.205407200000000040e-01
9.326347999999999583e-02
8.691519999999999802e-02
1.017355499999999940e-01
1.027850700000000062e-01
9.585448000000000579e-02
1.239461599999999997e-01
9.467283999999999422e-02
7.913444000000000034e-02
8.004210000000000491e-02
1.059704300000000043e-01
1.314326399999999895e-01
1.290418200000000015e-01
1.142976200000000025e-01
7.928664000000000545e-02
7.414281000000000343e-02
7.676763999999999810e-02
9.040713000000000221e-02
1.087528999999999996e-01
1.356320500000000040e-01
6.838204999999999978e-02
