6.558553000000000299e-02
9.228577000000000308e-02
1.211950700000000020e-01
1.269704000000000110e-01
1.215758599999999939e-01
9.647838000000000247e-02
7.573425999999999769e-02
6.499610999999999583e-02
7.227569999999999828e-02
7.978868000000000071e-02
8.100864000000000675e-02
8.053380000000000261e-02
8.137323999999999946e-02
1.028107999999999939e-01
1.213850199999999963e-01
1.326179100000000055e-01
1.422565000000000079e-01
1.247867299999999985e-01
8.950093000000000631e-02
7.256830000000000225e-02
8.457222999999999824e-02
1.455739299999999903e-01
2.285039700000000007e-01
2.248310000000000031e-01
3.020392399999999866e-01
3.353120700000000176e-01
2.959826600000000085e-01
2.282442899999999886e-01
1.870966599999999980e-01
1.017314599999999958e-01
7.822363000000000233e-02
6.867452999999999752e-02
7.354974000000000234e-02
9.077933000000000530e-02
9.535780000000000645e-02
1.166574900000000026e-01
1.024162500000000003e-01
1.574374600000000013e-01
1.396712200000000126e-01
8.577598999999999640e-02
7.493732000000000171e-02
7.103729000000000293e-02
7.655481000000000091e-02
7.082911999999999542e-02
9.221031999999999840e-02
8.997811000000000003e-02
7.080427999999999722e-02
7.458051000000000264e-02
7.921235000000000082e-02
7.133179000000000602e-02
7.198854999999999837e-02
7.337955999999999646e-02
6.874967999999999357e-02
7.202266000000000223e-02
7.888712999999999975e-02
7.748172999999999866e-02
7.225125999999999771e-02
7.249629999999999963e-02
8.482238999999999751e-02
8.552772999999999626e-02
8.799411999999999512e-02
8.001408999999999605e-02
8.346169000000000504e-02
5.748713999999999907e-02
