5.300018000000000090e-02
6.920758000000000465e-02
6.580740000000000200e-02
7.021389999999999576e-02
7.029965999999999993e-02
7.151954000000000644e-02
6.618380999999999570e-02
6.440888000000000169e-02
6.354719000000000340e-02
6.863882000000000316e-02
7.021811999999999498e-02
6.830582000000000320e-02
6.518770999999999594e-02
6.592386000000000079e-02
6.762205999999999773e-02
6.640727999999999909e-02
7.001258999999999955e-02
7.043107999999999314e-02
6.727339999999999709e-02
6.416478999999999933e-02
6.725369000000000486e-02
6.956075999999999926e-02
7.085247999999999546e-02
6.677824999999999733e-02
6.497416999999999776e-02
6.535655999999999410e-02
6.892052999999999374e-02
7.405082000000000331e-02
7.096523000000000414e-02
6.556597999999999593e-02
6.630614999999999426e-02
6.777990000000000403e-02
6.978982999999999715e-02
7.344950999999999564e-02
6.921457000000000304e-02
6.781086000000000058e-02
6.753351999999999966e-02
6.961243999999999765e-02
7.070637000000000449e-02
6.785425999999999958e-02
6.578311000000000575e-02
6.930994000000000044e-02
7.421993000000000340e-02
7.996760999999999453e-02
8.216534999999999811e-02
7.269705999999999391e-02
6.900620999999999838e-02
6.612171999999999494e-02
7.070956000000000463e-02
8.098874000000000350e-02
9.582933999999999897e-02
9.943826000000000054e-02
1.144749600000000006e-01
1.232641500000000029e-01
1.267769599999999941e-01
1.031702599999999997e-01
9.335586999999999358e-02
8.811919000000000002e-02
8.532715000000000438e-02
7.434583999999999637e-02
6.793577000000000643e-02
6.732538000000000411e-02
6.370217000000000240e-02
5.454831000000000263e-02
