5.481360999999999872e-02
8.235410999999999426e-02
9.443524000000000362e-02
1.310416899999999885e-01
1.721341799999999977e-01
2.413747300000000096e-01
3.080465199999999903e-01
3.288412700000000188e-01
3.240470599999999979e-01
3.030346300000000270e-01
3.132007099999999933e-01
2.293772500000000047e-01
1.580949100000000052e-01
1.300301100000000043e-01
8.992790000000000505e-02
8.112379999999999591e-02
7.925010000000000387e-02
7.166202000000000683e-02
8.381750000000000311e-02
8.990615999999999886e-02
1.259986200000000056e-01
1.551359900000000014e-01
1.510528899999999952e-01
1.162595200000000051e-01
1.202281399999999972e-01
1.003211799999999959e-01
9.822596999999999579e-02
9.031453999999999871e-02
1.013720000000000038e-01
9.177633000000000318e-02
7.805984000000000533e-02
8.301337999999999773e-02
7.893901000000000390e-02
7.775195000000000023e-02
7.816059000000000201e-02
7.464233000000000673e-02
7.941370000000000373e-02
8.486230000000000162e-02
8.096074000000000326e-02
6.863178000000000334e-02
7.212841999999999865e-02
7.320772000000000390e-02
9.463238999999999679e-02
9.554853000000000651e-02
7.514761999999999831e-02
6.983971999999999403e-02
7.759742999999999502e-02
7.383908999999999612e-02
8.424660999999999955e-02
9.435992999999999464e-02
7.840714999999999490e-02
7.604297000000000140e-02
6.656898999999999456e-02
7.231042000000000025e-02
8.152275999999999967e-02
8.293886999999999787e-02
8.054414000000000018e-02
6.952284000000000241e-02
6.858482000000000467e-02
6.620004000000000166e-02
7.290217000000000225e-02
7.223427999999999793e-02
9.584346000000000532e-02
5.990935000000000010e-02
