5.646993000000000151e-02
6.880529999999999979e-02
7.636350000000000082e-02
7.186644000000000365e-02
7.195116999999999485e-02
7.539679999999999993e-02
6.759977000000000347e-02
7.188443999999999390e-02
8.272443000000000157e-02
8.551857999999999682e-02
8.691852999999999385e-02
7.701953999999999745e-02
7.396988999999999648e-02
7.002524000000000248e-02
7.093378000000000183e-02
7.871728999999999532e-02
9.135432000000000274e-02
8.187816000000000538e-02
7.783323999999999798e-02
8.482172999999999796e-02
9.945017000000000440e-02
9.762838000000000072e-02
8.605255000000000543e-02
7.468447000000000280e-02
7.107515000000000360e-02
6.920777000000000179e-02
9.324327000000000309e-02
1.450550300000000015e-01
2.359244799999999920e-01
2.417876399999999981e-01
2.245113099999999917e-01
2.173805400000000110e-01
1.813204099999999874e-01
1.384873699999999985e-01
9.925254000000000021e-02
8.761439000000000032e-02
8.269036999999999915e-02
6.957170000000000021e-02
7.073321999999999943e-02
7.915539000000000602e-02
8.304757000000000111e-02
8.355294000000000609e-02
1.049674899999999966e-01
1.134479999999999933e-01
1.039743100000000003e-01
8.771102999999999539e-02
7.589914999999999856e-02
7.338922999999999974e-02
7.364136999999999766e-02
7.773623000000000338e-02
8.123793999999999460e-02
7.438114999999999311e-02
7.048761000000000609e-02
7.919181000000000137e-02
7.773594999999999811e-02
7.522094999999999476e-02
7.587518000000000040e-02
7.184329999999999883e-02
6.948485999999999552e-02
7.118650999999999451e-02
8.691503999999999897e-02
7.414743000000000028e-02
7.230530999999999764e-02
5.594062000000000340e-02
