5.412099000000000076e-02
6.634748000000000034e-02
6.582042999999999922e-02
6.909961000000000575e-02
7.222818999999999767e-02
7.452243999999999535e-02
7.760566000000000686e-02
7.573654999999999970e-02
7.623436999999999575e-02
6.794218999999999953e-02
6.981882999999999839e-02
6.891065999999999858e-02
7.248633000000000159e-02
7.482078999999999813e-02
7.345077999999999330e-02
6.887733000000000050e-02
6.898326999999999931e-02
7.376238999999999713e-02
7.922482999999999609e-02
7.683175000000000421e-02
7.304159000000000346e-02
6.868528999999999607e-02
7.108478999999999492e-02
7.642229999999999857e-02
7.435123000000000426e-02
8.771737999999999758e-02
7.197412999999999728e-02
7.391172999999999493e-02
7.088018000000000096e-02
6.816706000000000154e-02
6.949800999999999895e-02
6.878560000000000230e-02
6.919931999999999472e-02
7.495673999999999393e-02
8.149945999999999580e-02
8.310644000000000364e-02
7.141841999999999635e-02
7.078233000000000441e-02
7.395815999999999502e-02
7.655264999999999986e-02
7.558270000000000266e-02
7.158899000000000512e-02
8.105524999999999536e-02
9.218732000000000315e-02
1.041936799999999969e-01
1.018966399999999967e-01
1.023101399999999939e-01
1.031038400000000022e-01
7.784662000000000526e-02
7.392092999999999581e-02
8.411419000000000534e-02
1.013609000000000038e-01
1.288400399999999890e-01
1.514564499999999925e-01
2.146145000000000136e-01
2.062774300000000116e-01
1.958082899999999960e-01
1.749110399999999899e-01
1.733592599999999873e-01
1.571999599999999997e-01
1.048637000000000041e-01
8.356312999999999935e-02
7.018169999999999964e-02
5.699739999999999668e-02
