5.276556999999999775e-02
7.162432999999999994e-02
6.642531999999999603e-02
6.552370999999999890e-02
6.654741999999999602e-02
7.323678000000000132e-02
7.157017999999999713e-02
6.601954000000000156e-02
6.688900999999999875e-02
6.909817000000000042e-02
7.003154999999999797e-02
7.557748999999999717e-02
8.328649999999999942e-02
7.992694000000000187e-02
8.282636999999999639e-02
7.061592999999999343e-02
6.869361000000000217e-02
6.869683999999999513e-02
7.457875999999999395e-02
7.473346000000000156e-02
8.065986999999999463e-02
8.057478999999999336e-02
8.545036000000000298e-02
8.547406999999999921e-02
8.294624999999999915e-02
8.200749999999999706e-02
7.975464000000000164e-02
7.462597999999999454e-02
7.291981000000000157e-02
1.312156200000000050e-01
1.761219400000000046e-01
2.001214900000000130e-01
2.205996699999999977e-01
2.496446499999999957e-01
1.872438899999999962e-01
1.708159300000000047e-01
1.496414199999999972e-01
9.267810999999999411e-02
7.445756000000000596e-02
6.917972000000000010e-02
7.637729000000000046e-02
7.388767999999999725e-02
8.508140999999999621e-02
8.260397999999999352e-02
9.501202000000000258e-02
8.691440000000000277e-02
8.691073000000000548e-02
1.098068400000000028e-01
8.804649999999999976e-02
7.796588999999999603e-02
7.643311999999999329e-02
6.962055999999999800e-02
7.350708000000000242e-02
7.332888999999999380e-02
9.122254000000000473e-02
8.538387999999999534e-02
8.086625999999999537e-02
1.022387399999999946e-01
9.565495999999999721e-02
7.871967000000000547e-02
7.008810000000000040e-02
7.227326000000000583e-02
6.765139000000000569e-02
5.485402999999999807e-02
