5.824138000000000231e-02
8.071944000000000341e-02
1.154367800000000027e-01
2.379074200000000083e-01
4.277991400000000222e-01
4.711378500000000247e-01
5.800895700000000543e-01
5.965375899999999509e-01
6.006057900000000283e-01
5.829368799999999906e-01
5.743660299999999719e-01
4.244236599999999804e-01
3.392075900000000033e-01
2.267740799999999890e-01
1.250777499999999876e-01
9.015296000000000420e-02
8.349389999999999590e-02
7.677573999999999510e-02
8.326461000000000279e-02
9.117058999999999580e-02
1.059408599999999978e-01
1.313675800000000116e-01
1.408180099999999935e-01
1.104120100000000049e-01
1.254234300000000024e-01
1.074698899999999985e-01
1.026587999999999945e-01
8.987177999999999833e-02
9.504200999999999622e-02
8.649695999999999774e-02
7.671049000000000617e-02
7.914864000000000621e-02
8.062753000000000281e-02
8.005647000000000457e-02
8.375409999999999799e-02
6.881423999999999874e-02
8.002832999999999475e-02
9.539992999999999390e-02
8.238220000000000265e-02
6.568137000000000281e-02
6.679810999999999388e-02
6.866131000000000317e-02
8.813070000000000626e-02
8.203132000000000479e-02
7.090464000000000488e-02
6.624642999999999504e-02
6.664866999999999320e-02
7.193091999999999542e-02
7.847050999999999332e-02
9.279481000000000535e-02
8.321091999999999378e-02
7.350030000000000452e-02
6.474370999999999599e-02
7.473615999999999593e-02
8.960289999999999921e-02
9.100803999999999838e-02
1.003654900000000016e-01
6.836593000000000531e-02
6.648215999999999848e-02
7.009131000000000389e-02
7.643202999999999803e-02
8.122152000000000538e-02
9.906505000000000172e-02
6.145132999999999845e-02
