6.044925999999999772e-02
8.918636000000000619e-02
1.139422499999999949e-01
1.575511099999999942e-01
2.256218500000000127e-01
2.713618300000000261e-01
3.004688899999999885e-01
2.957909400000000022e-01
2.935300800000000265e-01
2.625400700000000143e-01
2.635719499999999993e-01
1.830829800000000063e-01
1.195273000000000030e-01
8.949714000000000280e-02
7.612362000000000295e-02
7.514004000000000516e-02
8.320803999999999701e-02
9.075582999999999567e-02
1.017949499999999952e-01
1.039740700000000018e-01
1.408047400000000116e-01
1.628562500000000079e-01
1.410060499999999939e-01
1.031415999999999999e-01
9.757791000000000381e-02
9.182643999999999529e-02
9.820300999999999336e-02
8.896582000000000101e-02
1.027512299999999990e-01
9.138930000000000664e-02
7.373673000000000033e-02
7.391717000000000426e-02
7.383228999999999487e-02
7.233441999999999650e-02
6.964905999999999875e-02
7.023553999999999908e-02
7.796290000000000164e-02
8.809121999999999786e-02
8.108376000000000472e-02
7.247581000000000162e-02
7.710377999999999676e-02
8.432235999999999898e-02
1.027611999999999970e-01
9.364245999999999681e-02
8.074436000000000113e-02
8.068056999999999312e-02
9.038143999999999345e-02
9.097880999999999330e-02
9.885499999999999843e-02
1.172414600000000057e-01
8.441239999999999855e-02
7.159451000000000009e-02
7.654252999999999751e-02
9.341889999999999916e-02
1.192285299999999992e-01
1.187500699999999992e-01
1.075743100000000063e-01
7.864986000000000199e-02
7.452208999999999917e-02
6.834104000000000567e-02
8.953316000000000052e-02
7.563069000000000042e-02
1.209145699999999990e-01
6.772698000000000607e-02
