5.363056000000000073e-02
6.370884000000000269e-02
6.412732000000000154e-02
6.492220999999999409e-02
6.626281000000000532e-02
6.957597999999999561e-02
6.436980999999999953e-02
6.354519999999999613e-02
6.242951000000000056e-02
6.425620999999999416e-02
6.673563999999999885e-02
6.621960999999999820e-02
6.853687999999999447e-02
6.610093000000000218e-02
6.564831999999999612e-02
6.479179999999999662e-02
6.614435000000000453e-02
6.378190999999999722e-02
6.355618000000000378e-02
6.421042000000000416e-02
6.804498000000000490e-02
6.925650999999999335e-02
7.297686000000000450e-02
7.369923999999999920e-02
6.711177000000000115e-02
6.598953999999999931e-02
6.518614000000000352e-02
6.786279000000000616e-02
6.796106999999999843e-02
6.974210999999999605e-02
6.944498999999999811e-02
7.672141000000000377e-02
8.201661999999999841e-02
7.477902999999999634e-02
7.224447999999999981e-02
7.149358000000000102e-02
6.721449000000000173e-02
6.846984999999999877e-02
8.493090000000000361e-02
1.119084699999999960e-01
1.476254899999999981e-01
1.722570800000000069e-01
1.662353099999999972e-01
1.603448399999999885e-01
1.353938600000000048e-01
1.033546699999999957e-01
7.866022000000000292e-02
7.717622000000000371e-02
6.932338000000000389e-02
6.760322000000000553e-02
6.983680999999999917e-02
7.568866999999999956e-02
8.011110999999999926e-02
8.177175000000000415e-02
9.780590000000000117e-02
1.162835599999999942e-01
1.049862099999999965e-01
8.323184999999999611e-02
7.887315999999999772e-02
7.660261999999999627e-02
7.388856000000000590e-02
7.052843999999999780e-02
7.353727000000000180e-02
5.598568999999999768e-02
