5.801172000000000273e-02
7.767873000000000139e-02
6.949618000000000462e-02
6.794601999999999586e-02
6.876801000000000441e-02
7.256306999999999341e-02
7.339652000000000676e-02
8.697230999999999712e-02
9.480814999999999382e-02
9.373529999999999363e-02
8.059729999999999672e-02
7.739020000000000621e-02
7.011214999999999808e-02
7.132797999999999916e-02
7.609691000000000372e-02
9.644344000000000527e-02
8.363439999999999763e-02
6.992379999999999429e-02
6.381101000000000134e-02
8.159705999999999904e-02
8.262223999999999957e-02
9.895315000000000361e-02
1.046895500000000062e-01
7.314637000000000222e-02
6.955582999999999905e-02
8.714347000000000065e-02
9.959469999999999434e-02
1.020065200000000033e-01
8.318483000000000127e-02
7.388590000000000435e-02
7.471026999999999529e-02
7.755302999999999503e-02
8.014037000000000244e-02
8.505859999999999810e-02
7.626895999999999676e-02
1.032504999999999951e-01
9.878322000000000491e-02
1.052488099999999982e-01
8.251078000000000578e-02
8.165052000000000421e-02
7.199139999999999706e-02
7.708183000000000396e-02
1.062264099999999933e-01
1.141822700000000024e-01
1.255094300000000052e-01
1.196096700000000013e-01
1.378357699999999963e-01
1.489727600000000096e-01
1.197145700000000063e-01
1.106923999999999964e-01
9.355636999999999981e-02
1.033397000000000066e-01
9.294044999999999390e-02
1.643834299999999971e-01
2.597450000000000037e-01
3.072253200000000239e-01
4.081487699999999941e-01
4.480755599999999839e-01
4.376145599999999858e-01
4.282265000000000099e-01
3.615084299999999917e-01
2.902486300000000075e-01
1.947925199999999968e-01
6.324594000000000049e-02
