5.919726000000000155e-02
7.463348999999999678e-02
6.553043000000000062e-02
6.880637000000000558e-02
7.497908999999999824e-02
7.681852999999999598e-02
6.980245999999999673e-02
6.911483999999999683e-02
7.261607999999999952e-02
6.782074000000000435e-02
7.035173999999999594e-02
7.151449999999999474e-02
7.745947000000000249e-02
8.105102000000000140e-02
7.121816000000000257e-02
7.125033000000000061e-02
7.336645999999999446e-02
6.467601000000000599e-02
6.883377000000000245e-02
7.201704000000000438e-02
6.629016000000000075e-02
6.677568999999999866e-02
6.920808999999999989e-02
6.763371999999999440e-02
7.233362999999999599e-02
7.332043000000000588e-02
6.882217000000000195e-02
7.109498000000000206e-02
6.962052000000000518e-02
7.410767000000000049e-02
7.238036000000000469e-02
6.536814999999999987e-02
6.771752000000000327e-02
6.863157000000000285e-02
6.733567999999999498e-02
7.173499999999999321e-02
7.072499000000000147e-02
6.931165999999999716e-02
7.080435999999999674e-02
6.978987999999999858e-02
7.134392000000000511e-02
7.353619000000000128e-02
6.623458000000000123e-02
6.594587000000000365e-02
7.275212000000000345e-02
8.688619000000000203e-02
1.009148200000000023e-01
1.000114599999999965e-01
1.061249199999999976e-01
9.520001999999999631e-02
1.022117099999999973e-01
9.194819999999999383e-02
7.763791999999999915e-02
8.210955999999999810e-02
7.602029000000000425e-02
7.498808999999999336e-02
7.084292999999999840e-02
7.111754000000000686e-02
7.075678999999999996e-02
7.049872999999999557e-02
7.526091999999999504e-02
7.676658000000000093e-02
7.474753000000000647e-02
5.505319999999999658e-02
