5.774693000000000187e-02
7.821561999999999959e-02
7.724116999999999789e-02
1.042505600000000060e-01
1.054373799999999972e-01
1.060244099999999995e-01
1.382963500000000123e-01
1.055210800000000032e-01
9.858145999999999576e-02
6.693169000000000202e-02
6.829238999999999449e-02
7.222913999999999723e-02
8.334344999999999948e-02
1.119988900000000037e-01
1.330253799999999986e-01
1.224195099999999953e-01
1.161719799999999941e-01
1.197484399999999977e-01
1.407249600000000100e-01
1.600322700000000042e-01
1.455408800000000114e-01
7.509441000000000033e-02
9.718203000000000258e-02
1.507250400000000046e-01
2.413666200000000039e-01
3.519173299999999727e-01
3.973238199999999942e-01
3.815818999999999739e-01
3.465167900000000190e-01
2.436072499999999974e-01
1.761526900000000007e-01
1.156607300000000033e-01
9.252393999999999896e-02
7.307006000000000612e-02
7.114310999999999552e-02
8.239283999999999497e-02
7.788198999999999816e-02
1.273762300000000069e-01
1.424168299999999943e-01
1.299600999999999951e-01
1.434134999999999993e-01
1.171881099999999981e-01
8.041172000000000597e-02
6.903708000000000067e-02
7.053476999999999664e-02
7.703994000000000120e-02
7.979727999999999821e-02
9.185815999999999426e-02
7.950255999999999990e-02
8.162432000000000021e-02
7.716863999999999668e-02
6.733160000000000533e-02
6.908314999999999595e-02
7.285809000000000035e-02
8.056971000000000271e-02
7.368698999999999388e-02
6.892586000000000546e-02
6.884532000000000151e-02
6.785921000000000314e-02
6.849415000000000364e-02
6.795610000000000539e-02
7.209108999999999656e-02
8.442726999999999871e-02
5.692635000000000056e-02
