5.939701000000000009e-02
7.281621000000000621e-02
7.210758000000000445e-02
7.507650999999999908e-02
8.096865999999999786e-02
8.780557999999999419e-02
1.106130099999999977e-01
1.180110600000000010e-01
1.034421400000000019e-01
8.261654999999999693e-02
8.451316999999999857e-02
7.086560999999999555e-02
7.772281000000000328e-02
7.617263000000000506e-02
1.123851599999999978e-01
1.302591899999999969e-01
1.113615399999999950e-01
8.132773999999999559e-02
1.054767900000000008e-01
1.438802000000000136e-01
1.587499199999999888e-01
9.599636999999999754e-02
7.705425000000000468e-02
7.860736000000000112e-02
1.361666300000000107e-01
2.402815699999999999e-01
2.993944000000000050e-01
4.002930199999999994e-01
3.917597500000000177e-01
3.148829000000000211e-01
2.490542500000000048e-01
1.904634400000000116e-01
1.552693199999999885e-01
9.558553000000000188e-02
8.378481000000000123e-02
7.618959000000000148e-02
7.619438000000000599e-02
1.053679099999999952e-01
1.365502500000000119e-01
1.628758299999999992e-01
1.208466200000000018e-01
1.476631800000000050e-01
1.636274199999999956e-01
8.473899999999999488e-02
1.031075800000000042e-01
8.252068999999999377e-02
7.435002999999999751e-02
7.091224999999999612e-02
7.355340999999999962e-02
8.734258999999999773e-02
8.060224000000000555e-02
9.275094999999999867e-02
1.072385700000000053e-01
8.698110000000000563e-02
7.148588999999999638e-02
7.458293000000000561e-02
7.474434000000000633e-02
7.433750000000000080e-02
7.364893999999999608e-02
8.350296999999999581e-02
8.856224000000000041e-02
8.100242000000000553e-02
6.873690999999999829e-02
5.859315999999999830e-02
