5.030513999999999819e-02
6.637650999999999968e-02
7.476257999999999515e-02
7.229465000000000197e-02
6.978069000000000632e-02
7.501728000000000562e-02
6.574778000000000566e-02
6.993702000000000252e-02
7.650165000000000437e-02
9.575316000000000383e-02
8.873894999999999700e-02
8.427600999999999842e-02
7.825342999999999882e-02
7.637323000000000028e-02
7.489002000000000159e-02
8.366506999999999417e-02
9.664250000000000618e-02
8.655833000000000277e-02
8.474977000000000205e-02
8.822067999999999577e-02
9.660404000000000213e-02
1.060244000000000048e-01
1.007985599999999954e-01
8.720880999999999772e-02
7.460720999999999326e-02
7.164115999999999540e-02
9.414229000000000347e-02
1.450312599999999952e-01
2.459898899999999888e-01
2.835205499999999823e-01
2.959860000000000269e-01
3.013723799999999953e-01
2.747982999999999953e-01
2.016890899999999875e-01
1.350690700000000133e-01
8.686232000000000675e-02
8.969810999999999757e-02
8.172142000000000295e-02
7.486027000000000653e-02
7.800833999999999546e-02
8.205606999999999485e-02
9.928235000000000532e-02
1.024059100000000028e-01
1.307356699999999983e-01
1.301838899999999966e-01
1.236519100000000038e-01
9.203192999999999790e-02
8.237042999999999449e-02
9.143202999999999747e-02
6.813871999999999984e-02
8.487980999999999998e-02
8.685874000000000372e-02
7.435406999999999433e-02
7.700197000000000291e-02
8.235285000000000522e-02
9.232764999999999722e-02
9.399892999999999443e-02
7.367938999999999738e-02
7.174527999999999461e-02
8.104920999999999653e-02
8.352226999999999568e-02
7.435013000000000039e-02
7.781328999999999330e-02
5.637334000000000095e-02
