1.334642600000000012e-01
4.629671000000000203e-01
4.458253999999999828e-01
3.869496000000000047e-01
3.048047400000000184e-01
3.105306299999999742e-01
2.386326300000000122e-01
1.434803299999999893e-01
7.469198999999999977e-02
8.574115000000000208e-02
9.137947000000000430e-02
8.998910999999999716e-02
1.068650200000000050e-01
1.416013499999999870e-01
1.839669499999999902e-01
2.075036799999999959e-01
1.585050100000000017e-01
1.808722500000000122e-01
1.435624799999999923e-01
1.189269599999999982e-01
1.009934799999999966e-01
9.551798000000000233e-02
8.563094999999999735e-02
7.739182999999999479e-02
8.232142000000000626e-02
9.832723000000000158e-02
8.369598000000000315e-02
8.091173999999999589e-02
7.935917000000000665e-02
6.735077000000000425e-02
7.529479000000000033e-02
8.766369999999999718e-02
8.033149000000000539e-02
7.139228999999999714e-02
7.459585999999999995e-02
7.915039000000000102e-02
7.940603999999999718e-02
7.828965000000000229e-02
7.688889999999999614e-02
6.902234000000000147e-02
7.321603000000000139e-02
7.275510999999999784e-02
9.642272000000000343e-02
8.537443999999999589e-02
9.726113000000000119e-02
7.397587999999999386e-02
8.598467999999999389e-02
9.691038999999999903e-02
9.509251000000000509e-02
8.036669000000000451e-02
7.132368999999999515e-02
6.890272999999999537e-02
7.163588999999999374e-02
7.903773000000000049e-02
7.556029000000000218e-02
7.202036000000000548e-02
7.060687000000000213e-02
7.174650000000000472e-02
7.324113000000000151e-02
7.571385999999999394e-02
7.689888999999999752e-02
7.784133000000000024e-02
7.343600999999999601e-02
5.902523999999999965e-02
