9.669719999999999704e-02
1.596487600000000007e-01
1.261114899999999928e-01
8.784514999999999685e-02
7.672465000000000535e-02
9.829754999999999743e-02
1.793121199999999915e-01
2.546734199999999837e-01
3.346012199999999770e-01
3.947693400000000241e-01
4.425938400000000161e-01
3.943218900000000082e-01
3.879380800000000185e-01
3.409701600000000221e-01
2.548015399999999930e-01
1.711336199999999863e-01
1.329112400000000138e-01
7.994278999999999968e-02
7.765196000000000598e-02
8.447296999999999445e-02
9.204350000000000032e-02
1.078608399999999995e-01
1.241881700000000005e-01
1.392632299999999879e-01
1.858908800000000083e-01
1.667060300000000050e-01
1.152122899999999950e-01
7.929946000000000217e-02
8.199294999999999500e-02
8.235249999999999515e-02
9.634199999999999708e-02
8.825344999999999718e-02
8.023138000000000492e-02
9.201673000000000491e-02
9.400825000000000153e-02
9.125998999999999917e-02
8.291134999999999478e-02
8.769575000000000287e-02
8.302354000000000678e-02
7.938059000000000087e-02
7.170403999999999667e-02
7.396086000000000327e-02
7.524820999999999593e-02
8.790504000000000373e-02
8.266268999999999700e-02
8.687546999999999631e-02
7.700094999999999856e-02
6.876609999999999667e-02
6.849299000000000359e-02
8.037850000000000550e-02
9.137312000000000212e-02
1.000635200000000030e-01
8.761805000000000287e-02
6.950340000000000684e-02
7.168505000000000016e-02
8.615499999999999547e-02
8.913833999999999647e-02
7.564107000000000469e-02
9.145097000000000642e-02
8.606721999999999984e-02
7.411657000000000661e-02
7.967834999999999501e-02
7.806103000000000347e-02
6.101840000000000042e-02
