5.161313000000000012e-02
9.751419000000000059e-02
1.618527800000000016e-01
3.341956099999999763e-01
4.543492199999999981e-01
5.063241099999999939e-01
5.473448600000000441e-01
5.136925599999999648e-01
4.835109699999999844e-01
4.389213299999999984e-01
4.488771300000000131e-01
2.725018300000000004e-01
2.019348400000000043e-01
1.445128199999999863e-01
9.913278000000000367e-02
1.024439800000000039e-01
1.032584200000000035e-01
1.021806999999999993e-01
1.290689299999999984e-01
1.270128500000000105e-01
1.918773199999999901e-01
2.104104300000000094e-01
1.628666699999999912e-01
1.126815800000000034e-01
1.137791699999999989e-01
9.703668000000000016e-02
1.143464399999999936e-01
1.000479199999999985e-01
1.120791500000000024e-01
1.014944499999999999e-01
7.726594000000000517e-02
8.548886999999999459e-02
8.608921999999999408e-02
7.221267000000000658e-02
6.971645999999999399e-02
7.117001000000000577e-02
8.782233999999999874e-02
9.679748999999999992e-02
8.921569999999999501e-02
7.717851000000000572e-02
7.426407999999999621e-02
8.904357999999999718e-02
9.898790999999999840e-02
9.521321000000000645e-02
7.283789999999999709e-02
7.607938000000000200e-02
8.820915000000000006e-02
8.664528999999999981e-02
7.934230999999999923e-02
9.555054000000000325e-02
7.373114000000000057e-02
6.902282999999999336e-02
7.898924000000000223e-02
1.026208900000000063e-01
1.097367900000000007e-01
9.423349000000000308e-02
8.936006999999999978e-02
7.934088000000000251e-02
7.766098000000000445e-02
7.730695999999999402e-02
8.672454000000000274e-02
7.637367000000000461e-02
9.314886999999999473e-02
6.231447999999999848e-02
