5.531462000000000184e-02
7.139613000000000209e-02
7.833133000000000457e-02
8.063639000000000223e-02
7.881799999999999917e-02
7.855283000000000404e-02
6.804488999999999677e-02
6.539103000000000276e-02
6.682414999999999883e-02
7.730151999999999857e-02
8.777542000000000677e-02
8.901320000000000066e-02
8.104045999999999472e-02
8.333854000000000262e-02
7.874021999999999966e-02
9.289733000000000018e-02
9.755885000000000251e-02
7.101712000000000302e-02
6.936926000000000203e-02
7.128858000000000417e-02
7.101910999999999641e-02
7.054243999999999792e-02
7.933289000000000313e-02
7.837639999999999885e-02
8.934100000000000374e-02
9.654870999999999592e-02
9.909909000000000079e-02
1.007464200000000032e-01
8.960785999999999751e-02
9.538012999999999353e-02
7.285171999999999481e-02
7.291565999999999326e-02
7.793195999999999457e-02
8.635864999999999514e-02
8.971788999999999459e-02
8.949748000000000425e-02
8.641063000000000216e-02
1.105956800000000018e-01
1.247255300000000011e-01
1.156234299999999993e-01
1.001971100000000059e-01
8.852076000000000389e-02
1.131383200000000006e-01
1.465744400000000003e-01
2.058566799999999863e-01
2.700018299999999982e-01
2.894488599999999745e-01
2.930880799999999731e-01
2.600918700000000028e-01
1.973197200000000040e-01
1.663984699999999928e-01
1.634589999999999932e-01
1.018122100000000002e-01
9.235231000000000690e-02
7.062656000000000489e-02
7.177451999999999444e-02
7.886276000000000397e-02
8.391440999999999484e-02
8.749629000000000434e-02
8.972159999999999858e-02
1.021630899999999981e-01
1.012872199999999973e-01
9.324701999999999991e-02
5.681710999999999706e-02
