1.833823199999999876e-01
4.739307799999999959e-01
5.372434900000000457e-01
5.524213300000000437e-01
4.713307299999999755e-01
4.215308400000000177e-01
3.460396199999999922e-01
2.563407100000000272e-01
1.628966299999999867e-01
1.282347600000000032e-01
1.171178499999999956e-01
1.028949799999999970e-01
1.002332400000000012e-01
9.563320000000000154e-02
1.080056900000000014e-01
1.403573800000000038e-01
1.462931500000000107e-01
1.972118200000000099e-01
1.646483099999999922e-01
1.078743999999999953e-01
9.742177999999999949e-02
8.439805999999999697e-02
7.715479999999999561e-02
7.663090999999999653e-02
9.183460000000000234e-02
9.467143999999999560e-02
6.923712999999999396e-02
7.090001999999999416e-02
7.977707000000000548e-02
7.618369999999999309e-02
7.308082000000000467e-02
7.280815000000000203e-02
7.454510999999999776e-02
6.827009000000000549e-02
6.722852999999999468e-02
6.699212999999999696e-02
7.143256000000000605e-02
7.525911000000000406e-02
8.182888000000000661e-02
8.133435999999999444e-02
6.788955000000000684e-02
7.457966000000000595e-02
8.307807999999999859e-02
9.478079999999999838e-02
9.863795000000000202e-02
8.380311999999999484e-02
6.775016999999999845e-02
6.967094999999999538e-02
7.312166999999999972e-02
7.154623999999999706e-02
7.420851000000000530e-02
7.262037999999999827e-02
6.854462999999999528e-02
6.580502000000000573e-02
6.657491999999999577e-02
6.840593999999999841e-02
7.381820999999999522e-02
7.838601000000000596e-02
8.203744999999999787e-02
6.919980000000000575e-02
6.671567000000000469e-02
6.711045999999999678e-02
6.328119999999999579e-02
5.362771000000000204e-02
