6.168289999999999884e-02
1.296771200000000068e-01
1.352351300000000089e-01
1.111067300000000008e-01
1.146519899999999953e-01
1.404874799999999979e-01
8.468836000000000419e-02
7.051340000000000385e-02
8.603637000000000090e-02
1.524543499999999885e-01
2.100795199999999918e-01
2.831115699999999791e-01
3.272718800000000150e-01
3.247632699999999928e-01
3.128893400000000158e-01
2.915861900000000229e-01
2.941780700000000137e-01
1.805191800000000013e-01
1.254225499999999938e-01
7.809739999999999738e-02
7.335848000000000368e-02
7.120405000000000484e-02
7.274614000000000080e-02
7.797616999999999743e-02
9.427607000000000348e-02
1.068049699999999991e-01
1.148723400000000033e-01
1.280112399999999984e-01
9.946876999999999802e-02
8.566482999999999737e-02
7.994273999999999825e-02
7.180103000000000180e-02
8.326910999999999341e-02
8.248790000000000289e-02
8.052244999999999542e-02
8.384220000000000561e-02
7.498908999999999436e-02
6.942574999999999441e-02
6.994380000000000042e-02
6.730977000000000487e-02
6.566025000000000333e-02
6.951828999999999648e-02
6.689124999999999932e-02
6.667375000000000385e-02
6.595579999999999499e-02
6.572943000000000535e-02
7.076301000000000119e-02
7.863291000000000031e-02
7.522204000000000390e-02
7.306727000000000360e-02
7.059306999999999388e-02
6.568661000000000638e-02
6.682747999999999466e-02
7.724981999999999682e-02
8.221760999999999653e-02
7.849482000000000681e-02
7.480317000000000216e-02
7.333969999999999378e-02
6.937616000000000616e-02
7.040548000000000639e-02
8.025831999999999411e-02
7.590330000000000688e-02
7.761685999999999586e-02
5.840522000000000075e-02
