9.278706999999999927e-02
1.963993300000000108e-01
2.267956000000000139e-01
2.264673899999999906e-01
2.002621400000000051e-01
1.975080399999999958e-01
1.802529499999999951e-01
1.204936300000000043e-01
8.306768999999999958e-02
7.341527000000000469e-02
6.846531000000000144e-02
6.685024000000000521e-02
6.848761000000000432e-02
8.692223999999999784e-02
8.598400000000000487e-02
8.789835999999999483e-02
8.554857000000000433e-02
1.133387500000000020e-01
1.094378200000000051e-01
9.113909000000000593e-02
8.455648999999999804e-02
7.861192999999999653e-02
7.464933999999999459e-02
7.092284000000000088e-02
7.151799000000000350e-02
7.424699999999999356e-02
6.617816999999999450e-02
6.735976000000000463e-02
7.509369000000000460e-02
7.487958999999999588e-02
6.633007000000000486e-02
6.552286000000000221e-02
6.692960000000000576e-02
6.639831999999999679e-02
6.587389999999999912e-02
6.641611999999999516e-02
6.531380000000000519e-02
6.968425000000000313e-02
7.786038000000000681e-02
9.087006000000000250e-02
7.524909000000000459e-02
7.731150999999999995e-02
6.939898999999999374e-02
8.528125999999999762e-02
9.050658999999999788e-02
8.952678999999999498e-02
7.562794000000000461e-02
6.756202999999999514e-02
6.706246999999999903e-02
6.514678999999999609e-02
7.341324999999999934e-02
8.315593000000000290e-02
8.211277000000000159e-02
7.828448000000000351e-02
8.140324999999999644e-02
7.683041999999999649e-02
7.496748000000000300e-02
8.634198999999999347e-02
8.632383999999999891e-02
7.254362999999999784e-02
7.233810999999999714e-02
6.730073999999999779e-02
6.478902000000000272e-02
6.453393000000000324e-02
