5.406493999999999883e-02
6.898042999999999536e-02
6.830302000000000595e-02
7.213242000000000265e-02
1.021362100000000050e-01
1.075522299999999987e-01
1.409915399999999985e-01
1.726264499999999869e-01
2.118263999999999980e-01
2.380860300000000040e-01
2.773523900000000042e-01
2.399651899999999949e-01
1.738008600000000015e-01
1.488674600000000070e-01
8.901130999999999627e-02
7.183850999999999432e-02
6.919314000000000020e-02
6.812775000000000081e-02
6.804322000000000148e-02
7.176164999999999627e-02
7.598581000000000085e-02
7.734135999999999789e-02
8.219634000000000662e-02
8.205070000000000419e-02
8.759720999999999480e-02
8.685792999999999986e-02
7.993770000000000042e-02
6.665983999999999798e-02
6.934145999999999366e-02
7.193911000000000056e-02
7.361069000000000639e-02
7.138909000000000227e-02
7.002163000000000137e-02
7.278171999999999420e-02
7.241298000000000179e-02
6.913516999999999579e-02
7.004902999999999824e-02
7.276758999999999311e-02
7.327108000000000232e-02
6.814435000000000631e-02
6.614926999999999613e-02
6.808633000000000046e-02
7.322985999999999385e-02
7.443964000000000136e-02
7.015274000000000509e-02
6.760576000000000085e-02
6.583229999999999638e-02
6.610949000000000686e-02
6.492457999999999563e-02
6.648545999999999623e-02
7.401758999999999422e-02
7.466965000000000408e-02
7.434179000000000481e-02
6.599056999999999840e-02
6.957857000000000625e-02
7.515715000000000590e-02
7.605127000000000415e-02
7.326153999999999999e-02
7.733173999999999604e-02
8.147422999999999471e-02
6.853428000000000297e-02
7.292777000000000287e-02
7.233333000000000124e-02
5.565529000000000309e-02
