5.420751000000000042e-02
7.395828000000000124e-02
9.521169999999999634e-02
8.863788999999999696e-02
8.514243000000000505e-02
9.217477000000000309e-02
7.021101999999999899e-02
8.841788999999999898e-02
8.382639999999999536e-02
1.219455799999999979e-01
9.252585000000000670e-02
1.017118800000000045e-01
7.765315000000000412e-02
7.380562000000000233e-02
8.204656999999999922e-02
1.095093300000000019e-01
1.568418400000000101e-01
8.987480000000000468e-02
9.894574000000000424e-02
9.846989000000000436e-02
1.359346999999999916e-01
1.279185899999999987e-01
1.087247400000000003e-01
9.525187000000000237e-02
7.173680999999999808e-02
9.802995999999999932e-02
1.335715100000000044e-01
2.953993699999999945e-01
4.114330999999999960e-01
4.035522300000000118e-01
3.959578000000000264e-01
3.771569100000000119e-01
2.950859399999999910e-01
1.979632699999999967e-01
1.211693100000000023e-01
8.283166000000000140e-02
8.172869000000000661e-02
7.488678999999999475e-02
7.897745000000000459e-02
9.360720000000000152e-02
1.172952399999999951e-01
1.086302999999999991e-01
1.365568799999999916e-01
1.438768699999999900e-01
1.548085800000000012e-01
9.528619000000000672e-02
8.177808000000000299e-02
6.945714000000000055e-02
8.173370000000000635e-02
8.751216000000000550e-02
1.003538999999999959e-01
9.306730000000000558e-02
8.283219999999999472e-02
8.607367000000000490e-02
7.663530999999999815e-02
8.403384999999999327e-02
8.294711000000000445e-02
7.154085000000000305e-02
7.664746000000000059e-02
8.226033000000000650e-02
9.407363000000000530e-02
8.429280999999999580e-02
7.291409000000000085e-02
5.946101000000000164e-02
