5.267257000000000189e-02
6.940243000000000106e-02
7.420374000000000414e-02
8.670207000000000608e-02
9.016291999999999363e-02
1.012162600000000023e-01
6.887606000000000284e-02
7.262802999999999620e-02
7.070658999999999972e-02
7.156692000000000609e-02
8.033168000000000253e-02
7.652475999999999723e-02
7.002756999999999732e-02
6.587463999999999820e-02
6.921747000000000316e-02
7.701636000000000593e-02
7.658257000000000259e-02
7.223802999999999475e-02
7.268658999999999537e-02
9.272181999999999646e-02
1.165726299999999965e-01
1.271065000000000111e-01
1.216395100000000062e-01
9.234101000000000115e-02
7.582305000000000295e-02
8.273954999999999504e-02
1.129222399999999932e-01
1.485324199999999983e-01
1.054475200000000029e-01
1.070559900000000036e-01
1.098394500000000051e-01
1.293555200000000016e-01
1.234287699999999932e-01
8.329590000000000605e-02
7.818184999999999718e-02
8.801241999999999399e-02
1.066307100000000035e-01
1.282082200000000116e-01
2.041330500000000103e-01
2.129186100000000081e-01
2.126873400000000025e-01
2.290486700000000098e-01
2.136900700000000097e-01
1.484531799999999901e-01
9.813800999999999775e-02
7.884818000000000382e-02
7.460624999999999896e-02
7.408335000000000614e-02
7.360398999999999414e-02
7.210758000000000445e-02
8.235581000000000151e-02
1.007786799999999955e-01
1.199814500000000034e-01
1.464063999999999921e-01
1.439122100000000126e-01
1.483271300000000015e-01
1.244290700000000027e-01
7.784773999999999861e-02
7.902641000000000526e-02
7.073804999999999676e-02
7.057027999999999912e-02
8.061712999999999518e-02
7.848806999999999312e-02
5.712835000000000135e-02
