5.290501999999999705e-02
6.560583000000000387e-02
6.314675999999999623e-02
6.411505000000000676e-02
6.355682999999999472e-02
6.752935000000000187e-02
6.670608000000000093e-02
6.747288999999999370e-02
7.040325999999999529e-02
6.830526000000000653e-02
6.634755000000000513e-02
6.434845999999999622e-02
6.453984999999999583e-02
6.707050999999999985e-02
6.899500000000000077e-02
7.027961000000000624e-02
6.788616000000000095e-02
6.644121000000000055e-02
6.450077999999999367e-02
6.713766999999999652e-02
6.696061000000000374e-02
7.030480000000000063e-02
7.138659999999999450e-02
6.710866999999999527e-02
6.662819999999999854e-02
6.935357000000000327e-02
7.073414000000000090e-02
6.841279000000000110e-02
6.693552999999999309e-02
6.484589000000000325e-02
6.576885000000000370e-02
6.611751000000000433e-02
6.780750000000000666e-02
6.781023999999999385e-02
6.680887000000000631e-02
6.876435999999999660e-02
6.674676000000000220e-02
7.102169999999999317e-02
6.775731999999999589e-02
6.539391999999999427e-02
6.483970999999999485e-02
6.565832000000000612e-02
7.110497999999999819e-02
7.404444000000000303e-02
7.444894000000000511e-02
7.300737999999999672e-02
7.719341000000000397e-02
7.681387000000000631e-02
7.277699999999999447e-02
6.796243000000000423e-02
6.678715000000000346e-02
6.838144000000000167e-02
7.093009000000000119e-02
8.054954000000000280e-02
9.918796000000000557e-02
9.998596999999999346e-02
1.134230100000000047e-01
1.076524999999999982e-01
1.056594399999999934e-01
1.011804599999999998e-01
9.578187000000000506e-02
9.789841999999999989e-02
7.767997999999999570e-02
5.392687000000000175e-02
