1.215244199999999941e-01
2.527285499999999963e-01
2.202727299999999999e-01
1.981631699999999996e-01
1.348131300000000032e-01
1.225584400000000046e-01
1.101089900000000038e-01
8.332132999999999901e-02
6.893989000000000367e-02
7.304286000000000112e-02
7.414505999999999875e-02
7.525366999999999473e-02
8.021259000000000028e-02
9.680661999999999601e-02
1.150273799999999985e-01
1.214667400000000036e-01
1.076585099999999989e-01
1.101572200000000001e-01
9.540650000000000519e-02
8.175652999999999393e-02
7.771351999999999427e-02
7.567379999999999940e-02
7.578002999999999822e-02
6.841832000000000469e-02
7.085663999999999851e-02
8.061145000000000116e-02
8.036293999999999382e-02
7.258955000000000268e-02
7.504217000000000526e-02
7.279259000000000424e-02
7.265861999999999321e-02
7.554238000000000619e-02
7.386352000000000195e-02
6.822635999999999978e-02
6.855764000000000302e-02
7.449456000000000133e-02
7.528754000000000002e-02
7.518147000000000024e-02
6.969838999999999896e-02
6.918306000000000455e-02
7.137892999999999322e-02
7.030308000000000390e-02
8.037935999999999692e-02
7.791032000000000513e-02
7.935090000000000199e-02
7.001266999999999907e-02
7.574641999999999487e-02
8.013320000000000165e-02
7.662757000000000596e-02
7.207376000000000060e-02
6.905722000000000249e-02
6.678188999999999653e-02
6.705619999999999636e-02
7.154581000000000135e-02
7.006959999999999578e-02
7.020071999999999424e-02
7.015910000000000202e-02
6.846855999999999776e-02
6.833332999999999768e-02
6.860752000000000517e-02
6.842362000000000444e-02
6.967297000000000073e-02
6.846692000000000056e-02
5.341491999999999768e-02
