6.576471999999999873e-02
9.291425000000000378e-02
7.902726999999999669e-02
6.914552999999999672e-02
7.501529999999999310e-02
8.714900999999999898e-02
8.494677000000000477e-02
8.662501000000000229e-02
7.663003000000000176e-02
6.985500999999999516e-02
6.813520000000000687e-02
6.565406999999999493e-02
7.270405000000000617e-02
7.041788999999999688e-02
8.872541999999999929e-02
7.565460000000000240e-02
7.266271000000000535e-02
6.746323999999999377e-02
7.683146999999999893e-02
6.907697000000000143e-02
8.251218000000000441e-02
7.941547000000000189e-02
1.039236600000000010e-01
1.343288099999999929e-01
1.169399799999999989e-01
1.111385399999999940e-01
9.379970999999999448e-02
7.671656000000000308e-02
7.436868000000000645e-02
7.988536000000000248e-02
1.020929899999999946e-01
1.201116400000000056e-01
1.292392199999999880e-01
1.137452000000000046e-01
1.342379900000000015e-01
1.282176100000000096e-01
9.430723000000000578e-02
9.621080999999999384e-02
1.066094100000000017e-01
1.717535400000000101e-01
2.113376700000000052e-01
3.777477699999999827e-01
5.379531400000000518e-01
5.229475500000000388e-01
4.468862100000000059e-01
4.005042899999999850e-01
2.900453199999999954e-01
2.255434699999999959e-01
1.733803200000000044e-01
1.108463900000000030e-01
8.493383000000000183e-02
8.486905000000000143e-02
9.707285000000000219e-02
1.281392699999999996e-01
1.946861000000000008e-01
2.325105100000000036e-01
2.357716300000000098e-01
1.880655900000000047e-01
1.840149000000000090e-01
1.743237699999999890e-01
1.522384999999999988e-01
1.132312000000000041e-01
8.304369000000000334e-02
5.593933000000000239e-02
