8.498265000000000680e-02
2.722199900000000228e-01
3.295080100000000178e-01
3.902660600000000257e-01
4.287436600000000264e-01
4.413941499999999851e-01
4.083457899999999863e-01
2.754871199999999742e-01
1.916961699999999991e-01
1.422508799999999962e-01
1.251236599999999977e-01
8.330993999999999899e-02
7.660387999999999920e-02
7.814918999999999338e-02
8.215469000000000244e-02
8.776583999999999774e-02
9.784663999999999862e-02
1.356120299999999945e-01
1.496323200000000131e-01
1.184945899999999969e-01
1.324159799999999887e-01
1.219202999999999953e-01
1.059650300000000017e-01
8.324420000000000430e-02
7.260843999999999632e-02
7.827607999999999788e-02
7.217970999999999415e-02
8.100053999999999588e-02
7.984629000000000032e-02
1.009830800000000028e-01
7.523454999999999726e-02
7.040164000000000144e-02
6.823063000000000045e-02
6.783744999999999359e-02
7.018319000000000640e-02
7.321935999999999722e-02
6.771246000000000209e-02
7.181566999999999812e-02
7.882746000000000197e-02
8.699469999999999426e-02
7.403437999999999686e-02
8.553655000000000286e-02
7.335569999999999591e-02
8.057833000000000356e-02
8.715874999999999317e-02
9.466810999999999976e-02
7.650590999999999642e-02
7.345234999999999959e-02
6.817342999999999320e-02
6.764014000000000137e-02
6.968836000000000475e-02
7.781108999999999942e-02
8.197625000000000051e-02
8.046879999999999311e-02
8.460376000000000007e-02
7.483030999999999711e-02
7.219385000000000385e-02
8.864753000000000216e-02
9.333141999999999827e-02
7.759728999999999932e-02
7.507366999999999513e-02
6.799230000000000551e-02
6.536848000000000658e-02
6.112420999999999827e-02
