5.158121999999999707e-02
8.083677999999999697e-02
7.165523000000000031e-02
7.206427999999999445e-02
7.307204000000000477e-02
6.976738999999999857e-02
6.431609000000000631e-02
6.499858000000000025e-02
6.909927999999999904e-02
7.577090000000000214e-02
7.699867000000000516e-02
7.387195000000000566e-02
7.030195000000000194e-02
7.530568999999999458e-02
7.772872999999999588e-02
7.093736999999999959e-02
7.499762999999999569e-02
7.239516999999999480e-02
7.053268000000000038e-02
7.157950999999999897e-02
6.889720000000000566e-02
7.574160000000000614e-02
7.678424999999999834e-02
6.722045000000000103e-02
7.059479999999999922e-02
7.061541000000000345e-02
7.584725999999999968e-02
7.841947999999999974e-02
8.361251999999999573e-02
8.385926000000000491e-02
9.543659000000000170e-02
8.568119000000000429e-02
8.880324000000000551e-02
8.178385999999999989e-02
7.744697999999999860e-02
7.477504999999999569e-02
8.569290000000000240e-02
1.005642300000000045e-01
1.032547800000000043e-01
7.931032999999999833e-02
8.351190999999999476e-02
9.947132000000000196e-02
1.045048600000000050e-01
1.116593399999999958e-01
9.577283999999999797e-02
7.810340000000000338e-02
8.938553000000000470e-02
1.082507199999999947e-01
1.722360099999999949e-01
2.124571700000000007e-01
2.590803500000000148e-01
2.364858800000000094e-01
2.184395000000000087e-01
2.213577200000000078e-01
2.015341499999999952e-01
1.502173400000000048e-01
1.132684500000000066e-01
9.195507999999999460e-02
7.777584999999999360e-02
6.688929000000000402e-02
6.748324999999999463e-02
6.705455000000000443e-02
6.891168000000000293e-02
5.575480000000000019e-02
