5.114323999999999953e-02
6.643815999999999611e-02
6.398265999999999676e-02
6.378288999999999487e-02
6.397890999999999995e-02
6.603634999999999367e-02
6.363858000000000015e-02
6.454387999999999792e-02
6.612155999999999589e-02
6.836106999999999601e-02
6.684086000000000194e-02
6.640279999999999794e-02
6.516300999999999344e-02
6.394213999999999454e-02
6.636100999999999805e-02
6.964538000000000673e-02
7.023849000000000065e-02
6.712933000000000094e-02
6.262938999999999312e-02
6.436791000000000040e-02
6.454928999999999528e-02
7.123472000000000137e-02
7.565017999999999743e-02
6.522782000000000580e-02
6.350616000000000594e-02
6.480046000000000417e-02
6.744392000000000442e-02
6.697459999999999525e-02
6.955609000000000097e-02
6.634808000000000372e-02
6.428963000000000039e-02
6.584123999999999532e-02
6.813611999999999447e-02
6.827416999999999514e-02
6.604627999999999888e-02
6.898050999999999489e-02
6.810415000000000219e-02
7.719123999999999430e-02
7.217410999999999965e-02
6.549697999999999631e-02
6.530729999999999869e-02
6.512547000000000474e-02
6.963555999999999913e-02
7.512069999999999859e-02
8.004319000000000017e-02
7.467508999999999952e-02
7.431284999999999974e-02
8.355369999999999464e-02
8.392001000000000321e-02
8.372209999999999375e-02
7.751708999999999683e-02
8.171651000000000609e-02
6.903238999999999903e-02
7.850155999999999801e-02
1.161757999999999957e-01
1.295307699999999895e-01
1.628448399999999907e-01
1.951930699999999963e-01
2.090609400000000007e-01
2.189938700000000071e-01
1.979525400000000102e-01
1.866812599999999878e-01
1.174380899999999950e-01
5.590562999999999783e-02
