5.322622999999999938e-02
9.416238000000000385e-02
1.138053499999999996e-01
1.267568599999999990e-01
1.497840400000000072e-01
1.125711999999999963e-01
1.108940199999999959e-01
7.566585000000000671e-02
8.167663999999999480e-02
8.691050000000000164e-02
8.629713999999999441e-02
8.751536999999999511e-02
1.035871700000000062e-01
1.114899399999999957e-01
1.484528200000000131e-01
1.408999099999999893e-01
1.507679100000000050e-01
1.517790900000000054e-01
1.090957099999999985e-01
8.335396000000000472e-02
8.290938999999999948e-02
1.519338500000000092e-01
2.575819500000000040e-01
2.880743399999999843e-01
3.680226799999999909e-01
4.169838100000000103e-01
3.803109499999999810e-01
3.004781599999999941e-01
2.209588299999999950e-01
1.378334200000000120e-01
1.012722399999999995e-01
7.414395999999999487e-02
7.931188000000000127e-02
8.311248999999999720e-02
8.476561000000000512e-02
1.083371000000000056e-01
1.121378499999999973e-01
1.881508400000000136e-01
1.934796300000000135e-01
1.312247699999999906e-01
9.885684999999999611e-02
8.366389999999999938e-02
7.345608000000000692e-02
8.268024999999999680e-02
9.240515000000000534e-02
9.095377000000000323e-02
7.518439999999999845e-02
8.973651000000000544e-02
8.810730999999999424e-02
8.428357999999999683e-02
7.445095000000000185e-02
6.791737999999999942e-02
7.006434000000000273e-02
7.812233000000000371e-02
8.755699999999999594e-02
8.405975999999999726e-02
7.167537999999999687e-02
7.210376000000000285e-02
8.360576999999999592e-02
8.178294999999999315e-02
8.847483000000000430e-02
8.373698999999999726e-02
9.630526000000000364e-02
5.868560999999999916e-02
