5.685445000000000082e-02
7.034232999999999458e-02
6.577871999999999886e-02
6.762355999999999923e-02
6.685101999999999711e-02
7.185263999999999540e-02
6.419307999999999959e-02
6.446773999999999560e-02
7.144807000000000241e-02
7.826993999999999618e-02
7.127448000000000117e-02
7.060168999999999473e-02
6.942329999999999335e-02
6.637368000000000434e-02
6.778001000000000165e-02
7.796980000000000577e-02
7.452137000000000344e-02
7.142534999999999856e-02
6.811572000000000460e-02
6.671575000000000422e-02
6.816500000000000337e-02
8.146143999999999608e-02
8.784222999999999337e-02
6.948323000000000693e-02
6.961056000000000188e-02
6.802550999999999737e-02
7.749040000000000095e-02
7.524219000000000046e-02
7.480547999999999365e-02
7.128170000000000339e-02
6.791084000000000009e-02
6.795023000000000035e-02
7.508786000000000627e-02
7.245442000000000549e-02
6.906674999999999620e-02
7.207721000000000267e-02
6.658930999999999878e-02
8.551901000000000641e-02
8.076798999999999784e-02
6.863226999999999522e-02
6.737862999999999492e-02
6.542380000000000417e-02
7.303603999999999652e-02
8.466828999999999328e-02
9.686111000000000026e-02
9.288348999999999911e-02
9.165613000000000232e-02
1.107286199999999998e-01
9.674317999999999806e-02
9.981354000000000615e-02
9.630387999999999449e-02
9.903264999999999985e-02
7.120384000000000435e-02
8.790246000000000171e-02
1.548712399999999934e-01
1.722511800000000037e-01
2.601073099999999805e-01
2.898756000000000110e-01
3.452138599999999835e-01
3.430955700000000164e-01
3.136964400000000208e-01
2.844327099999999775e-01
1.975897100000000017e-01
5.954736000000000057e-02
