5.202115000000000211e-02
6.694592000000000598e-02
7.250908999999999827e-02
8.715245000000000630e-02
8.826254000000000044e-02
9.084899999999999920e-02
7.570677000000000656e-02
8.629734000000000016e-02
9.528129999999999933e-02
1.057442299999999946e-01
1.271071599999999968e-01
1.027854400000000057e-01
6.998152000000000539e-02
7.103700999999999766e-02
7.566425999999999708e-02
1.202587199999999995e-01
1.539264499999999924e-01
1.760913899999999865e-01
2.249163499999999871e-01
2.461670800000000103e-01
2.660050400000000259e-01
2.140541800000000106e-01
1.680653500000000022e-01
1.194267200000000001e-01
7.881029000000000506e-02
7.109762000000000026e-02
6.988925999999999472e-02
7.043346999999999802e-02
7.797985999999999807e-02
9.117791999999999564e-02
9.828378000000000114e-02
9.817462999999999884e-02
1.122649200000000042e-01
1.036930100000000021e-01
9.591238000000000541e-02
7.290172999999999792e-02
7.225536999999999932e-02
7.530974000000000002e-02
7.719409000000000687e-02
7.896669000000000604e-02
7.239647000000000443e-02
7.148417999999999439e-02
7.775867999999999669e-02
7.620314000000000254e-02
6.938682000000000183e-02
7.097662000000000415e-02
6.757019999999999693e-02
6.830479000000000411e-02
6.508057999999999899e-02
6.634956000000000187e-02
7.138050999999999424e-02
7.823921999999999821e-02
7.847542000000000406e-02
7.602209999999999523e-02
7.456727000000000494e-02
7.165883000000000669e-02
6.990862000000000465e-02
6.988566000000000222e-02
6.681441000000000463e-02
6.800011999999999723e-02
7.281421000000000421e-02
7.649996000000000573e-02
7.593518000000000490e-02
5.656967999999999719e-02
