6.930184999999999818e-02
2.629523300000000119e-01
3.294684900000000027e-01
3.975822299999999809e-01
3.836889299999999836e-01
3.834578699999999785e-01
3.438500800000000024e-01
2.113659400000000022e-01
1.469773400000000119e-01
1.152118800000000026e-01
1.141923700000000014e-01
7.999604999999999910e-02
7.910201999999999511e-02
8.672090999999999827e-02
8.321831000000000367e-02
1.351296899999999968e-01
1.570855999999999919e-01
2.043829299999999904e-01
1.936268100000000103e-01
1.332421199999999917e-01
1.241450300000000034e-01
1.030716700000000041e-01
8.742927999999999811e-02
8.178506000000000664e-02
8.740676999999999475e-02
9.415793000000000079e-02
6.818340999999999985e-02
7.301844999999999863e-02
7.914369000000000265e-02
8.614755000000000329e-02
7.502412999999999443e-02
7.428685000000000149e-02
7.305103999999999764e-02
6.789309000000000316e-02
6.776529000000000580e-02
6.701537000000000466e-02
6.482066000000000217e-02
7.228716000000000308e-02
8.018646000000000107e-02
8.387501999999999458e-02
6.915633000000000197e-02
7.362156000000000255e-02
7.609433999999999643e-02
8.662815000000000099e-02
8.485568999999999751e-02
7.494800999999999547e-02
6.886246999999999507e-02
6.727964999999999640e-02
6.965106999999999549e-02
6.811256999999999728e-02
7.042808999999999875e-02
7.153247000000000078e-02
6.739241999999999455e-02
6.623228999999999922e-02
6.651621000000000616e-02
7.045154000000000694e-02
7.075813999999999715e-02
7.061812000000000644e-02
7.033601000000000436e-02
6.516109000000000484e-02
6.455073000000000061e-02
6.709429999999999561e-02
6.458745999999999932e-02
5.471477000000000285e-02
