5.709673999999999999e-02
7.206121000000000054e-02
7.107631000000000365e-02
7.681324000000000485e-02
7.062997999999999499e-02
7.139362999999999959e-02
6.749950999999999868e-02
6.596498000000000639e-02
6.965267999999999460e-02
6.992652000000000589e-02
7.615505000000000191e-02
6.794284000000000434e-02
7.074906000000000250e-02
7.735155000000000503e-02
8.443122000000000127e-02
8.357470000000000176e-02
7.399068999999999785e-02
7.044142000000000459e-02
6.745927999999999647e-02
6.811367000000000116e-02
7.208201000000000191e-02
7.287725000000000453e-02
7.768371999999999777e-02
7.459040999999999588e-02
7.649735000000000562e-02
8.927116999999999691e-02
9.477512999999999910e-02
9.710146000000000055e-02
7.982240999999999642e-02
7.325811999999999602e-02
8.999545999999999935e-02
1.130478600000000000e-01
1.365675500000000098e-01
1.884051399999999987e-01
1.712391400000000119e-01
1.867043399999999964e-01
1.869054599999999955e-01
1.593636300000000061e-01
1.123824900000000016e-01
8.583857999999999766e-02
6.931084999999999330e-02
6.673613999999999935e-02
6.798732000000000386e-02
7.140903999999999308e-02
7.302454999999999363e-02
8.063426999999999401e-02
8.431903000000000314e-02
8.933467000000000491e-02
7.661023999999999612e-02
8.219366999999999646e-02
7.362085000000000157e-02
8.224196999999999758e-02
7.078697999999999935e-02
7.398978000000000499e-02
7.483552000000000259e-02
7.577585000000000570e-02
7.572515999999999969e-02
7.957870000000000221e-02
9.055364999999999942e-02
7.669091999999999576e-02
7.686065999999999732e-02
7.959370999999999807e-02
7.161636999999999864e-02
5.613975000000000215e-02
