6.270312000000000108e-02
8.579493000000000535e-02
1.110184399999999960e-01
2.434459499999999943e-01
3.539596199999999748e-01
4.278737899999999761e-01
4.982966500000000076e-01
5.335153900000000338e-01
5.420297400000000376e-01
5.268756700000000182e-01
5.219657399999999559e-01
4.025063500000000127e-01
3.264639999999999764e-01
2.313537599999999916e-01
1.111447700000000038e-01
9.318492000000000441e-02
9.500719999999999998e-02
7.850595999999999963e-02
9.028192999999999635e-02
1.081730100000000000e-01
1.370135399999999892e-01
1.548561300000000085e-01
1.517481999999999998e-01
1.174184300000000042e-01
1.273344799999999999e-01
1.088548200000000049e-01
1.020715400000000023e-01
8.744035999999999476e-02
9.202884000000000064e-02
8.263384999999999481e-02
7.235247999999999680e-02
7.217054999999999998e-02
7.264642999999999795e-02
7.211020999999999403e-02
7.248256000000000143e-02
6.876712999999999576e-02
7.350068999999999353e-02
8.152520000000000600e-02
8.042285000000000406e-02
6.802526000000000406e-02
6.716249000000000524e-02
7.254280000000000450e-02
8.964758000000000449e-02
8.710518999999999901e-02
7.560023000000000437e-02
6.728747000000000200e-02
7.056518999999999986e-02
7.645067999999999309e-02
8.298181999999999781e-02
9.473520000000000552e-02
8.845028000000000612e-02
8.055943999999999605e-02
6.593728999999999563e-02
7.932284000000000557e-02
9.343671000000000615e-02
9.682366000000000583e-02
9.086513999999999702e-02
7.017407999999999979e-02
6.787366999999999706e-02
7.073416999999999899e-02
7.252772000000000385e-02
7.462910999999999850e-02
9.712305999999999717e-02
6.322294000000000525e-02
