5.864243000000000233e-02
7.704893999999999632e-02
7.253360000000000363e-02
7.126108999999999916e-02
7.884768000000000332e-02
8.032034999999999869e-02
7.272362999999999744e-02
7.074445999999999513e-02
7.225740999999999414e-02
8.141387999999999403e-02
8.089825000000000488e-02
1.011906000000000055e-01
9.497962999999999545e-02
9.451719999999999566e-02
8.835079999999999323e-02
7.690977000000000230e-02
8.204374000000000389e-02
7.976099999999999857e-02
8.832470000000000598e-02
8.535333999999999977e-02
8.987282000000000604e-02
1.004351099999999941e-01
1.174377900000000002e-01
1.158059200000000066e-01
9.363287000000000693e-02
7.894511999999999363e-02
7.378068000000000126e-02
8.859519999999999895e-02
1.743421099999999946e-01
2.432338300000000120e-01
3.208075499999999969e-01
3.664897999999999767e-01
3.790909100000000032e-01
3.300078200000000073e-01
2.379279400000000044e-01
1.562246499999999927e-01
1.180431200000000014e-01
7.637375000000000413e-02
7.088315000000000587e-02
7.216859999999999942e-02
8.213220000000000243e-02
1.090509100000000009e-01
1.457441299999999995e-01
1.322142199999999934e-01
1.296448000000000045e-01
1.086022900000000041e-01
9.075869999999999771e-02
8.730110000000000647e-02
7.797131000000000201e-02
7.150333000000000383e-02
8.711444999999999605e-02
8.673683999999999561e-02
7.995373000000000063e-02
8.030558000000000141e-02
8.980857000000000423e-02
8.900956999999999619e-02
8.506801999999999420e-02
8.150361999999999885e-02
8.251097999999999766e-02
9.023509999999999864e-02
9.411274999999999502e-02
8.076229999999999520e-02
8.783710000000000129e-02
5.884849000000000330e-02
