8.092079000000000633e-02
1.260170200000000074e-01
1.091538900000000034e-01
9.344565999999999983e-02
7.551513999999999449e-02
7.676768000000000480e-02
7.451600999999999364e-02
8.371612000000000497e-02
9.575804999999999734e-02
1.002067299999999939e-01
1.074899400000000060e-01
1.407772599999999874e-01
1.383577699999999910e-01
1.628536700000000059e-01
1.730789699999999987e-01
1.077392800000000067e-01
7.485753000000000545e-02
7.105314999999999548e-02
1.089653700000000058e-01
1.961629699999999921e-01
2.827551400000000159e-01
3.881235699999999733e-01
3.881172500000000247e-01
3.528150899999999979e-01
3.025630999999999737e-01
2.240424299999999869e-01
1.592253600000000102e-01
1.066131699999999932e-01
7.918674000000000546e-02
7.349640999999999813e-02
8.310344000000000064e-02
1.021448699999999987e-01
1.064753799999999945e-01
1.464592799999999972e-01
1.735554599999999947e-01
1.276216699999999926e-01
1.340524100000000107e-01
1.165289500000000061e-01
9.656083999999999501e-02
8.117655000000000010e-02
9.730173999999999768e-02
9.750090000000000146e-02
8.480943999999999983e-02
7.341298000000000268e-02
6.974389000000000283e-02
7.737268999999999397e-02
7.775208999999999593e-02
6.801485000000000170e-02
7.345463000000000686e-02
7.527230000000000032e-02
7.620126000000000677e-02
8.591047999999999740e-02
7.116010999999999864e-02
6.932958999999999650e-02
7.348377000000000381e-02
7.924654999999999894e-02
8.433864000000000638e-02
8.311559000000000308e-02
1.026971899999999938e-01
9.538634999999999475e-02
7.010850000000000415e-02
6.790411000000000363e-02
7.093151000000000317e-02
5.776200000000000084e-02
