5.048263000000000056e-02
8.334830999999999490e-02
1.172787500000000011e-01
1.141838899999999962e-01
1.278437699999999955e-01
1.408858299999999897e-01
1.298280199999999884e-01
7.940970999999999447e-02
7.746881999999999380e-02
8.033060999999999674e-02
1.031605000000000022e-01
1.504873899999999987e-01
2.887880800000000026e-01
3.665004399999999829e-01
3.431282299999999785e-01
3.507434999999999858e-01
3.397673399999999733e-01
2.729144700000000201e-01
1.817164000000000001e-01
1.022100199999999987e-01
8.000213999999999936e-02
7.622086000000000139e-02
7.557785999999999671e-02
7.110861999999999739e-02
8.945685999999999916e-02
9.316431999999999491e-02
1.242806699999999959e-01
1.473116700000000057e-01
1.383083499999999966e-01
1.185683399999999943e-01
1.162397599999999975e-01
9.155839999999999812e-02
9.462674000000000085e-02
1.016168100000000019e-01
9.195530000000000370e-02
9.975697000000000036e-02
9.659320999999999879e-02
7.265436000000000116e-02
7.669980999999999327e-02
7.673322000000000476e-02
7.967607000000000161e-02
6.826071000000000222e-02
6.945708000000000437e-02
7.230135000000000034e-02
7.483082000000000622e-02
6.834062000000000470e-02
7.160286999999999902e-02
8.520234000000000141e-02
8.957228000000000412e-02
9.785509000000000568e-02
9.504012000000000571e-02
7.118774999999999409e-02
6.774206000000000671e-02
7.620820000000000372e-02
8.261678000000000077e-02
8.160794000000000381e-02
8.384727000000000152e-02
7.751579999999999582e-02
7.029159999999999575e-02
7.287095000000000378e-02
7.725766000000000577e-02
7.441818999999999518e-02
7.764965000000000062e-02
5.776259999999999728e-02
