6.113074000000000285e-02
9.896787999999999419e-02
1.248661600000000038e-01
1.217177100000000067e-01
1.084878400000000020e-01
1.687742799999999987e-01
1.491141300000000114e-01
1.488126700000000080e-01
1.713799400000000084e-01
9.961087000000000413e-02
1.204118400000000061e-01
7.581319999999999726e-02
1.685364500000000043e-01
2.099457999999999880e-01
2.912166099999999869e-01
3.955816300000000174e-01
4.648749799999999932e-01
4.092724899999999888e-01
3.549400600000000017e-01
2.610211399999999848e-01
1.906808000000000114e-01
1.304889800000000044e-01
8.283060000000000422e-02
7.386552999999999869e-02
8.378180000000000349e-02
8.342679000000000067e-02
1.085166000000000047e-01
1.204594999999999971e-01
1.126334400000000013e-01
1.664481299999999997e-01
1.792291099999999970e-01
1.279908399999999946e-01
1.043550099999999980e-01
7.735042999999999780e-02
7.877755999999999648e-02
9.304192999999999492e-02
8.859152000000000693e-02
7.770262999999999476e-02
7.185524999999999551e-02
8.000448000000000282e-02
7.680765000000000509e-02
7.315944000000000613e-02
6.996175000000000310e-02
6.737029999999999408e-02
6.802121999999999336e-02
7.506524000000000529e-02
7.044356999999999702e-02
7.674749000000000154e-02
7.425453999999999388e-02
8.013006000000000295e-02
9.367480999999999725e-02
8.516943999999999904e-02
8.156188999999999800e-02
7.407270000000000520e-02
6.861618999999999358e-02
7.047040999999999722e-02
7.596453999999999707e-02
7.643347999999999809e-02
8.192723000000000366e-02
7.809138000000000190e-02
6.457346999999999393e-02
7.016276999999999930e-02
7.312140000000000306e-02
6.009252999999999817e-02
