6.043381999999999921e-02
8.702827999999999953e-02
8.515917000000000625e-02
8.601707999999999577e-02
8.156657000000000490e-02
8.474238000000000604e-02
7.123277000000000081e-02
7.297172999999999854e-02
7.699156999999999529e-02
6.973184999999999800e-02
7.530547999999999409e-02
7.307537000000000060e-02
7.236473000000000211e-02
7.466148000000000229e-02
8.220043999999999962e-02
7.883639000000000618e-02
7.099869999999999792e-02
8.521943999999999353e-02
9.661740000000000606e-02
1.131347000000000047e-01
1.432461600000000113e-01
1.083391999999999966e-01
9.253023000000000498e-02
7.124257999999999980e-02
9.116191999999999351e-02
1.021266900000000061e-01
9.709239999999999537e-02
9.936001999999999335e-02
1.031855099999999942e-01
1.139186499999999963e-01
1.022452600000000045e-01
1.283644700000000083e-01
1.230647899999999934e-01
9.320475999999999761e-02
7.001226000000000671e-02
1.048189600000000027e-01
1.610515600000000103e-01
2.926438699999999726e-01
4.004906999999999773e-01
3.602365299999999992e-01
2.716583300000000034e-01
1.928009800000000107e-01
1.422606100000000096e-01
1.311392899999999917e-01
8.239182000000000450e-02
7.110763999999999974e-02
7.310242000000000129e-02
9.194963999999999915e-02
8.854302999999999479e-02
9.938436999999999966e-02
1.290222099999999983e-01
1.727342799999999901e-01
1.667198500000000028e-01
1.731105599999999967e-01
1.263030599999999948e-01
1.018118600000000040e-01
9.469152000000000124e-02
8.359937000000000618e-02
7.507537999999999712e-02
9.035145999999999455e-02
9.541626000000000274e-02
1.003599399999999947e-01
1.264184999999999892e-01
5.885742000000000057e-02
