5.264764999999999723e-02
6.740517000000000036e-02
8.863395000000000301e-02
7.885379000000000693e-02
8.244205000000000283e-02
8.528612000000000692e-02
7.517388999999999322e-02
7.528687000000000573e-02
7.942594999999999517e-02
9.872226000000000612e-02
8.809216000000000268e-02
9.191040999999999794e-02
8.706419999999999437e-02
7.643059000000000658e-02
7.738987999999999423e-02
8.362028999999999990e-02
1.053042800000000001e-01
8.589971999999999885e-02
8.353096999999999606e-02
8.589059000000000277e-02
1.185220300000000004e-01
1.224811299999999936e-01
1.358464699999999969e-01
1.013664299999999935e-01
7.749108999999999858e-02
7.924976999999999716e-02
9.673756999999999495e-02
1.748842700000000083e-01
2.978752900000000148e-01
3.043567799999999934e-01
3.371241400000000166e-01
3.598680799999999791e-01
3.197357100000000063e-01
2.458004699999999931e-01
1.301016700000000026e-01
8.574229999999999352e-02
7.956286999999999388e-02
7.517880999999999869e-02
7.591414000000000495e-02
8.435726999999999809e-02
1.128370800000000063e-01
1.069600500000000010e-01
1.288900199999999940e-01
1.260111200000000042e-01
1.272947600000000068e-01
8.955169000000000323e-02
7.817878000000000327e-02
6.891461000000000114e-02
7.352084999999999870e-02
8.147316000000000280e-02
9.414148999999999434e-02
8.959570999999999508e-02
8.037036999999999654e-02
8.595767999999999465e-02
7.180216000000000376e-02
7.915589000000000652e-02
8.464510999999999563e-02
7.776824000000000237e-02
7.612194999999999379e-02
8.511960999999999833e-02
1.006503200000000015e-01
7.460949000000000053e-02
6.733643999999999741e-02
5.911564999999999875e-02
