6.074029000000000234e-02
9.144006999999999830e-02
9.455152000000000001e-02
9.344075999999999771e-02
9.808796999999999655e-02
1.243331200000000053e-01
1.248186500000000032e-01
1.028060199999999980e-01
9.203980000000000494e-02
7.179721000000000020e-02
7.391894000000000242e-02
8.313776999999999973e-02
1.566478599999999999e-01
2.238149600000000072e-01
2.768709100000000256e-01
3.140492400000000073e-01
3.588604899999999764e-01
3.292346299999999726e-01
2.508399499999999782e-01
1.871888600000000125e-01
1.394759299999999980e-01
9.955165000000000541e-02
7.579624000000000084e-02
7.221117999999999981e-02
6.781471999999999500e-02
7.353616000000000319e-02
8.659395999999999760e-02
9.233030999999999877e-02
9.690321999999999825e-02
1.358398299999999947e-01
1.578382000000000118e-01
1.034911599999999987e-01
9.411152000000000406e-02
8.127616999999999481e-02
8.899730999999999614e-02
8.879386999999999697e-02
7.963792999999999567e-02
7.020062000000000524e-02
7.314853000000000327e-02
7.964630000000000321e-02
8.207511000000000667e-02
7.236309000000000491e-02
6.687970999999999500e-02
6.811035999999999480e-02
6.491281999999999608e-02
7.088337000000000110e-02
7.090414999999999912e-02
7.249442999999999859e-02
6.679042000000000312e-02
7.107141000000000153e-02
8.667909000000000030e-02
8.356109999999999927e-02
8.112141000000000490e-02
6.995740000000000292e-02
6.765245999999999760e-02
6.707090999999999748e-02
6.737953000000000692e-02
7.093726000000000198e-02
7.231756999999999769e-02
7.086014000000000201e-02
6.422147999999999746e-02
6.749948999999999533e-02
6.592070999999999348e-02
5.597596999999999989e-02
