5.491104000000000124e-02
6.763350999999999391e-02
6.618896000000000501e-02
7.043481999999999521e-02
7.298417999999999572e-02
7.226227999999999818e-02
6.845453999999999428e-02
6.654741999999999602e-02
6.460452999999999335e-02
6.976084000000000451e-02
7.517311999999999605e-02
6.736248999999999709e-02
6.822435000000000305e-02
7.061861999999999306e-02
7.232792999999999861e-02
8.077571999999999530e-02
8.461193999999999660e-02
9.089371999999999729e-02
7.681248000000000242e-02
7.098846999999999796e-02
6.814109999999999612e-02
6.961957000000000562e-02
8.050609000000000237e-02
8.626601000000000408e-02
7.984267999999999921e-02
7.955956000000000139e-02
7.798699000000000603e-02
9.548070999999999642e-02
9.681128999999999429e-02
8.984314000000000189e-02
7.683302000000000187e-02
6.810138000000000302e-02
8.030328000000000466e-02
1.060568199999999961e-01
1.240894899999999967e-01
1.435288299999999961e-01
1.721175899999999870e-01
1.706128899999999893e-01
1.558102399999999887e-01
1.186199299999999984e-01
9.304447000000000412e-02
8.028728999999999727e-02
7.134281000000000650e-02
7.026422000000000223e-02
7.005875999999999770e-02
7.027182999999999347e-02
7.479563999999999657e-02
8.377882000000000384e-02
8.178720999999999908e-02
8.609369999999999523e-02
9.605374999999999330e-02
8.671763999999999861e-02
7.766987000000000196e-02
8.394221999999999795e-02
7.159894999999999454e-02
7.822297999999999751e-02
7.041928999999999550e-02
7.655030000000000168e-02
6.642902000000000529e-02
6.981523000000000589e-02
7.824175999999999354e-02
8.160491000000000272e-02
7.910166000000000419e-02
5.623886000000000163e-02
