5.628306000000000281e-02
8.272558000000000689e-02
1.099829400000000013e-01
1.027461100000000016e-01
9.680735000000000035e-02
1.293767200000000006e-01
1.249533699999999942e-01
1.192526500000000017e-01
1.156715999999999994e-01
9.117711000000000565e-02
8.312192999999999665e-02
7.791555999999999482e-02
1.313271199999999916e-01
1.934258500000000103e-01
2.410527600000000048e-01
3.473669300000000182e-01
3.860257899999999798e-01
3.419382000000000255e-01
3.102751100000000206e-01
2.476834699999999889e-01
1.922742400000000129e-01
1.251690699999999934e-01
1.004220299999999955e-01
7.842530000000000334e-02
6.784784000000000648e-02
7.546579999999999955e-02
8.590541999999999623e-02
8.848000000000000309e-02
9.520388000000000461e-02
1.404632600000000064e-01
1.551098200000000094e-01
1.220773099999999944e-01
1.200221000000000066e-01
8.656874000000000513e-02
9.442182999999999826e-02
8.524313999999999503e-02
8.065548999999999635e-02
7.987215000000000287e-02
7.908179999999999377e-02
8.850521999999999556e-02
8.257414000000000420e-02
7.639086999999999961e-02
7.133602999999999472e-02
7.002545999999999771e-02
6.876211999999999602e-02
7.278196000000000665e-02
7.364982000000000473e-02
7.272778000000000576e-02
6.675314000000000247e-02
7.026691000000000187e-02
8.548429000000000444e-02
8.311546999999999685e-02
7.836495999999999740e-02
7.857306000000000012e-02
6.902552000000000687e-02
7.163037999999999350e-02
6.810995000000000243e-02
6.985286000000000273e-02
7.600170000000000536e-02
7.135838999999999377e-02
6.993241000000000041e-02
7.180739999999999346e-02
6.614654999999999840e-02
5.712934000000000068e-02
