5.818082000000000115e-02
7.204006999999999772e-02
6.799344000000000221e-02
6.894922000000000550e-02
6.765696000000000210e-02
7.113624999999999809e-02
6.748102999999999740e-02
7.144794999999999618e-02
8.110866999999999383e-02
8.202020000000000144e-02
7.612099999999999422e-02
7.540610000000000368e-02
6.990514000000000450e-02
6.822064999999999380e-02
7.000228999999999480e-02
8.366009000000000639e-02
8.116916999999999882e-02
7.511943999999999566e-02
6.875820000000000543e-02
6.985666999999999571e-02
7.619671999999999557e-02
9.730919000000000374e-02
1.003672699999999945e-01
7.698101000000000249e-02
6.919224000000000208e-02
7.728603000000000556e-02
8.963300000000000434e-02
7.953225999999999352e-02
8.286153999999999742e-02
7.011341999999999575e-02
6.881713000000000413e-02
7.128911999999999749e-02
8.114554000000000211e-02
9.119223999999999386e-02
7.165006000000000153e-02
8.056831999999999883e-02
8.012647000000000519e-02
9.284166000000000640e-02
7.968991000000000269e-02
7.084714999999999763e-02
6.855853000000000641e-02
7.638472999999999791e-02
8.212766999999999984e-02
7.757720999999999367e-02
8.990326999999999347e-02
9.502372000000000596e-02
1.064746800000000021e-01
1.065979199999999988e-01
9.997670000000000168e-02
8.852087999999999623e-02
8.302648999999999446e-02
8.496995000000000242e-02
7.794241000000000363e-02
9.044942000000000260e-02
1.416008500000000003e-01
1.799272100000000041e-01
1.793999199999999905e-01
1.835290800000000111e-01
2.268578599999999945e-01
2.572886300000000181e-01
2.076217999999999952e-01
1.962792299999999990e-01
1.263468100000000038e-01
5.642036999999999747e-02
