5.898143000000000136e-02
8.229928000000000243e-02
7.379977999999999538e-02
8.223070000000000379e-02
1.017102399999999934e-01
1.091912800000000017e-01
1.267702300000000115e-01
1.140762099999999973e-01
1.020335799999999987e-01
7.922946999999999629e-02
7.041920999999999597e-02
7.151348999999999900e-02
7.855194000000000065e-02
1.039455299999999943e-01
1.278013699999999975e-01
1.238575400000000021e-01
1.161866200000000043e-01
1.179687499999999972e-01
1.324776699999999918e-01
1.465245299999999862e-01
1.411687000000000081e-01
8.288984000000000629e-02
9.469684999999999908e-02
1.228690399999999988e-01
2.266056399999999971e-01
3.204859199999999797e-01
3.456235200000000174e-01
3.294951300000000249e-01
3.253696300000000208e-01
2.385157300000000091e-01
1.812825100000000078e-01
1.241407600000000028e-01
1.014422400000000030e-01
7.529329999999999357e-02
7.677019999999999678e-02
8.513666000000000289e-02
9.632203999999999766e-02
1.225242700000000046e-01
1.443507400000000052e-01
1.259960099999999916e-01
1.310602999999999907e-01
1.076352399999999931e-01
8.744804999999999939e-02
7.482379999999999587e-02
7.278370000000000672e-02
7.596622000000000097e-02
7.866571999999999454e-02
8.525884999999999714e-02
7.581451999999999636e-02
8.299143000000000492e-02
7.387990999999999309e-02
6.994965999999999684e-02
7.262939000000000200e-02
7.646833000000000102e-02
8.118185999999999458e-02
7.278097000000000039e-02
6.901226000000000582e-02
6.959753000000000467e-02
6.767581999999999764e-02
6.761804999999999899e-02
6.941065999999999903e-02
7.731306999999999763e-02
8.588726000000000693e-02
5.729516999999999943e-02
