6.338923999999999948e-02
8.449270999999999865e-02
7.633673000000000541e-02
7.234538000000000080e-02
6.888618000000000519e-02
7.220836999999999395e-02
7.093842000000000203e-02
7.343112999999999724e-02
8.350048000000000192e-02
1.016521900000000034e-01
1.073497399999999991e-01
1.306067300000000042e-01
1.332844199999999868e-01
1.291827399999999904e-01
1.010161400000000043e-01
8.016976000000000657e-02
6.883886000000000172e-02
8.249919000000000002e-02
1.283712100000000134e-01
1.841550899999999935e-01
2.870243199999999995e-01
3.409842599999999835e-01
3.109167800000000037e-01
2.600175699999999757e-01
2.366603300000000021e-01
1.828546699999999969e-01
1.330489699999999886e-01
7.683745000000000158e-02
6.967827999999999522e-02
7.658460999999999741e-02
8.177715000000000678e-02
1.042036800000000069e-01
1.185365599999999991e-01
1.306220100000000106e-01
1.552793199999999985e-01
1.131880100000000056e-01
1.108478799999999959e-01
1.011160100000000062e-01
8.586720999999999937e-02
8.442921000000000453e-02
8.942429000000000350e-02
9.030715000000000270e-02
9.336345999999999534e-02
7.262520999999999560e-02
7.106957999999999331e-02
7.838531999999999444e-02
7.732010999999999745e-02
6.841532000000000169e-02
6.938304000000000693e-02
7.715289999999999648e-02
8.200543999999999889e-02
8.831508000000000413e-02
7.119066999999999756e-02
7.005980000000000540e-02
6.851654000000000078e-02
7.763617000000000434e-02
9.069878000000000662e-02
9.569010000000000016e-02
1.120675200000000038e-01
9.831465000000000343e-02
7.266749999999999599e-02
6.978144999999999487e-02
7.017294000000000309e-02
5.840694999999999915e-02
