6.422339999999999993e-02
9.715943000000000496e-02
8.618386999999999576e-02
1.381671399999999938e-01
2.745242099999999907e-01
3.210915899999999823e-01
4.126082999999999834e-01
4.673375200000000063e-01
4.785790100000000269e-01
4.808652999999999955e-01
5.168573300000000037e-01
4.560081100000000220e-01
3.849391600000000024e-01
2.506554400000000071e-01
1.251980400000000104e-01
9.330318999999999419e-02
8.471040999999999987e-02
7.234342000000000550e-02
7.659457999999999545e-02
9.894398999999999555e-02
1.139342899999999936e-01
1.429212199999999877e-01
1.485020099999999899e-01
1.238018300000000016e-01
1.548477400000000115e-01
1.519246999999999959e-01
1.363206100000000087e-01
8.898585999999999996e-02
9.244750000000000190e-02
8.435885999999999385e-02
8.945429000000000574e-02
7.287525000000000253e-02
7.673657999999999868e-02
7.153550999999999660e-02
7.606143999999999405e-02
7.205269000000000257e-02
6.963663999999999965e-02
8.339882999999999325e-02
7.980143000000000653e-02
6.528715000000000213e-02
6.624778000000000611e-02
6.810529999999999362e-02
8.352276999999999618e-02
9.120361999999999914e-02
7.506314999999999515e-02
7.178600000000000259e-02
6.840562000000000031e-02
6.639809000000000683e-02
7.368834000000000495e-02
8.765826999999999647e-02
8.358350999999999975e-02
8.118622999999999812e-02
7.468400000000000039e-02
7.437365999999999422e-02
8.048885000000000067e-02
8.570983000000000074e-02
8.149148999999999976e-02
6.908290000000000264e-02
7.501655000000000129e-02
6.882950999999999653e-02
6.317565999999999460e-02
6.694078000000000528e-02
7.401166000000000689e-02
5.572861999999999955e-02
