1.365403799999999890e-01
1.726771349999999816e-01
2.088138900000000020e-01
2.224684399999999895e-01
1.934532399999999985e-01
1.742040800000000111e-01
1.385443199999999986e-01
1.205209399999999931e-01
8.100361000000000367e-02
7.782369000000000092e-02
7.261507000000000378e-02
7.072491999999999668e-02
8.675979999999999803e-02
1.010198699999999977e-01
1.064419699999999969e-01
1.247725100000000031e-01
1.184622599999999998e-01
1.403731000000000007e-01
1.146854199999999963e-01
9.440761999999999765e-02
8.263408999999999338e-02
7.740263999999999478e-02
7.602519000000000637e-02
7.296170000000000433e-02
7.793909000000000253e-02
9.613840999999999359e-02
7.247489999999999488e-02
7.204251000000000404e-02
7.417334000000000427e-02
7.304228999999999583e-02
6.817383000000000470e-02
7.177532000000000356e-02
7.650903000000000564e-02
7.251027000000000167e-02
7.452780999999999989e-02
6.832359999999999822e-02
7.080002999999999991e-02
8.092019999999999769e-02
8.767663000000000539e-02
8.449587999999999544e-02
6.505652000000000656e-02
8.251764999999999795e-02
9.044140000000000512e-02
1.058797800000000067e-01
1.144563900000000051e-01
7.457421000000000189e-02
6.774750000000000216e-02
7.694536000000000431e-02
8.896877000000000257e-02
8.116819000000000117e-02
8.239765999999999757e-02
7.858033999999999852e-02
6.855619999999999770e-02
6.667879000000000167e-02
7.060946999999999363e-02
8.073998000000000286e-02
8.014293000000000111e-02
7.266524000000000594e-02
7.184870999999999619e-02
7.174099000000000448e-02
7.459593000000000473e-02
8.571146999999999794e-02
7.238542000000000587e-02
6.027046999999999960e-02
