5.670941000000000176e-02
7.292242000000000168e-02
7.092521000000000242e-02
6.526307000000000635e-02
6.797279000000000515e-02
8.039704999999999768e-02
9.128677000000000319e-02
9.883464999999999612e-02
1.047130599999999967e-01
8.763885000000000425e-02
7.339265000000000372e-02
6.684805000000000608e-02
7.373657000000000128e-02
7.939100000000000323e-02
7.764363000000000514e-02
8.521249999999999658e-02
7.209039000000000419e-02
6.989813999999999750e-02
7.439854999999999385e-02
7.907590000000000452e-02
7.763512999999999664e-02
7.227089000000000429e-02
8.011828000000000005e-02
7.256413000000000446e-02
7.468028000000000166e-02
8.360244000000000009e-02
7.778857000000000133e-02
7.425721000000000405e-02
6.836153999999999842e-02
7.242410999999999988e-02
6.684652000000000649e-02
7.432648999999999506e-02
7.043681000000000247e-02
7.708610999999999935e-02
7.580683000000000560e-02
8.814429999999999488e-02
7.219691999999999776e-02
7.565890999999999589e-02
7.411571999999999605e-02
7.521500000000000408e-02
7.755774000000000001e-02
7.814593000000000234e-02
8.289240000000000497e-02
9.252280000000000226e-02
1.175889100000000048e-01
1.392513400000000012e-01
1.656547300000000000e-01
1.693062300000000020e-01
1.029353499999999949e-01
9.607456000000000329e-02
7.751818000000000597e-02
9.969886000000000026e-02
1.320790199999999914e-01
2.211683399999999911e-01
3.286795900000000215e-01
3.551231599999999933e-01
3.615090499999999984e-01
3.553343400000000263e-01
3.813932800000000012e-01
3.182479699999999911e-01
2.558963599999999894e-01
1.823123399999999894e-01
1.479642399999999969e-01
6.245797000000000154e-02
