5.767632000000000314e-02
9.241510999999999476e-02
7.199023999999999701e-02
7.919004999999999794e-02
8.576171000000000488e-02
8.720260999999999985e-02
7.390022000000000257e-02
7.181226999999999749e-02
8.875500999999999530e-02
7.124526000000000470e-02
7.928395000000000581e-02
1.010276199999999985e-01
1.177645400000000009e-01
9.864559000000000522e-02
1.187391799999999997e-01
9.372471999999999748e-02
7.074798999999999671e-02
7.793725999999999432e-02
8.776689000000000018e-02
7.756143999999999539e-02
1.075805999999999985e-01
8.229654000000000136e-02
1.125308899999999945e-01
1.599700000000000011e-01
9.755474000000000090e-02
1.390774300000000019e-01
9.076059999999999683e-02
1.124574500000000005e-01
7.671936999999999507e-02
1.401995400000000114e-01
1.982364799999999927e-01
1.934740500000000085e-01
2.548774200000000212e-01
3.564152400000000220e-01
2.749540200000000212e-01
3.016038799999999909e-01
2.649336199999999808e-01
1.298153400000000013e-01
1.045544199999999951e-01
1.018427900000000025e-01
1.064604900000000048e-01
1.227661500000000044e-01
1.064817900000000067e-01
8.480875000000000219e-02
1.092526199999999947e-01
1.417736599999999958e-01
1.238051899999999955e-01
1.212244199999999994e-01
1.091028799999999993e-01
8.438258999999999344e-02
7.260163999999999507e-02
8.559954999999999647e-02
8.463075000000000458e-02
7.042650000000000299e-02
1.134532800000000036e-01
1.172675299999999948e-01
8.678975999999999358e-02
9.580065999999999582e-02
1.243670500000000068e-01
9.955042000000000058e-02
7.035141999999999785e-02
9.032113999999999421e-02
7.648760000000000281e-02
5.881242999999999888e-02
