5.640354999999999674e-02
8.377026999999999390e-02
1.339167699999999905e-01
1.881663399999999875e-01
2.781200099999999731e-01
3.282419400000000098e-01
3.894152900000000250e-01
4.118093299999999735e-01
4.027620000000000089e-01
3.957976699999999903e-01
3.622264000000000039e-01
2.429287099999999922e-01
1.631073700000000015e-01
9.982739000000000196e-02
8.032875000000000432e-02
7.835757999999999612e-02
7.451198000000000543e-02
8.460779000000000216e-02
9.362686000000000619e-02
1.050558199999999942e-01
1.341207899999999897e-01
1.646572500000000050e-01
1.407963600000000093e-01
1.038507099999999989e-01
1.060924200000000067e-01
8.784667999999999644e-02
9.171245000000000092e-02
7.867865999999999749e-02
9.190845999999999738e-02
9.159577000000000691e-02
6.935824000000000156e-02
7.088651999999999453e-02
7.554666999999999633e-02
7.136444000000000121e-02
6.651928000000000007e-02
7.170778999999999348e-02
7.734976000000000351e-02
8.063587999999999312e-02
7.695096999999999354e-02
7.098506000000000260e-02
6.884550000000000392e-02
7.465225000000000333e-02
8.849772000000000194e-02
8.084413000000000016e-02
6.781605999999999745e-02
7.542152000000000578e-02
7.716404000000000318e-02
7.606391999999999320e-02
7.369636000000000242e-02
7.789015000000000521e-02
7.210592999999999864e-02
6.669748999999999817e-02
6.965881000000000156e-02
8.866074999999999651e-02
9.481404999999999694e-02
8.563592999999999900e-02
8.414515999999999663e-02
7.356219999999999426e-02
7.464822000000000124e-02
7.279368999999999423e-02
8.178718999999999573e-02
7.037562999999999458e-02
8.685086999999999668e-02
5.944822000000000300e-02
