6.655534999999999923e-02
1.294706499999999927e-01
2.934552400000000061e-01
4.381694800000000001e-01
5.221074799999999572e-01
5.771289499999999739e-01
5.986310799999999821e-01
5.681387199999999860e-01
5.476579099999999700e-01
4.980729799999999985e-01
4.996064599999999745e-01
3.059413100000000219e-01
2.369632100000000074e-01
1.446065300000000109e-01
1.074787999999999993e-01
9.889043000000000139e-02
1.008047200000000004e-01
1.190169600000000050e-01
1.378777200000000092e-01
1.381589300000000131e-01
1.972088399999999964e-01
2.053089300000000006e-01
1.689482900000000010e-01
1.151408800000000010e-01
1.046682500000000043e-01
8.803123999999999671e-02
9.573938999999999366e-02
1.048003400000000057e-01
1.012011599999999983e-01
1.212450199999999950e-01
7.897218999999999767e-02
7.864462999999999315e-02
8.029131999999999936e-02
6.856674000000000102e-02
7.018001000000000100e-02
7.963945999999999525e-02
7.875551000000000079e-02
8.707729000000000164e-02
7.859971999999999792e-02
7.713530000000000386e-02
7.146204999999999918e-02
7.638483999999999552e-02
8.172638999999999598e-02
7.529300999999999355e-02
6.995197000000000220e-02
7.261407000000000278e-02
7.284778000000000087e-02
7.403912999999999467e-02
7.038577999999999502e-02
6.790305000000000646e-02
6.602695000000000092e-02
6.603565999999999603e-02
6.856776000000000537e-02
7.077207000000000636e-02
7.854081000000000257e-02
7.038605000000000556e-02
6.940683999999999743e-02
6.932128999999999375e-02
7.018736999999999893e-02
6.743414000000000352e-02
6.825295000000000667e-02
6.553486999999999507e-02
6.453383000000000036e-02
5.300060999999999661e-02
