5.137835000000000318e-02
7.217713000000000600e-02
6.993343999999999949e-02
6.703294999999999393e-02
6.548855000000000648e-02
6.770289000000000168e-02
6.622052999999999967e-02
6.654580000000000217e-02
6.392817000000000638e-02
6.698929000000000689e-02
6.951934999999999365e-02
6.763705999999999885e-02
6.442132000000000414e-02
6.793915000000000370e-02
7.122755999999999532e-02
7.338361000000000189e-02
7.508072999999999830e-02
6.521531999999999329e-02
6.560644999999999671e-02
6.644759999999999556e-02
7.200895999999999686e-02
6.837227999999999362e-02
7.138558000000000403e-02
7.226006000000000096e-02
7.520805999999999325e-02
8.136176999999999992e-02
8.616482000000000308e-02
7.674913999999999348e-02
6.988318000000000307e-02
6.733466999999999925e-02
7.713812999999999920e-02
8.360074000000000671e-02
8.840170999999999446e-02
8.406164000000000691e-02
9.268389999999999962e-02
1.028977100000000033e-01
1.050208299999999956e-01
1.086597100000000066e-01
8.968821999999999905e-02
7.287730000000000596e-02
8.027629000000000015e-02
1.240489899999999979e-01
1.710479000000000027e-01
2.319306299999999987e-01
2.513875400000000204e-01
2.470992999999999939e-01
2.441570799999999986e-01
2.063716399999999951e-01
1.630838799999999866e-01
8.830190000000000261e-02
8.218040000000000067e-02
8.079279000000000321e-02
7.152166999999999553e-02
6.783527999999999780e-02
7.705755999999999717e-02
7.908716000000000357e-02
9.046497000000000566e-02
7.914411000000000362e-02
7.922883999999999483e-02
9.314469000000000221e-02
1.005927499999999947e-01
8.949099000000000637e-02
7.111873999999999973e-02
5.506964999999999777e-02
