5.845473000000000335e-02
9.218353999999999437e-02
9.098465999999999498e-02
7.816085999999999867e-02
7.492102999999999957e-02
7.082367000000000523e-02
7.619860999999999995e-02
9.742257999999999474e-02
1.316662399999999900e-01
1.568562199999999907e-01
1.749745199999999945e-01
1.810072100000000017e-01
1.923877599999999910e-01
1.746960700000000088e-01
1.338177000000000116e-01
1.198133400000000043e-01
1.055534899999999998e-01
8.191714999999999414e-02
6.924033999999999744e-02
7.119553000000000686e-02
7.350711999999999524e-02
7.027809999999999613e-02
7.754688999999999333e-02
8.008669999999999678e-02
9.299938000000000649e-02
1.011526700000000001e-01
9.122323000000000237e-02
7.717778999999999612e-02
7.242084000000000021e-02
7.001021999999999801e-02
7.420421000000000655e-02
7.145911000000000624e-02
7.560635999999999746e-02
8.605578999999999312e-02
7.765255999999999548e-02
7.849103999999999803e-02
7.470596999999999654e-02
6.778876999999999819e-02
7.080479000000000633e-02
7.049009000000000524e-02
6.581373999999999558e-02
6.979689999999999506e-02
6.599128999999999412e-02
7.074851999999999530e-02
6.879879999999999329e-02
7.352148000000000017e-02
7.433122999999999814e-02
7.488332999999999795e-02
7.321879000000000581e-02
6.732006000000000101e-02
6.880139000000000393e-02
7.063105000000000078e-02
7.273416000000000603e-02
7.223071999999999826e-02
7.006007000000000207e-02
6.857338999999999796e-02
6.610145000000000604e-02
6.678779999999999439e-02
6.930356999999999490e-02
7.212377000000000371e-02
7.295203999999999578e-02
7.151019999999999599e-02
6.595568999999999737e-02
5.455684999999999701e-02
