6.089946999999999722e-02
8.069065999999999739e-02
7.661867999999999457e-02
8.453565000000000385e-02
8.378910000000000524e-02
8.086185999999999374e-02
7.373630000000000462e-02
6.858986000000000249e-02
6.779625999999999708e-02
8.212982000000000615e-02
9.072081999999999369e-02
8.322959000000000607e-02
6.983691999999999678e-02
7.219855000000000023e-02
8.073310000000000208e-02
7.507041000000000408e-02
8.274950000000000361e-02
8.522936000000000401e-02
7.845771999999999469e-02
6.973622999999999628e-02
7.617153000000000118e-02
9.052738999999999925e-02
8.800649000000000666e-02
7.996841999999999839e-02
6.787247000000000419e-02
6.857754000000000627e-02
8.809029999999999638e-02
1.017327799999999949e-01
1.051018499999999967e-01
9.614409000000000149e-02
9.181865000000000165e-02
8.534651000000000043e-02
1.269249600000000033e-01
1.103495399999999960e-01
8.395086999999999688e-02
7.956818000000000224e-02
1.084992899999999982e-01
1.299010499999999901e-01
1.512070399999999870e-01
1.151012800000000003e-01
1.029023200000000055e-01
1.384387199999999873e-01
1.662323500000000009e-01
1.636187699999999967e-01
1.299784499999999954e-01
8.542262999999999940e-02
9.842481000000000146e-02
1.256847100000000050e-01
2.831102600000000025e-01
3.862613400000000086e-01
4.284252800000000194e-01
4.536174199999999934e-01
4.641789800000000188e-01
4.867528700000000041e-01
4.285477400000000103e-01
2.744912199999999802e-01
1.684035700000000024e-01
1.373290699999999975e-01
9.880131000000000330e-02
7.585733000000000059e-02
7.254494999999999694e-02
7.591686000000000267e-02
7.829294000000000531e-02
5.885328000000000087e-02
