5.879990999999999690e-02
7.269438000000000288e-02
8.322390999999999817e-02
8.190875000000000239e-02
7.342200999999999589e-02
6.718910999999999634e-02
6.644046000000000674e-02
6.594284999999999730e-02
6.599373999999999518e-02
7.324851999999999752e-02
7.064368999999999510e-02
7.182165000000000077e-02
9.202520999999999618e-02
9.793707000000000107e-02
1.199247799999999947e-01
1.093984499999999943e-01
1.032051499999999955e-01
7.893580000000000041e-02
6.672970999999999764e-02
7.033939999999999637e-02
9.483254000000000683e-02
1.474604300000000034e-01
1.759051799999999943e-01
1.897218400000000027e-01
1.890694800000000120e-01
2.079005999999999910e-01
1.826994100000000065e-01
1.127671900000000033e-01
9.827866000000000379e-02
7.088266000000000011e-02
6.689570999999999712e-02
7.245464000000000071e-02
7.722420000000000673e-02
8.664605999999999697e-02
1.020048000000000066e-01
1.040313800000000066e-01
1.169286400000000004e-01
1.181113500000000038e-01
1.108803700000000059e-01
7.700266000000000055e-02
6.809363999999999695e-02
7.862969000000000208e-02
7.250347999999999515e-02
7.337322999999999762e-02
7.742630999999999819e-02
7.828435999999999728e-02
7.230733000000000299e-02
7.411328000000000360e-02
7.269303000000000570e-02
7.119820999999999789e-02
7.578424999999999745e-02
7.537309999999999843e-02
7.537512999999999852e-02
7.135658999999999752e-02
7.605178999999999412e-02
7.348370999999999376e-02
7.351206000000000407e-02
7.545820999999999779e-02
9.433663000000000465e-02
9.393387000000000264e-02
9.217210000000000680e-02
7.841517000000000626e-02
7.786253999999999398e-02
5.677538000000000029e-02
