6.571791000000000438e-02
1.120982199999999984e-01
1.574551200000000040e-01
1.637801799999999974e-01
1.594166300000000036e-01
2.219745200000000085e-01
1.484736399999999901e-01
7.376447999999999339e-02
8.959166999999999825e-02
1.346661899999999912e-01
1.601886499999999880e-01
2.633441699999999885e-01
4.314536199999999821e-01
5.155889399999999956e-01
4.886284499999999920e-01
4.895925199999999755e-01
4.840691699999999931e-01
3.764160899999999810e-01
2.128149900000000094e-01
1.170233400000000035e-01
8.551130999999999316e-02
7.788829999999999365e-02
7.952964999999999340e-02
8.903938999999999604e-02
1.229531400000000024e-01
1.269137899999999985e-01
1.519567199999999896e-01
1.877768900000000019e-01
1.673979899999999965e-01
1.463547799999999899e-01
1.204361000000000043e-01
8.782732999999999512e-02
9.243339000000000416e-02
1.141407599999999939e-01
1.037877400000000033e-01
1.135809900000000067e-01
1.001634299999999977e-01
7.403197000000000250e-02
7.820154999999999468e-02
7.737750999999999657e-02
8.277136000000000216e-02
6.942297999999999525e-02
7.324635000000000173e-02
7.345712999999999548e-02
7.533336000000000199e-02
7.030166999999999666e-02
7.289091999999999794e-02
8.612150000000000361e-02
9.446954000000000462e-02
9.408410999999999857e-02
9.203888000000000347e-02
7.520425999999999500e-02
7.093528999999999807e-02
7.441665000000000085e-02
8.543641999999999903e-02
8.290690000000000559e-02
8.819718999999999476e-02
7.735208000000000361e-02
6.892204000000000386e-02
7.220181000000000515e-02
8.949091000000000684e-02
8.229345999999999883e-02
8.365308999999999939e-02
6.055830999999999714e-02
