5.584333999999999826e-02
6.738853999999999678e-02
7.046784999999999854e-02
8.463125999999999982e-02
1.152554999999999968e-01
1.398602300000000020e-01
1.683369600000000077e-01
1.929657899999999981e-01
1.947962000000000027e-01
1.969287799999999977e-01
2.019071100000000007e-01
1.535916499999999962e-01
1.287043700000000124e-01
1.135158400000000067e-01
7.941446000000000616e-02
7.141250999999999849e-02
7.060650999999999733e-02
7.177922000000000469e-02
7.592637000000000691e-02
7.752668000000000059e-02
8.123813000000000561e-02
9.353060000000000540e-02
9.423740999999999368e-02
8.068219999999999559e-02
9.120517000000000207e-02
8.094104000000000576e-02
7.737897000000000525e-02
6.959951999999999805e-02
7.103286999999999796e-02
7.110289999999999666e-02
6.769395999999999747e-02
6.727028999999999648e-02
6.990256000000000247e-02
6.834310000000000385e-02
6.546502999999999350e-02
6.604060999999999959e-02
6.712305999999999828e-02
6.768043999999999449e-02
6.884266999999999470e-02
6.541371999999999465e-02
6.326882999999999813e-02
6.520341000000000331e-02
6.985900999999999916e-02
6.864306000000000574e-02
6.692186999999999442e-02
6.584164000000000683e-02
6.676506000000000107e-02
6.686965000000000270e-02
6.671381999999999313e-02
6.698455999999999855e-02
6.726862000000000119e-02
6.692584000000000033e-02
6.637780999999999543e-02
6.639760999999999580e-02
6.700464000000000420e-02
6.738117999999999885e-02
6.648809999999999443e-02
6.519785999999999637e-02
6.603309999999999735e-02
6.637076000000000087e-02
6.540189999999999892e-02
6.642760000000000331e-02
6.495370999999999784e-02
5.265576999999999758e-02
