5.513345000000000051e-02
6.819427000000000127e-02
6.552098000000000644e-02
6.664256999999999820e-02
6.968676000000000037e-02
7.212359999999999605e-02
6.827215000000000367e-02
7.056136999999999826e-02
6.794832000000000649e-02
6.561941000000000301e-02
7.875442000000000553e-02
6.685612000000000499e-02
6.764103999999999950e-02
6.947016999999999776e-02
6.900232000000000587e-02
7.361702000000000523e-02
7.911276000000000419e-02
1.003631100000000054e-01
8.946946000000000065e-02
8.207509999999999806e-02
7.942393000000000369e-02
7.388936000000000115e-02
8.852909999999999946e-02
1.039473800000000059e-01
1.081086799999999987e-01
1.118971799999999989e-01
1.099294600000000066e-01
1.459847499999999965e-01
1.256659900000000052e-01
1.162738400000000033e-01
1.083876599999999968e-01
8.386058000000000401e-02
1.138023499999999966e-01
1.678718600000000116e-01
2.108160900000000115e-01
3.281949200000000011e-01
4.184755399999999792e-01
4.638021900000000031e-01
4.017696099999999992e-01
2.990599600000000136e-01
1.953845600000000127e-01
1.330572399999999933e-01
1.158421200000000068e-01
1.046531700000000037e-01
7.084284000000000414e-02
8.169887000000000676e-02
7.979244000000000614e-02
8.673820999999999615e-02
9.718664000000000469e-02
1.514818199999999893e-01
1.731263000000000107e-01
1.910625699999999871e-01
1.451895800000000125e-01
1.292304699999999862e-01
1.095362200000000036e-01
9.422874000000000527e-02
8.846270999999999995e-02
9.557366000000000472e-02
7.313110999999999917e-02
8.302505999999999775e-02
9.693807999999999592e-02
7.587278000000000078e-02
1.113236199999999981e-01
5.694890999999999842e-02
