6.179252999999999829e-02
9.072423000000000293e-02
9.829741000000000173e-02
8.870535000000000225e-02
7.780863000000000362e-02
7.584915000000000407e-02
6.908319000000000265e-02
7.304262000000000254e-02
7.602847000000000077e-02
8.579043000000000085e-02
9.069947000000000426e-02
8.086264999999999425e-02
7.119164000000000048e-02
7.530328000000000022e-02
8.457734999999999559e-02
1.013443499999999997e-01
9.102077000000000084e-02
6.875451000000000479e-02
7.132259999999999989e-02
7.307120000000000282e-02
8.380514000000000019e-02
8.328259000000000356e-02
9.188627000000000600e-02
8.970380999999999494e-02
1.076962499999999934e-01
1.388285499999999950e-01
1.521446300000000029e-01
1.084480200000000061e-01
9.828367999999999827e-02
7.832862999999999631e-02
9.218801000000000079e-02
9.188198000000000198e-02
1.082520399999999938e-01
1.482162300000000044e-01
1.518276899999999874e-01
1.818213899999999994e-01
2.035735100000000131e-01
1.822651200000000027e-01
1.121682999999999986e-01
1.099406099999999942e-01
1.165564199999999939e-01
1.879876699999999956e-01
3.703103400000000156e-01
4.370357100000000217e-01
5.205072200000000482e-01
5.466089800000000221e-01
5.354383600000000021e-01
5.021281800000000350e-01
4.154854700000000234e-01
2.219202799999999975e-01
1.744649100000000008e-01
1.719454499999999997e-01
8.985379000000000282e-02
8.750671000000000144e-02
1.221383600000000014e-01
1.122843200000000069e-01
1.267077000000000064e-01
1.366861799999999905e-01
1.927678700000000078e-01
2.419230500000000006e-01
2.414644200000000129e-01
1.865723599999999927e-01
9.725963999999999443e-02
5.978005000000000124e-02
