4.966509000000000201e-02
9.493503000000000358e-02
7.946493000000000306e-02
8.900929000000000479e-02
7.324838999999999656e-02
7.484918000000000127e-02
7.131104000000000609e-02
7.081901000000000168e-02
7.354937000000000280e-02
7.236410999999999538e-02
9.255631000000000275e-02
7.221795000000000297e-02
9.508278000000000563e-02
1.020173699999999961e-01
1.168343399999999949e-01
1.071788300000000027e-01
8.635900999999999994e-02
7.306611999999999829e-02
7.771785999999999972e-02
9.826363000000000458e-02
8.623773999999999329e-02
8.737287999999999999e-02
1.082321400000000045e-01
1.097688899999999940e-01
1.250486500000000112e-01
1.455394000000000132e-01
1.707469199999999965e-01
1.251054299999999897e-01
8.678471000000000102e-02
1.260008400000000028e-01
2.081710400000000016e-01
2.705877700000000052e-01
3.408775299999999842e-01
4.346849600000000091e-01
3.801969599999999727e-01
4.008583700000000194e-01
3.617489899999999925e-01
2.359485199999999949e-01
1.316975700000000138e-01
8.214314000000000338e-02
6.543264000000000025e-02
7.342249000000000692e-02
8.313196000000000474e-02
9.268183000000000671e-02
1.073168699999999948e-01
1.295186399999999904e-01
1.468507300000000126e-01
1.690309200000000012e-01
1.203269399999999933e-01
8.750362000000000418e-02
8.350298999999999916e-02
8.899909999999999766e-02
7.782980000000000453e-02
8.398178000000000587e-02
9.348325000000000384e-02
9.527805000000000302e-02
1.040753299999999937e-01
1.125407999999999964e-01
1.243569000000000063e-01
8.939808999999999950e-02
7.717303000000000357e-02
7.877502999999999589e-02
6.684096000000000481e-02
5.833258000000000193e-02
