6.304624999999999813e-02
8.211408000000000595e-02
7.777802999999999800e-02
6.849608999999999559e-02
7.668845000000000522e-02
8.706846000000000030e-02
7.831024000000000318e-02
7.454384999999999484e-02
6.768913999999999487e-02
6.938953999999999955e-02
6.635037000000000573e-02
6.848600000000000521e-02
7.620306000000000302e-02
7.496975999999999640e-02
7.545333999999999375e-02
6.850514000000000603e-02
7.125592999999999511e-02
7.505032999999999843e-02
9.398465000000000291e-02
8.688804999999999445e-02
1.089395100000000033e-01
1.008459300000000003e-01
9.980004000000000652e-02
1.492875100000000121e-01
1.120015600000000000e-01
9.065309000000000561e-02
8.467040000000000677e-02
7.147791000000000561e-02
7.578933000000000197e-02
8.129193999999999309e-02
1.061523899999999992e-01
1.080256899999999937e-01
1.155785500000000021e-01
1.385836500000000027e-01
1.048236000000000029e-01
1.297731500000000038e-01
1.235206999999999972e-01
1.136119299999999999e-01
1.747567100000000095e-01
3.194241199999999781e-01
3.588394799999999885e-01
4.783588599999999968e-01
4.717169099999999893e-01
4.172505400000000031e-01
3.781430100000000016e-01
2.582994399999999913e-01
1.784789699999999868e-01
1.556473700000000071e-01
1.009534900000000068e-01
7.906937999999999467e-02
8.052929000000000337e-02
8.252582999999999447e-02
1.087306999999999996e-01
1.376855200000000057e-01
1.639906799999999998e-01
2.072636200000000095e-01
1.793838600000000061e-01
1.277498599999999929e-01
1.285512099999999991e-01
1.237620599999999932e-01
1.107471000000000011e-01
8.063616999999999313e-02
7.403709999999999458e-02
5.825339999999999685e-02
