6.609607000000000676e-02
1.013537899999999992e-01
7.400684999999999902e-02
6.786327000000000331e-02
7.958371999999999669e-02
9.242827000000000681e-02
9.091789000000000120e-02
7.937315999999999816e-02
9.726377999999999413e-02
1.032401800000000008e-01
1.297343199999999863e-01
1.249729100000000065e-01
1.332872800000000080e-01
1.255196899999999893e-01
9.277370000000000061e-02
7.046109999999999873e-02
7.153594000000000619e-02
9.621006000000000002e-02
1.816697700000000082e-01
2.616862400000000144e-01
3.236293499999999823e-01
3.614962999999999926e-01
3.390508600000000095e-01
2.689041799999999927e-01
1.970476200000000067e-01
1.481661599999999912e-01
1.009560199999999935e-01
8.105940000000000367e-02
7.288582000000000394e-02
7.530303000000000690e-02
7.495172999999999419e-02
9.081274999999999764e-02
1.049245899999999981e-01
1.300702400000000036e-01
1.240375600000000050e-01
1.104401799999999989e-01
1.102297700000000047e-01
9.066477000000000563e-02
8.532981000000000593e-02
7.863335000000000463e-02
8.664544999999999886e-02
8.643525999999999987e-02
8.470075999999999994e-02
7.449371999999999938e-02
7.092408000000000046e-02
7.320347000000000659e-02
7.110792999999999975e-02
6.687893999999999783e-02
7.128384000000000109e-02
6.857053999999999927e-02
7.931325000000000180e-02
8.096385999999999861e-02
7.015461000000000613e-02
6.936623999999999568e-02
7.478376000000000468e-02
7.496851999999999683e-02
8.209685999999999373e-02
8.233717999999999593e-02
9.206583000000000128e-02
8.538192999999999477e-02
7.095007999999999870e-02
6.795966999999999980e-02
6.716229999999999423e-02
5.472570999999999686e-02
