5.575658000000000003e-02
7.035009999999999875e-02
6.752062000000000341e-02
6.685562000000000449e-02
6.927434000000000369e-02
7.425144000000000188e-02
6.801545999999999981e-02
6.874505000000000199e-02
7.076071000000000444e-02
6.832071000000000671e-02
6.993459999999999954e-02
7.011166000000000620e-02
7.787734000000000323e-02
8.260130000000000250e-02
7.530836999999999948e-02
7.197290000000000632e-02
7.159176999999999902e-02
6.786308000000000618e-02
6.907581000000000138e-02
7.298274000000000428e-02
6.719498000000000137e-02
6.845774000000000303e-02
7.464331000000000438e-02
7.608104000000000255e-02
8.194743000000000166e-02
8.353750000000000064e-02
7.464748999999999690e-02
8.411554000000000253e-02
8.352710000000000690e-02
9.259191999999999423e-02
7.847917000000000087e-02
6.600926999999999489e-02
6.670483000000000662e-02
7.550521999999999789e-02
8.267223999999999406e-02
8.906276999999999944e-02
8.295474999999999377e-02
8.220452000000000314e-02
8.789109999999999978e-02
9.449847000000000108e-02
9.869013999999999565e-02
8.607947000000000515e-02
7.716277000000000552e-02
7.806187000000000542e-02
9.193423000000000567e-02
1.535583100000000034e-01
2.086375799999999892e-01
2.358051700000000084e-01
2.558368699999999940e-01
2.146219299999999885e-01
2.208031299999999864e-01
1.858375100000000113e-01
1.446021500000000126e-01
1.346998799999999941e-01
8.836602000000000345e-02
7.782271000000000327e-02
7.048002999999999907e-02
6.987113999999999825e-02
7.692247000000000667e-02
7.527393000000000278e-02
8.245608999999999578e-02
7.958928999999999310e-02
8.278741000000000572e-02
5.589217999999999964e-02
