5.413058999999999926e-02
6.733103000000000005e-02
6.516977999999999660e-02
6.587608000000000352e-02
6.575672000000000461e-02
7.170406000000000002e-02
6.519542999999999866e-02
6.373388000000000664e-02
6.500432999999999906e-02
6.509334999999999427e-02
7.151177000000000228e-02
7.342086999999999919e-02
7.697197000000000067e-02
7.953836000000000239e-02
7.373899000000000425e-02
7.579837999999999854e-02
7.428110000000000268e-02
6.913009000000000515e-02
7.076880000000000670e-02
7.569085999999999870e-02
6.609149000000000274e-02
6.886847999999999581e-02
8.695047000000000192e-02
8.775958000000000370e-02
1.011183100000000029e-01
9.773756999999999584e-02
8.566236000000000683e-02
1.055788700000000052e-01
1.089131799999999983e-01
1.433121599999999940e-01
9.524965999999999988e-02
6.782254000000000060e-02
7.633064999999999989e-02
8.588442000000000298e-02
1.226152600000000037e-01
1.330206700000000075e-01
1.238029199999999969e-01
1.326113299999999995e-01
1.466259699999999944e-01
1.697280399999999967e-01
1.743517499999999998e-01
1.252071100000000103e-01
8.231742999999999699e-02
9.712938999999999601e-02
1.872023899999999963e-01
3.101083600000000273e-01
4.122663699999999931e-01
4.415664999999999729e-01
5.143185300000000515e-01
4.544068900000000077e-01
4.373517000000000099e-01
4.378369699999999920e-01
2.934438300000000166e-01
2.459812899999999913e-01
1.213759600000000050e-01
8.779280000000000417e-02
8.093039000000000482e-02
8.517935999999999563e-02
1.017134900000000036e-01
1.152008900000000002e-01
1.398427299999999984e-01
1.430061199999999866e-01
1.200788400000000061e-01
6.549971999999999739e-02
