5.869404000000000288e-02
7.413272999999999391e-02
8.217763999999999625e-02
1.055377900000000063e-01
8.672728000000000381e-02
9.028029999999999389e-02
7.160642999999999869e-02
6.655249000000000581e-02
6.800586999999999605e-02
7.493656999999999402e-02
1.047988499999999989e-01
7.385163999999999618e-02
7.350138999999999978e-02
8.628729999999999734e-02
9.659597000000000322e-02
1.162937400000000066e-01
1.002317699999999978e-01
1.006052000000000057e-01
6.862058000000000046e-02
6.950095000000000578e-02
7.868358000000000296e-02
8.908079000000000691e-02
1.118353900000000067e-01
1.020306099999999938e-01
9.785496000000000472e-02
1.301783599999999930e-01
1.675770299999999879e-01
2.188413399999999953e-01
1.429433200000000126e-01
8.964758999999999922e-02
1.042997299999999933e-01
1.752939799999999881e-01
2.651834200000000030e-01
4.064132300000000142e-01
3.754795499999999953e-01
4.341600199999999798e-01
4.406088899999999753e-01
4.108361899999999900e-01
3.214187600000000256e-01
1.709563699999999964e-01
6.801733000000000084e-02
6.719932000000000683e-02
7.416854999999999976e-02
8.126885000000000359e-02
9.043244999999999756e-02
9.861933000000000504e-02
1.443705100000000074e-01
1.717149500000000051e-01
1.252502199999999954e-01
1.254829899999999887e-01
1.059679199999999932e-01
1.135762899999999964e-01
7.450650999999999802e-02
7.821253999999999706e-02
1.041171399999999969e-01
1.054034300000000063e-01
8.736088000000000187e-02
1.086584000000000022e-01
1.141238900000000056e-01
7.959343000000000667e-02
8.880815999999999710e-02
8.813073000000000434e-02
8.383140000000000036e-02
5.876492999999999994e-02
