5.080943999999999738e-02
6.981874000000000413e-02
1.103233599999999953e-01
2.022886000000000128e-01
2.725205099999999936e-01
3.649800100000000214e-01
4.141820700000000133e-01
4.135847699999999905e-01
4.630334099999999786e-01
4.181152599999999886e-01
4.564993999999999996e-01
2.650456700000000110e-01
1.791302600000000134e-01
1.048323200000000066e-01
8.494578999999999325e-02
8.023708000000000229e-02
8.385131999999999308e-02
8.819802000000000197e-02
1.074800199999999956e-01
1.052152199999999982e-01
1.491873599999999911e-01
1.905129799999999984e-01
1.467964099999999883e-01
9.606728999999999963e-02
8.902071000000000289e-02
8.016802000000000650e-02
9.585267999999999566e-02
9.205441000000000318e-02
9.975000000000000533e-02
1.006405600000000039e-01
7.422945999999999711e-02
7.443017999999999856e-02
7.702610000000000012e-02
7.108172999999999575e-02
7.059150999999999621e-02
7.130715999999999444e-02
8.035145999999999955e-02
8.789542999999999662e-02
8.409774000000000416e-02
7.577024000000000259e-02
7.398077000000000125e-02
8.172516000000000502e-02
9.780746999999999358e-02
8.520244999999999902e-02
7.323419999999999930e-02
8.236055999999999933e-02
8.564022999999999775e-02
8.617297999999999625e-02
8.643565000000000276e-02
8.757521999999999529e-02
7.010212999999999861e-02
6.838307999999999887e-02
8.173911000000000371e-02
9.607901000000000635e-02
1.012936100000000061e-01
8.201833999999999514e-02
7.800033000000000660e-02
7.772793999999999537e-02
8.277713000000000432e-02
7.456200000000000327e-02
8.904507000000000394e-02
7.270213999999999843e-02
8.736167000000000238e-02
5.954541000000000001e-02
