5.592288000000000120e-02
7.942960999999999772e-02
9.986945999999999324e-02
8.615752000000000133e-02
8.920698999999999990e-02
9.595283999999999758e-02
9.099561999999999928e-02
1.083573500000000051e-01
1.041727300000000050e-01
9.741927000000000225e-02
9.772793000000000452e-02
6.761309999999999543e-02
7.561117000000000532e-02
9.828388999999999875e-02
1.728074599999999961e-01
2.337359200000000137e-01
2.779906699999999953e-01
2.541244899999999807e-01
2.381340999999999875e-01
2.213152300000000017e-01
1.599877199999999999e-01
1.362715800000000033e-01
9.284325999999999690e-02
7.476715000000000444e-02
6.827547000000000477e-02
7.399508999999999947e-02
7.411681999999999992e-02
7.500252000000000308e-02
9.020451000000000163e-02
1.050166899999999959e-01
1.086532000000000053e-01
9.475658000000000691e-02
9.313372999999999791e-02
7.858231999999999717e-02
7.714406000000000041e-02
8.175292000000000670e-02
7.101572000000000440e-02
7.374488999999999350e-02
7.075037000000000686e-02
7.545292000000000665e-02
7.000589999999999591e-02
7.100665999999999922e-02
6.809970999999999386e-02
6.883897999999999406e-02
6.450106999999999369e-02
6.739999000000000684e-02
6.769585000000000186e-02
6.728225000000000178e-02
6.860170000000000157e-02
6.884382999999999475e-02
7.458410000000000040e-02
7.488005000000000355e-02
7.321764999999999524e-02
7.465483000000000535e-02
6.798046000000000644e-02
6.941368000000000538e-02
6.664770000000000416e-02
6.813963000000000658e-02
6.917143000000000597e-02
6.672417999999999405e-02
6.589849999999999874e-02
7.260071999999999359e-02
6.935257000000000227e-02
5.558152999999999705e-02
