5.781874000000000041e-02
7.291884999999999339e-02
8.412160000000000470e-02
7.722761000000000209e-02
8.149861999999999385e-02
9.005180999999999603e-02
7.489867999999999526e-02
6.968009000000000008e-02
7.789603000000000499e-02
8.918909999999999338e-02
8.635481000000000407e-02
1.105352200000000035e-01
1.038435199999999947e-01
8.972647000000000261e-02
7.991284999999999361e-02
7.149147000000000141e-02
9.038815999999999518e-02
9.014036999999999744e-02
8.619382000000000432e-02
8.921769000000000227e-02
9.976421000000000594e-02
1.147472600000000037e-01
1.278346200000000099e-01
1.123400400000000021e-01
9.443313999999999875e-02
7.646313000000000415e-02
9.351726999999999956e-02
1.514862499999999890e-01
2.402450899999999945e-01
3.020093099999999753e-01
3.591290400000000105e-01
3.593460299999999830e-01
3.312723599999999879e-01
2.552035699999999907e-01
1.602489400000000064e-01
1.222570000000000046e-01
8.691382999999999748e-02
7.037880000000000524e-02
8.171109999999999485e-02
9.345496000000000358e-02
1.061216199999999998e-01
1.025527499999999981e-01
1.322830799999999973e-01
1.393329799999999952e-01
1.464497700000000069e-01
1.141559899999999989e-01
8.884762999999999689e-02
8.045278999999999625e-02
8.705641000000000074e-02
8.599853999999999832e-02
9.526170999999999944e-02
9.129120000000000290e-02
8.214024000000000325e-02
8.281336000000000253e-02
8.241360999999999826e-02
9.261571999999999860e-02
8.589082000000000661e-02
7.338379999999999903e-02
7.229238000000000330e-02
8.504984000000000155e-02
9.515505000000000491e-02
7.779920999999999365e-02
8.162489000000000550e-02
5.892241000000000145e-02
