5.478953000000000295e-02
7.829128000000000476e-02
8.828827999999999676e-02
9.400173000000000556e-02
1.019964200000000043e-01
1.165022200000000036e-01
1.110694200000000020e-01
7.818300000000000249e-02
7.877781999999999840e-02
1.125021900000000019e-01
1.387913400000000130e-01
1.807489200000000074e-01
2.456880499999999912e-01
2.822790399999999811e-01
2.521472300000000000e-01
2.759324000000000221e-01
2.474353800000000103e-01
1.838967900000000044e-01
1.405408200000000107e-01
8.256405999999999468e-02
6.951944999999999653e-02
7.859557000000000349e-02
7.494270999999999572e-02
7.132270000000000276e-02
7.069689999999999308e-02
7.591556000000000692e-02
7.923922999999999384e-02
9.041638000000000452e-02
9.709025000000000294e-02
9.055960000000000398e-02
7.446764000000000161e-02
7.593956999999999791e-02
7.552847999999999506e-02
7.185437000000000074e-02
7.097322000000000353e-02
7.678409999999999402e-02
7.294638000000000511e-02
6.587995000000000656e-02
6.819142999999999732e-02
6.676590000000000302e-02
6.680081000000000213e-02
6.661192000000000502e-02
6.731460000000000221e-02
6.774367000000000583e-02
6.671528000000000180e-02
6.628913000000000166e-02
6.511065000000000602e-02
7.090580000000000493e-02
7.304373000000000116e-02
7.709675000000000555e-02
7.539648999999999657e-02
6.664517000000000357e-02
6.459670000000000689e-02
6.787711000000000439e-02
7.154415000000000080e-02
7.495996000000000603e-02
7.464593999999999396e-02
6.966703999999999952e-02
6.913550000000000251e-02
6.901791000000000176e-02
6.931758999999999837e-02
6.860639999999999794e-02
7.197536999999999685e-02
5.721794999999999659e-02
