5.857094000000000189e-02
6.978043999999999913e-02
6.681716000000000044e-02
6.758261000000000129e-02
6.509874000000000216e-02
6.819221000000000310e-02
6.629994999999999639e-02
6.814641999999999922e-02
6.642017999999999534e-02
6.488852000000000508e-02
6.855131000000000419e-02
6.872321000000000679e-02
7.305385999999999824e-02
7.914728999999999515e-02
7.868295999999999624e-02
7.520883000000000429e-02
6.965868000000000060e-02
6.814981000000000511e-02
6.651413999999999938e-02
6.754736000000000073e-02
7.068291000000000157e-02
7.395445999999999964e-02
7.858173000000000241e-02
7.499712999999999519e-02
8.315944000000000114e-02
8.364106000000000318e-02
8.303320000000000145e-02
8.018115000000000658e-02
7.057257999999999587e-02
6.929596000000000366e-02
8.221354999999999635e-02
9.813607000000000580e-02
1.179844800000000027e-01
1.473735999999999935e-01
1.291962700000000019e-01
1.283882699999999988e-01
1.259628100000000084e-01
9.383573000000000608e-02
7.850427000000000100e-02
6.737316000000000138e-02
6.330681999999999976e-02
6.590426000000000617e-02
7.896514999999999784e-02
7.050808999999999549e-02
7.742909000000000597e-02
8.377149000000000401e-02
9.470122000000000262e-02
1.128182999999999964e-01
8.067238000000000187e-02
7.537346999999999797e-02
7.838852000000000320e-02
7.333626000000000034e-02
7.331656999999999758e-02
7.136505999999999406e-02
7.862732999999999528e-02
7.276124000000000480e-02
6.834898000000000362e-02
7.471951999999999761e-02
7.450742999999999949e-02
7.764482000000000328e-02
6.877068000000000070e-02
7.395760999999999308e-02
6.750080999999999443e-02
5.588272999999999852e-02
