6.588842999999999783e-02
2.844480300000000184e-01
2.999621000000000093e-01
3.033701799999999893e-01
2.538021500000000041e-01
2.537623900000000043e-01
1.971119799999999922e-01
1.340847500000000025e-01
8.370706999999999454e-02
8.164454999999999629e-02
8.442365999999999759e-02
7.653780000000000305e-02
8.144785000000000219e-02
1.011756500000000059e-01
1.030111799999999939e-01
1.288691899999999946e-01
1.262716799999999973e-01
1.719651399999999886e-01
1.379503300000000099e-01
1.133064599999999977e-01
9.192063000000000317e-02
7.875482000000000316e-02
7.522043000000000479e-02
7.279372000000000620e-02
8.063565999999999789e-02
9.318695999999999924e-02
7.156226000000000254e-02
7.028284999999999394e-02
7.374624000000000457e-02
7.401612000000000469e-02
7.536416999999999422e-02
7.529737000000000235e-02
7.675358000000000180e-02
6.793419000000000540e-02
6.925293999999999894e-02
7.070587999999999873e-02
7.135083999999999871e-02
7.572631000000000501e-02
8.008890999999999927e-02
7.288345000000000240e-02
6.692562000000000511e-02
7.320464000000000138e-02
8.411185999999999663e-02
8.483491999999999422e-02
8.800671999999999662e-02
6.872847999999999458e-02
6.999689000000000605e-02
7.679054000000000435e-02
7.761932000000000553e-02
7.751315999999999762e-02
7.224321000000000215e-02
7.389128000000000362e-02
6.907696000000000669e-02
6.969105000000000438e-02
7.485273000000000621e-02
8.084193000000000628e-02
7.796575999999999507e-02
7.334615999999999358e-02
7.273959000000000674e-02
7.003059000000000367e-02
7.148862999999999746e-02
7.590104999999999769e-02
7.408597000000000099e-02
5.792764999999999720e-02
