6.176442000000000043e-02
1.312810500000000102e-01
2.013064499999999979e-01
3.136406199999999811e-01
3.581505700000000014e-01
3.686976100000000089e-01
3.875097000000000125e-01
3.665852499999999736e-01
3.256596600000000175e-01
2.750897400000000270e-01
2.570775699999999775e-01
1.359137300000000104e-01
9.546749000000000207e-02
8.328061000000000491e-02
8.505393999999999455e-02
8.312867999999999646e-02
8.100343000000000127e-02
7.188442000000000442e-02
7.687628000000000517e-02
7.495388000000000051e-02
8.810394000000000558e-02
8.762926000000000049e-02
7.462679999999999314e-02
6.828613000000000044e-02
6.606589000000000211e-02
6.834816000000000502e-02
6.648532000000000053e-02
6.871098999999999957e-02
7.127345000000000208e-02
6.980546999999999447e-02
6.984192999999999651e-02
6.983296999999999422e-02
6.832465000000000066e-02
6.859426000000000412e-02
6.658039999999999792e-02
6.778520999999999852e-02
7.286771000000000220e-02
7.355414999999999870e-02
7.169361000000000483e-02
6.835992999999999931e-02
6.746760000000000257e-02
7.295029999999999570e-02
8.202537999999999496e-02
7.461998999999999715e-02
7.036496000000000417e-02
7.074788999999999384e-02
7.677370000000000028e-02
7.592343999999999482e-02
7.710765999999999454e-02
9.401226999999999501e-02
7.675566999999999807e-02
6.959930000000000283e-02
7.171196000000000514e-02
8.811565999999999843e-02
9.892977999999999494e-02
9.387347000000000052e-02
8.101809000000000094e-02
7.084580999999999518e-02
6.824399999999999911e-02
7.013294999999999946e-02
8.450499999999999678e-02
8.016307999999999767e-02
1.012203899999999934e-01
6.429229999999999667e-02
