6.025312000000000029e-02
1.054491899999999982e-01
9.885122999999999827e-02
8.021622999999999948e-02
7.275220999999999771e-02
8.295758000000000298e-02
8.274542000000000008e-02
8.590744999999999632e-02
8.760331999999999841e-02
9.750370999999999344e-02
9.069228999999999485e-02
9.262006000000000405e-02
1.261406999999999945e-01
1.070245900000000028e-01
1.113425900000000052e-01
8.277094000000000118e-02
7.251238999999999602e-02
6.888576999999999895e-02
1.123059299999999983e-01
1.910620299999999938e-01
2.405442399999999925e-01
3.127496799999999744e-01
3.163911099999999754e-01
2.688211799999999929e-01
2.008418299999999990e-01
1.746156399999999886e-01
1.166946100000000042e-01
9.323442999999999314e-02
7.236634000000000122e-02
6.540928000000000020e-02
6.911665999999999643e-02
7.804550999999999850e-02
7.769594999999999974e-02
9.330702999999999914e-02
1.029551100000000025e-01
1.103885700000000053e-01
1.075044599999999961e-01
1.130413100000000060e-01
1.024393100000000056e-01
7.885292000000000689e-02
7.971738000000000435e-02
7.857163000000000341e-02
7.956009999999999471e-02
6.852294999999999914e-02
7.662626000000000159e-02
7.677361000000000602e-02
7.061686999999999825e-02
6.882278999999999480e-02
6.914391000000000287e-02
6.950699999999999934e-02
7.364126000000000005e-02
7.531680999999999793e-02
7.105688000000000282e-02
6.914610999999999674e-02
6.889111000000000540e-02
6.952735000000000165e-02
7.334093999999999336e-02
7.100853000000000026e-02
8.609007000000000465e-02
8.090762999999999427e-02
6.901572999999999736e-02
6.556929999999999703e-02
6.445897000000000432e-02
5.432561999999999808e-02
