5.383577999999999975e-02
6.606789999999999885e-02
6.540342000000000378e-02
6.652231999999999590e-02
6.526916000000000662e-02
6.932499999999999774e-02
6.528435999999999961e-02
6.750900999999999430e-02
6.935910000000000686e-02
7.162122999999999406e-02
6.785568999999999629e-02
6.653456000000000647e-02
6.655867000000000033e-02
6.870853000000000377e-02
6.983472000000000290e-02
7.577085999999999544e-02
7.152466999999999853e-02
6.730603999999999754e-02
6.433540999999999566e-02
6.656407999999999769e-02
6.934313000000000282e-02
7.652219999999999855e-02
7.822323000000000470e-02
6.484160999999999397e-02
6.468630999999999687e-02
6.654137999999999720e-02
7.390652999999999806e-02
7.023253000000000135e-02
7.186876999999999849e-02
6.703546999999999978e-02
6.606027999999999900e-02
6.742745999999999462e-02
7.112789999999999391e-02
6.993488000000000482e-02
6.803589000000000164e-02
6.941431000000000684e-02
7.341398000000000368e-02
7.996446999999999583e-02
7.533731000000000455e-02
6.542657000000000334e-02
6.457530999999999688e-02
6.816611000000000198e-02
7.526065999999999312e-02
7.828904999999999892e-02
8.017858999999999403e-02
7.512958000000000136e-02
7.603936999999999502e-02
8.599624999999999631e-02
8.057870999999999784e-02
7.484641999999999684e-02
6.850222000000000255e-02
6.839976000000000389e-02
6.499910000000000410e-02
7.635237000000000274e-02
9.379701000000000011e-02
1.055252400000000063e-01
1.227924199999999993e-01
1.255806200000000039e-01
1.349074799999999963e-01
1.377531700000000081e-01
1.273417199999999916e-01
1.272959600000000135e-01
9.395911999999999320e-02
5.391424999999999690e-02
