5.247473999999999889e-02
6.645339000000000107e-02
7.105425999999999409e-02
8.360800999999999650e-02
9.312429999999999319e-02
8.588956999999999842e-02
7.698948999999999376e-02
7.025240000000000651e-02
6.639348000000000471e-02
7.549648999999999943e-02
1.008676099999999964e-01
7.541604000000000363e-02
7.464529999999999776e-02
7.895093000000000250e-02
7.803374000000000421e-02
9.080370999999999582e-02
9.612695999999999741e-02
1.168479300000000026e-01
8.348408999999999691e-02
6.919464000000000170e-02
6.616835999999999551e-02
7.747508999999999646e-02
9.224403999999999937e-02
9.963154000000000454e-02
8.742405000000000315e-02
8.927575000000000094e-02
1.143651299999999954e-01
1.678359199999999996e-01
1.380927100000000074e-01
1.056667000000000023e-01
7.632874000000000603e-02
7.125805999999999807e-02
1.251162000000000107e-01
2.143192100000000100e-01
2.431183500000000108e-01
2.959736299999999876e-01
3.372802100000000247e-01
3.309657899999999819e-01
2.666400099999999829e-01
1.817885599999999879e-01
9.538314000000000514e-02
7.012962000000000362e-02
6.684273000000000298e-02
7.012883999999999785e-02
7.563470999999999389e-02
8.081742000000000092e-02
9.126868000000000480e-02
1.017089300000000029e-01
1.023288599999999937e-01
1.338504000000000083e-01
1.164156300000000061e-01
1.163906400000000035e-01
8.386214000000000168e-02
8.289417000000000313e-02
7.956659000000000648e-02
9.459884999999999822e-02
9.535253000000000478e-02
9.925641000000000325e-02
8.787733000000000350e-02
7.914746999999999755e-02
9.603718999999999451e-02
9.949341000000000435e-02
9.060896000000000228e-02
5.682336000000000331e-02
