5.445687999999999918e-02
6.961651000000000644e-02
6.736947999999999548e-02
6.507356999999999725e-02
6.826437000000000477e-02
8.359627000000000030e-02
9.107323999999999975e-02
9.433603999999999601e-02
9.651310999999999918e-02
7.517603999999999953e-02
6.835644000000000442e-02
6.710180999999999785e-02
8.051587999999999801e-02
8.143862999999999797e-02
7.805874000000000146e-02
8.515388999999999597e-02
7.087685000000000513e-02
7.470461999999999936e-02
8.201250000000000207e-02
9.441138000000000308e-02
8.734767000000000226e-02
7.963195000000000690e-02
8.199979000000000295e-02
8.728386999999999951e-02
9.144542999999999422e-02
9.659128000000000158e-02
7.980753000000000152e-02
8.686599999999999877e-02
7.672830999999999402e-02
7.295495999999999925e-02
7.594170000000000087e-02
7.574037000000000130e-02
7.248809999999999976e-02
9.631119000000000485e-02
1.111025999999999958e-01
9.066783000000000481e-02
8.252510000000000401e-02
7.988217000000000234e-02
7.476048000000000415e-02
8.669654999999999723e-02
8.532185000000000463e-02
9.246890000000000664e-02
1.027872900000000034e-01
1.120049300000000025e-01
1.148818999999999951e-01
9.667454999999999798e-02
1.131971300000000069e-01
1.285999700000000079e-01
1.110007799999999933e-01
9.829546999999999590e-02
9.961296999999999513e-02
1.097905799999999987e-01
1.428998700000000122e-01
2.143145700000000098e-01
3.251535899999999923e-01
3.104693600000000275e-01
3.117547299999999799e-01
2.833943999999999908e-01
2.626010799999999867e-01
2.039568999999999965e-01
1.403278599999999987e-01
1.192389400000000016e-01
7.729054000000000479e-02
6.012317999999999829e-02
