5.908026999999999723e-02
8.097546999999999384e-02
7.646899000000000057e-02
8.445568000000000519e-02
9.449722000000000677e-02
9.748916000000000526e-02
9.594323000000000434e-02
7.607919999999999960e-02
7.050536000000000303e-02
7.953279000000000598e-02
9.664865999999999735e-02
9.261099999999999888e-02
7.976147999999999572e-02
7.018584999999999408e-02
7.217695999999999834e-02
7.828899000000000274e-02
1.057116800000000023e-01
9.765980000000000494e-02
8.795777999999999930e-02
7.633679000000000159e-02
7.556433999999999374e-02
8.465723999999999472e-02
1.110319000000000028e-01
9.663826000000000360e-02
7.477607999999999477e-02
7.796909999999999952e-02
7.592379000000000489e-02
9.970376999999999712e-02
1.153101599999999949e-01
7.988238999999999757e-02
9.394996999999999376e-02
1.020606500000000028e-01
1.032095700000000005e-01
1.195080099999999979e-01
1.120927200000000068e-01
8.534395999999999649e-02
9.092782000000000642e-02
1.060031899999999971e-01
1.393625699999999912e-01
1.174185600000000052e-01
1.036127599999999982e-01
1.452244699999999944e-01
1.727507400000000137e-01
1.982786500000000007e-01
1.727697599999999944e-01
1.013591400000000003e-01
9.193205000000000127e-02
1.245466999999999963e-01
1.862127000000000088e-01
3.130022599999999766e-01
4.593204900000000257e-01
4.764965199999999790e-01
4.900812199999999841e-01
5.143074399999999491e-01
4.884213199999999921e-01
3.965161999999999853e-01
2.902262199999999792e-01
2.473541200000000106e-01
1.738165200000000021e-01
1.229671499999999973e-01
1.026673699999999939e-01
8.239649000000000278e-02
7.838249999999999384e-02
6.572081000000000450e-02
