5.409420999999999674e-02
9.212547000000000097e-02
7.444122000000000239e-02
7.081763000000000641e-02
6.776777999999999968e-02
7.254446000000000505e-02
7.716623000000000232e-02
7.852889000000000397e-02
6.735953999999999553e-02
6.830028000000000488e-02
6.861351999999999729e-02
6.532399999999999318e-02
6.707855000000000067e-02
6.874603999999999437e-02
7.880879999999999830e-02
7.371927000000000341e-02
7.311905999999999961e-02
6.592841000000000673e-02
7.377298999999999662e-02
7.225152999999999437e-02
7.925981999999999472e-02
7.449327000000000032e-02
7.614215000000000566e-02
1.056056600000000040e-01
9.743137999999999799e-02
8.946326000000000278e-02
9.055054999999999354e-02
7.150019999999999987e-02
6.873181000000000429e-02
7.453690000000000315e-02
8.653160000000000018e-02
7.890785000000000160e-02
8.387545999999999891e-02
1.012590200000000051e-01
1.249508800000000003e-01
1.321775799999999890e-01
1.024567599999999939e-01
1.008027299999999932e-01
9.222747000000000583e-02
8.273342999999999670e-02
9.164205000000000267e-02
1.788372699999999926e-01
2.683376699999999726e-01
3.304693400000000003e-01
3.403585000000000083e-01
3.280557700000000243e-01
2.914215600000000239e-01
2.067258999999999902e-01
1.601501899999999978e-01
9.379021999999999359e-02
6.988342999999999638e-02
7.201672000000000629e-02
7.629423999999999928e-02
8.584226999999999830e-02
1.066734500000000030e-01
1.194151900000000044e-01
1.151895400000000069e-01
1.203369700000000014e-01
1.029453000000000035e-01
1.373929999999999874e-01
1.454711099999999868e-01
1.209960699999999972e-01
8.185929000000000122e-02
5.787591000000000263e-02
