5.515070999999999862e-02
6.659587999999999619e-02
6.637864999999999738e-02
8.265991000000000311e-02
9.902561000000000002e-02
1.108885599999999971e-01
1.242461200000000016e-01
1.371848699999999865e-01
1.448094400000000115e-01
1.583877700000000111e-01
1.731875999999999971e-01
1.339667300000000061e-01
1.172795900000000030e-01
1.007094699999999954e-01
7.864783999999999664e-02
7.245161999999999436e-02
6.910715000000000607e-02
7.186723999999999890e-02
7.818925999999999654e-02
8.512918999999999348e-02
9.808160999999999963e-02
1.166801100000000035e-01
1.172297000000000061e-01
9.406522999999999968e-02
1.101533799999999952e-01
1.100788399999999972e-01
9.484056999999999904e-02
7.835590000000000610e-02
7.884639000000000231e-02
7.801935000000000120e-02
7.727638000000000562e-02
6.707116999999999940e-02
7.456907999999999592e-02
7.141920000000000213e-02
6.743029999999999857e-02
6.678731999999999724e-02
7.213645000000000473e-02
7.728495000000000503e-02
7.406247000000000524e-02
6.576010999999999662e-02
6.506792000000000131e-02
6.347241000000000688e-02
8.260243000000000446e-02
8.105302999999999813e-02
6.902658999999999878e-02
6.906320999999999988e-02
6.864410999999999430e-02
6.767193000000000513e-02
7.271033000000000357e-02
8.487029000000000101e-02
7.951515000000000666e-02
7.645612999999999715e-02
6.463998999999999440e-02
6.628630000000000633e-02
7.558502000000000276e-02
7.726811999999999570e-02
8.387398000000000076e-02
6.775227999999999806e-02
6.732641999999999793e-02
6.726503000000000343e-02
6.968243000000000353e-02
7.100528999999999868e-02
8.852464999999999640e-02
5.676936999999999955e-02
