5.512993000000000060e-02
7.155686999999999465e-02
7.838523000000000018e-02
8.910419999999999452e-02
8.696750999999999787e-02
9.600981000000000098e-02
7.476328999999999614e-02
6.859260999999999830e-02
6.976646999999999710e-02
7.769397999999999582e-02
8.394124000000000030e-02
8.252987000000000517e-02
7.868239000000000483e-02
8.332419000000000631e-02
7.018430999999999975e-02
1.024135800000000041e-01
9.895316999999999308e-02
8.008294999999999997e-02
7.278083000000000469e-02
7.343222000000000638e-02
7.164529999999999510e-02
7.143431000000000086e-02
7.640051999999999954e-02
7.709080999999999573e-02
7.918580999999999537e-02
9.047624999999999418e-02
1.030524399999999952e-01
1.077314899999999992e-01
1.039310799999999951e-01
8.709588999999999526e-02
7.611721999999999932e-02
7.193948000000000009e-02
1.094359899999999969e-01
1.554701900000000081e-01
1.511083699999999919e-01
1.388219599999999943e-01
1.078893900000000017e-01
1.329043199999999925e-01
1.706054399999999971e-01
1.350156200000000029e-01
9.944928000000000101e-02
1.163946899999999951e-01
1.499615300000000095e-01
1.413811600000000057e-01
1.880225700000000000e-01
3.307304699999999986e-01
3.698966799999999777e-01
3.462106300000000192e-01
3.017098300000000122e-01
2.091282600000000103e-01
1.584805300000000083e-01
1.767823500000000048e-01
1.208564500000000042e-01
1.123038999999999982e-01
7.140501999999999960e-02
7.542216999999999671e-02
8.041336000000000317e-02
7.217273000000000438e-02
8.857584999999999764e-02
1.267755899999999936e-01
1.520391399999999893e-01
1.333265499999999881e-01
1.002630399999999977e-01
6.587274999999999381e-02
