5.697917999999999733e-02
7.464249000000000578e-02
6.878415000000000223e-02
7.189616999999999536e-02
7.342292999999999736e-02
7.234965000000000146e-02
6.570262000000000324e-02
6.460971000000000075e-02
6.810178000000000065e-02
7.412441999999999642e-02
7.333185000000000398e-02
8.343106000000000133e-02
7.852902000000000493e-02
6.674779999999999602e-02
6.946093999999999880e-02
7.950611000000000483e-02
7.544903000000000026e-02
6.961655999999999400e-02
7.064312000000000369e-02
6.747711000000000681e-02
7.520799000000000234e-02
8.869085999999999637e-02
8.805288000000000004e-02
7.258525000000000393e-02
7.241827000000000680e-02
6.888980999999999577e-02
7.505207999999999324e-02
8.133600000000000552e-02
8.406347999999999598e-02
7.763190000000000368e-02
7.052548000000000150e-02
6.828307999999999600e-02
7.461286999999999781e-02
8.158561000000000285e-02
7.652404999999999624e-02
7.283628999999999798e-02
7.864854000000000289e-02
9.357857999999999454e-02
8.280413999999999830e-02
7.683863000000000498e-02
7.063540999999999570e-02
7.155269000000000212e-02
6.944993000000000694e-02
7.382627999999999413e-02
8.309028999999999721e-02
1.003137199999999951e-01
9.861288999999999472e-02
1.100066799999999956e-01
9.938094999999999568e-02
1.077436300000000069e-01
9.517330000000000234e-02
8.695745000000000557e-02
6.975322999999999940e-02
7.476322000000000523e-02
1.039377699999999988e-01
1.173567799999999939e-01
1.823694700000000057e-01
2.215162999999999993e-01
2.717012200000000210e-01
2.805760500000000213e-01
3.140818499999999958e-01
3.396958400000000267e-01
2.180292600000000025e-01
5.822610999999999759e-02
