6.069963999999999915e-02
1.033706900000000012e-01
7.220859999999999779e-02
6.948556000000000177e-02
1.047375299999999954e-01
1.198656200000000061e-01
9.060704999999999454e-02
9.889526999999999346e-02
1.265952100000000136e-01
1.688728200000000068e-01
1.997848299999999966e-01
1.863417199999999885e-01
1.621548700000000065e-01
1.531428200000000128e-01
9.922564000000000384e-02
7.295263999999999915e-02
9.825464999999999893e-02
1.505238399999999921e-01
2.914462700000000073e-01
3.852900300000000056e-01
4.607675999999999994e-01
4.716006200000000259e-01
4.170571900000000221e-01
3.290729800000000149e-01
2.211418699999999904e-01
1.427637800000000068e-01
8.824126999999999665e-02
8.599086000000000229e-02
8.570503000000000149e-02
1.137055800000000005e-01
1.130383199999999977e-01
1.520210399999999962e-01
1.797874600000000100e-01
1.943613399999999936e-01
2.018193899999999874e-01
1.136878699999999964e-01
1.000725600000000048e-01
8.364438000000000428e-02
8.896104999999999985e-02
9.120037999999999756e-02
9.756186000000000025e-02
9.068263000000000018e-02
1.141372100000000028e-01
8.395336999999999938e-02
6.864623999999999726e-02
7.032871000000000261e-02
7.174253999999999354e-02
7.102274000000000087e-02
7.050539999999999585e-02
7.326552999999999538e-02
7.537765999999999911e-02
7.961965000000000015e-02
8.403546000000000626e-02
8.411797999999999498e-02
8.549569999999999392e-02
8.702479999999999938e-02
9.086942000000000630e-02
7.367946999999999691e-02
7.135416999999999454e-02
7.567403000000000324e-02
7.812270999999999799e-02
8.536731000000000180e-02
1.007647400000000054e-01
6.006336999999999787e-02
