5.953387999999999736e-02
8.977446999999999511e-02
6.895819000000000254e-02
7.163949000000000011e-02
7.314526999999999834e-02
8.052078999999999487e-02
7.216635999999999884e-02
7.414721999999999980e-02
7.801439999999999764e-02
7.045608999999999900e-02
7.012923000000000073e-02
8.160393999999999981e-02
8.960021999999999431e-02
9.945827999999999613e-02
7.707932000000000672e-02
7.550110000000000154e-02
7.883426000000000322e-02
7.118431999999999538e-02
7.384741000000000222e-02
8.682099999999999540e-02
6.710354000000000319e-02
7.014993999999999397e-02
7.629350000000000021e-02
8.999933999999999712e-02
9.987371000000000443e-02
9.123807999999999918e-02
7.222976000000000396e-02
9.352984000000000298e-02
8.531353999999999327e-02
1.138273600000000024e-01
1.102896899999999958e-01
6.858172999999999353e-02
8.313118999999999370e-02
7.944457000000000602e-02
9.545966000000000173e-02
9.994912999999999714e-02
1.390819799999999939e-01
1.439215699999999987e-01
1.365530899999999881e-01
1.327812999999999910e-01
1.539525499999999936e-01
1.354663500000000131e-01
7.998054000000000274e-02
9.202493000000000478e-02
2.223068199999999883e-01
3.740108300000000163e-01
4.711978099999999947e-01
5.242759599999999853e-01
4.904826299999999750e-01
3.896433100000000205e-01
3.374310400000000154e-01
2.796977800000000070e-01
2.022256299999999896e-01
1.537661399999999956e-01
7.876574000000000075e-02
7.557097000000000120e-02
8.718138000000000276e-02
7.785374000000000461e-02
1.003352599999999956e-01
1.270064099999999863e-01
1.271334000000000075e-01
1.204216599999999998e-01
1.117373400000000044e-01
6.450234000000000523e-02
