5.663900999999999658e-02
7.886627000000000220e-02
6.975678000000000434e-02
1.043270399999999959e-01
1.400575500000000029e-01
1.701012799999999936e-01
1.917025699999999888e-01
2.294358200000000125e-01
2.702876599999999851e-01
2.894292500000000268e-01
3.064710199999999829e-01
2.907204899999999981e-01
2.792207899999999965e-01
2.140474300000000107e-01
1.242526500000000061e-01
9.161207000000000378e-02
8.266105999999999454e-02
6.643978999999999857e-02
7.141627000000000391e-02
7.504112000000000282e-02
8.009025999999999645e-02
9.885584999999999511e-02
1.187585599999999991e-01
9.613755999999999691e-02
1.090987199999999963e-01
1.007823699999999961e-01
9.034557000000000004e-02
7.914949000000000290e-02
8.946086000000000316e-02
7.741916999999999549e-02
7.681003999999999610e-02
8.258071999999999635e-02
7.385827000000000364e-02
7.484920999999999935e-02
8.270007000000000053e-02
7.125744000000000522e-02
7.364613999999999883e-02
8.157770000000000299e-02
7.622742000000000406e-02
6.574533999999999934e-02
6.436883999999999662e-02
6.881568999999999880e-02
8.565569000000000655e-02
9.363483000000000223e-02
8.161187999999999776e-02
7.295066000000000050e-02
7.149221999999999522e-02
6.822411999999999921e-02
7.594439000000000051e-02
9.414076999999999862e-02
9.357635000000000258e-02
9.155849000000000626e-02
7.053022999999999931e-02
6.680329000000000128e-02
8.089688000000000434e-02
9.054035000000000555e-02
9.324448999999999932e-02
7.109456999999999582e-02
6.988919999999999855e-02
7.130269999999999664e-02
6.598374999999999380e-02
7.630481999999999543e-02
9.126700000000000090e-02
5.936629000000000211e-02
