7.732343999999999329e-02
1.150568700000000055e-01
7.815961999999999910e-02
7.289816000000000351e-02
8.879934000000000438e-02
9.371126000000000456e-02
1.058765900000000065e-01
9.014929000000000692e-02
1.068968099999999949e-01
1.417552199999999873e-01
1.667132100000000006e-01
1.531362500000000015e-01
1.463338399999999928e-01
1.482770300000000041e-01
1.166166700000000056e-01
7.608341999999999883e-02
8.638036000000000325e-02
1.173816800000000021e-01
2.307885699999999984e-01
3.393512699999999827e-01
3.835751399999999811e-01
4.092913000000000245e-01
3.465180700000000114e-01
2.555335499999999982e-01
1.758866799999999897e-01
1.422409400000000101e-01
8.719694999999999530e-02
7.981523000000000090e-02
8.013312999999999686e-02
1.002046000000000048e-01
9.697490000000000276e-02
1.167510799999999932e-01
1.616425999999999974e-01
1.630874700000000121e-01
1.943593200000000021e-01
1.020216399999999968e-01
1.004096500000000031e-01
8.798256999999999606e-02
8.093395000000000450e-02
8.851167999999999536e-02
1.029343699999999973e-01
9.179584000000000354e-02
1.041297199999999951e-01
8.290245000000000253e-02
7.053653999999999480e-02
6.905316999999999705e-02
7.399730999999999670e-02
7.148514999999999731e-02
7.062379000000000573e-02
7.370965000000000156e-02
7.260545999999999667e-02
7.839094000000000617e-02
7.691462999999999772e-02
7.925820999999999561e-02
8.436725000000000474e-02
8.547971000000000041e-02
8.081373999999999502e-02
7.362433999999999645e-02
7.180963999999999403e-02
7.658605000000000274e-02
7.342996000000000245e-02
8.280308999999999586e-02
8.797373999999999472e-02
5.881991000000000303e-02
