5.589171999999999890e-02
8.426269999999999594e-02
7.533304000000000389e-02
9.590223999999999971e-02
1.468262499999999915e-01
1.824492699999999967e-01
2.529191100000000025e-01
3.199924800000000236e-01
3.380894400000000188e-01
3.862598199999999760e-01
4.128906399999999755e-01
3.501846800000000259e-01
2.855419499999999888e-01
2.134790299999999863e-01
1.110830500000000026e-01
9.116314999999999835e-02
9.025405000000000233e-02
7.377219000000000138e-02
7.850340999999999569e-02
1.009471599999999941e-01
1.221213000000000021e-01
1.744079099999999993e-01
1.784411700000000101e-01
1.584093099999999976e-01
1.941562000000000010e-01
1.681606900000000016e-01
1.316310800000000114e-01
8.928492999999999846e-02
1.037585899999999978e-01
9.427570000000000394e-02
9.231843000000000687e-02
9.085532000000000330e-02
8.350314999999999821e-02
8.654485000000000650e-02
8.835340999999999334e-02
7.533531000000000255e-02
8.309276000000000162e-02
9.941418999999999950e-02
8.639220999999999706e-02
6.838851999999999431e-02
6.810333999999999832e-02
7.518608000000000235e-02
9.364959000000000477e-02
9.310353999999999852e-02
8.252864000000000033e-02
7.175694999999999990e-02
7.276090000000000335e-02
6.950620999999999883e-02
6.995737000000000483e-02
9.031709999999999738e-02
8.737167999999999324e-02
7.974159999999999582e-02
6.737521000000000482e-02
6.752065999999999624e-02
7.274526000000000603e-02
8.070449000000000372e-02
8.303417000000000436e-02
6.937253000000000169e-02
7.110616999999999632e-02
7.008279000000000591e-02
6.584352000000000260e-02
6.776693999999999773e-02
7.216799000000000130e-02
5.542736999999999664e-02
