5.244167000000000273e-02
6.678125999999999507e-02
6.670347000000000082e-02
6.490877000000000452e-02
6.531198000000000559e-02
7.009666999999999981e-02
7.210634999999999961e-02
7.183594999999999564e-02
7.304935999999999374e-02
6.992452000000000389e-02
6.701640000000000374e-02
6.376054999999999917e-02
6.659627999999999381e-02
7.061430999999999958e-02
7.190796000000000687e-02
7.247248000000000578e-02
7.031898999999999789e-02
6.576390999999999487e-02
6.461434000000000621e-02
7.120321999999999762e-02
7.416804999999999926e-02
7.426929999999999643e-02
7.265834000000000181e-02
6.659218000000000082e-02
6.943022000000000082e-02
7.330509000000000330e-02
7.241596000000000144e-02
6.975457000000000185e-02
6.930707999999999314e-02
6.407002000000000530e-02
6.631431999999999605e-02
6.739970000000000683e-02
6.886733999999999911e-02
6.960848000000000035e-02
6.907201999999999786e-02
7.188005000000000089e-02
6.998572000000000126e-02
7.243198000000000691e-02
7.206759999999999555e-02
6.768817000000000583e-02
6.503436999999999413e-02
6.560296999999999656e-02
7.026873000000000147e-02
7.419765999999999861e-02
7.620522000000000407e-02
7.553632999999999875e-02
8.075361999999999818e-02
8.741472000000000131e-02
7.468568000000000429e-02
6.873163999999999663e-02
6.690045000000000019e-02
7.012714000000000447e-02
7.440499000000000418e-02
8.286142999999999981e-02
1.017657599999999968e-01
1.062534200000000012e-01
1.281155900000000014e-01
1.372809000000000113e-01
1.405984500000000137e-01
1.314620099999999903e-01
1.134522599999999992e-01
1.039894199999999991e-01
8.769551000000000429e-02
5.500052999999999886e-02
