6.032411000000000023e-02
7.710213000000000483e-02
7.651576000000000211e-02
8.428091000000000055e-02
8.727484000000000630e-02
1.023349499999999940e-01
7.827636999999999790e-02
6.938661999999999608e-02
8.066500999999999533e-02
6.965019999999999545e-02
8.063747999999999749e-02
9.432289000000000645e-02
1.023569899999999949e-01
1.071405400000000063e-01
8.495537000000000227e-02
8.339172999999999725e-02
8.750342999999999316e-02
7.094533999999999563e-02
7.182819000000000009e-02
9.051839000000000413e-02
6.632739999999999470e-02
7.204368999999999357e-02
9.097921999999999954e-02
8.160267999999999688e-02
9.524523999999999491e-02
9.707656000000000618e-02
8.811845000000000094e-02
1.041216900000000029e-01
9.291945999999999539e-02
1.048703400000000063e-01
8.598015000000000518e-02
6.701553999999999844e-02
7.869492000000000154e-02
8.279280999999999446e-02
7.262006000000000017e-02
8.577796000000000032e-02
8.545398999999999357e-02
7.239847000000000643e-02
8.136975000000000458e-02
8.683351000000000264e-02
8.532037000000000648e-02
7.422531000000000267e-02
6.784149999999999903e-02
7.651075999999999711e-02
8.882337999999999345e-02
1.088892699999999963e-01
1.367682100000000012e-01
1.402722399999999925e-01
1.624309399999999959e-01
1.279891599999999907e-01
1.140167299999999967e-01
1.053159300000000020e-01
8.511842000000000019e-02
9.005813000000000013e-02
7.507502000000000619e-02
7.129987999999999604e-02
6.799695000000000045e-02
6.595027000000000528e-02
6.881726000000000509e-02
6.952948000000000461e-02
7.219841999999999926e-02
7.285313999999999679e-02
7.221629000000000242e-02
5.503364000000000172e-02
