5.570520000000000332e-02
7.330259999999999554e-02
8.853985000000000327e-02
8.591759000000000202e-02
8.330368999999999968e-02
8.946651999999999383e-02
8.050896999999999915e-02
7.605214999999999892e-02
8.546296000000000448e-02
1.142244699999999946e-01
8.397327000000000263e-02
1.022278100000000023e-01
9.463688000000000655e-02
8.542346000000000661e-02
8.950808000000000375e-02
8.455872999999999862e-02
9.846802999999999806e-02
8.341084999999999472e-02
8.715934999999999655e-02
9.794194000000000511e-02
1.202130399999999932e-01
1.249716800000000017e-01
1.308292600000000028e-01
1.079851099999999953e-01
8.527044999999999764e-02
7.675703999999999860e-02
8.359945000000000570e-02
9.660195000000000587e-02
2.133838100000000071e-01
2.470598999999999990e-01
2.673479000000000272e-01
2.509480099999999991e-01
2.578578599999999943e-01
1.912190599999999963e-01
1.236463299999999987e-01
9.008799000000000667e-02
6.874879999999999880e-02
6.737909000000000259e-02
7.351388000000000367e-02
7.429186000000000123e-02
7.531258000000000397e-02
1.007962200000000058e-01
1.053880199999999989e-01
8.531394000000000477e-02
9.809376000000000206e-02
7.768361999999999490e-02
8.151298999999999351e-02
7.358525999999999956e-02
6.937255000000000504e-02
7.042698999999999487e-02
7.239302000000000237e-02
6.827155999999999503e-02
6.736506999999999912e-02
7.018198999999999965e-02
7.116350999999999927e-02
7.715368999999999700e-02
7.166691000000000034e-02
7.425534999999999775e-02
7.169079000000000423e-02
7.375247999999999526e-02
7.417740000000000444e-02
7.067682000000000131e-02
7.972274999999999501e-02
5.801768999999999676e-02
