5.392178999999999722e-02
7.000230999999999815e-02
7.498771999999999383e-02
1.167283800000000066e-01
2.254206500000000002e-01
3.080075999999999925e-01
3.897288700000000050e-01
4.516490100000000174e-01
4.946503300000000269e-01
5.264206500000000455e-01
5.461214800000000480e-01
4.195381999999999723e-01
3.384837199999999879e-01
2.310607399999999867e-01
1.186989799999999956e-01
8.932191999999999910e-02
8.831901000000000335e-02
8.145726000000000355e-02
9.904147000000000645e-02
1.199704399999999976e-01
1.730004099999999934e-01
2.134442500000000020e-01
2.182730599999999910e-01
1.605855800000000055e-01
1.719520700000000124e-01
1.352269500000000124e-01
1.202787800000000018e-01
8.712756000000000667e-02
9.956793999999999367e-02
8.129999000000000253e-02
7.613991999999999982e-02
7.822816999999999965e-02
7.246096999999999955e-02
7.007834999999999759e-02
7.092407000000000572e-02
6.724752000000000507e-02
7.283320000000000072e-02
8.280073000000000294e-02
7.628500000000000558e-02
6.507636999999999450e-02
6.693221000000000587e-02
6.880896999999999708e-02
9.943148000000000264e-02
9.527333999999999803e-02
7.506148999999999460e-02
6.683796000000000181e-02
7.361895999999999718e-02
7.538240000000000218e-02
8.047616999999999965e-02
1.024658799999999953e-01
8.667853000000000363e-02
7.766961000000000004e-02
6.640437000000000423e-02
7.308417000000000385e-02
8.463721999999999912e-02
8.987944000000000488e-02
8.837219999999999798e-02
6.764351999999999865e-02
6.613288999999999973e-02
6.780133000000000687e-02
7.409084999999999976e-02
7.675282999999999412e-02
9.045003000000000071e-02
6.090469999999999912e-02
