6.563990999999999576e-02
1.087640200000000029e-01
2.347856000000000110e-01
3.388176299999999808e-01
4.146697500000000036e-01
4.687967599999999790e-01
4.885859200000000069e-01
4.432152200000000208e-01
4.218929699999999783e-01
3.840385700000000235e-01
3.693139899999999809e-01
2.094846399999999997e-01
1.221498000000000028e-01
8.756967999999999697e-02
8.944335000000000480e-02
8.837557999999999525e-02
9.621184000000000680e-02
1.160841999999999985e-01
1.345912499999999956e-01
1.321721399999999935e-01
1.623254899999999890e-01
1.595402399999999998e-01
1.295615300000000081e-01
9.101143000000000427e-02
8.082580000000000320e-02
7.944257000000000402e-02
8.633868000000000098e-02
8.489244999999999430e-02
8.557852000000000514e-02
9.384911999999999421e-02
7.408080000000000220e-02
6.793388000000000204e-02
7.031906000000000267e-02
6.967760000000000620e-02
6.827640999999999571e-02
7.117070000000000340e-02
7.859739000000000309e-02
8.074559000000000597e-02
7.522404000000000590e-02
8.393459999999999810e-02
7.871076000000000461e-02
8.110712000000000477e-02
9.079136000000000151e-02
7.755473999999999701e-02
7.346862999999999311e-02
8.861439999999999595e-02
9.545138000000000233e-02
8.102038000000000295e-02
7.648507000000000222e-02
8.054419999999999635e-02
6.802763000000000559e-02
6.963178999999999896e-02
8.711476999999999415e-02
9.730822999999999556e-02
9.865810999999999331e-02
8.496333999999999831e-02
7.926653000000000171e-02
8.728096000000000465e-02
8.678154999999999897e-02
7.781770000000000354e-02
8.552727999999999720e-02
7.210777000000000159e-02
8.579786999999999830e-02
6.425620999999999416e-02
