6.300936000000000037e-02
9.151985999999999455e-02
7.760712999999999639e-02
7.569352000000000025e-02
7.049207999999999863e-02
7.260959999999999637e-02
6.901459999999999539e-02
7.443523000000000500e-02
7.594918000000000502e-02
8.236140999999999601e-02
8.223800000000000554e-02
8.844541000000000208e-02
9.386192000000000146e-02
9.221940000000000692e-02
9.459164999999999934e-02
8.134339000000000153e-02
7.245687000000000655e-02
6.769456000000000084e-02
9.172766999999999726e-02
1.219264399999999970e-01
1.653889900000000135e-01
2.120711200000000018e-01
1.914428200000000135e-01
1.642628299999999986e-01
1.565848599999999924e-01
1.353330600000000050e-01
1.102289899999999989e-01
8.186401000000000094e-02
7.380742999999999332e-02
6.814855999999999692e-02
6.725361000000000533e-02
7.296355000000000202e-02
7.965648000000000173e-02
8.766606000000000398e-02
9.314904000000000239e-02
8.744095000000000339e-02
8.721265000000000267e-02
8.624341000000000645e-02
7.459862999999999911e-02
7.041482000000000296e-02
7.503463000000000493e-02
7.260466000000000142e-02
7.086273999999999351e-02
6.897398000000000418e-02
7.096721999999999753e-02
7.162214999999999554e-02
6.920358999999999539e-02
6.424757999999999858e-02
6.662004000000000536e-02
6.929119999999999724e-02
7.437298000000000520e-02
7.818975000000000231e-02
6.793209000000000053e-02
6.906893999999999534e-02
6.801243999999999346e-02
6.926242999999999983e-02
7.053054999999999741e-02
7.634652999999999579e-02
8.512764000000000442e-02
7.729329000000000061e-02
6.927840999999999860e-02
6.748539000000000621e-02
6.331757999999999831e-02
5.536897000000000346e-02
