7.071608000000000060e-02
1.364342100000000002e-01
2.545543599999999795e-01
3.071530499999999830e-01
3.709269800000000172e-01
4.174906899999999976e-01
4.142426799999999742e-01
3.371252399999999927e-01
2.678672999999999749e-01
2.225928299999999915e-01
2.256715900000000052e-01
1.199185400000000040e-01
9.809587000000000168e-02
7.528488999999999320e-02
8.305622999999999478e-02
9.029963000000000573e-02
1.021001899999999935e-01
1.127676299999999937e-01
1.263483499999999982e-01
1.189585699999999996e-01
1.532199399999999989e-01
1.555422800000000050e-01
1.213461799999999979e-01
8.915861999999999399e-02
7.744504000000000665e-02
7.840998000000000412e-02
7.674823999999999535e-02
7.955731000000000608e-02
8.588893000000000222e-02
9.034636999999999529e-02
7.096212000000000353e-02
7.080219999999999569e-02
7.208425999999999723e-02
6.899352999999999736e-02
6.694065000000000432e-02
7.286281999999999481e-02
7.013829000000000591e-02
7.473114000000000146e-02
7.820248999999999950e-02
8.638379999999999670e-02
7.936872999999999845e-02
8.607861999999999458e-02
8.106869999999999354e-02
7.482648999999999551e-02
7.880948999999999594e-02
9.355500999999999401e-02
8.524157999999999735e-02
7.687238999999999878e-02
6.793594000000000022e-02
6.988060000000000105e-02
6.658416999999999808e-02
7.226233999999999436e-02
8.515936000000000339e-02
9.166364000000000456e-02
9.012241999999999476e-02
7.605059000000000125e-02
7.244391000000000025e-02
8.536042000000000629e-02
9.301434000000000091e-02
7.775667999999999469e-02
8.074301000000000395e-02
6.800459000000000365e-02
7.036839999999999762e-02
6.172699999999999715e-02
