5.712837999999999944e-02
7.255949999999999900e-02
6.995553999999999661e-02
7.864957000000000198e-02
8.540387000000000672e-02
8.972971000000000419e-02
1.044107499999999966e-01
9.971378999999999659e-02
8.504132999999999831e-02
7.446656999999999582e-02
6.950816999999999413e-02
7.170215000000000616e-02
7.970214000000000465e-02
8.892387000000000208e-02
1.060336899999999999e-01
1.115694099999999939e-01
1.023725600000000013e-01
8.748575000000000101e-02
1.000922199999999956e-01
1.361005600000000093e-01
1.414183800000000102e-01
8.511240999999999945e-02
8.198126000000000024e-02
9.199638999999999733e-02
1.663109399999999904e-01
2.389244600000000052e-01
2.857450200000000162e-01
3.244357700000000122e-01
3.235343399999999758e-01
2.391695400000000138e-01
1.862862999999999880e-01
1.585275999999999907e-01
1.361907900000000060e-01
8.214602999999999489e-02
7.948249999999999760e-02
6.784866999999999981e-02
7.378471999999999809e-02
1.007080900000000001e-01
8.656880999999999604e-02
1.056866300000000036e-01
1.126561100000000037e-01
1.058564399999999961e-01
1.079246100000000042e-01
7.644560000000000244e-02
7.362448000000000603e-02
7.043436999999999615e-02
7.359158000000000366e-02
7.575614999999999433e-02
7.892296000000000034e-02
8.195389999999999620e-02
8.541447000000000622e-02
7.758867999999999321e-02
7.443389000000000255e-02
7.872155999999999598e-02
7.215124000000000537e-02
7.005050000000000165e-02
6.706404000000000531e-02
6.994290999999999703e-02
6.913007999999999653e-02
6.985555999999999710e-02
7.398807999999999774e-02
7.103254999999999986e-02
6.829954000000000580e-02
5.687484000000000289e-02
