1.290344400000000002e-01
5.112877500000000408e-01
5.239570099999999453e-01
5.295039999999999747e-01
3.944730200000000075e-01
3.308925899999999864e-01
2.222864900000000032e-01
1.427918499999999979e-01
9.154457000000000566e-02
8.829926999999999915e-02
9.051328999999999625e-02
9.689137000000000444e-02
1.215453900000000032e-01
1.531826900000000102e-01
1.795253599999999949e-01
1.785637900000000000e-01
1.567007300000000103e-01
1.677259399999999900e-01
1.290781799999999868e-01
1.002984700000000007e-01
8.388170999999999822e-02
8.286385999999999752e-02
7.897369999999999390e-02
7.694067000000000267e-02
8.457610999999999601e-02
9.560375999999999597e-02
7.899947000000000219e-02
7.175922999999999330e-02
7.660662000000000027e-02
7.632687000000000499e-02
8.116858999999999880e-02
8.666060000000000429e-02
8.249961999999999573e-02
7.366179000000000476e-02
7.639488999999999308e-02
7.775397000000000558e-02
7.660089000000000481e-02
8.138307000000000180e-02
7.954513000000000555e-02
7.300389000000000184e-02
6.814201999999999759e-02
6.960953000000000279e-02
9.038305000000000644e-02
8.723807999999999563e-02
8.521003000000000605e-02
6.947035000000000016e-02
7.545917000000000596e-02
8.265807999999999489e-02
8.256375999999999993e-02
7.801779000000000353e-02
6.874697999999999920e-02
6.915224000000000371e-02
6.643586999999999410e-02
7.479236000000000217e-02
7.583194000000000046e-02
7.206084999999999574e-02
7.081368999999999858e-02
6.901875000000000371e-02
7.046225999999999878e-02
7.423673999999999551e-02
7.659275999999999585e-02
7.732372999999999330e-02
7.283309000000000311e-02
5.701338000000000239e-02
