5.775494999999999934e-02
7.119712000000000263e-02
6.658643000000000201e-02
6.456365000000000021e-02
6.990728000000000220e-02
7.759675000000000600e-02
6.968035000000000201e-02
6.727650999999999770e-02
6.540434000000000525e-02
6.663628000000000606e-02
6.601611999999999758e-02
6.445749000000000617e-02
6.719023999999999830e-02
6.994831999999999439e-02
7.089283000000000390e-02
6.551556000000000046e-02
6.639058999999999933e-02
6.540555000000000674e-02
6.705300999999999623e-02
6.740540999999999894e-02
6.817254000000000369e-02
6.752009999999999956e-02
7.148820999999999648e-02
8.162113000000000007e-02
7.691987999999999603e-02
7.765429999999999555e-02
7.226222000000000201e-02
6.558376000000000483e-02
6.582968999999999626e-02
6.778934999999999822e-02
7.598873000000000433e-02
7.904856999999999856e-02
9.193793999999999578e-02
8.651615999999999473e-02
8.124647000000000119e-02
8.416595999999999800e-02
7.796851999999999949e-02
7.681370999999999338e-02
7.321803000000000339e-02
7.548196999999999546e-02
9.910449000000000341e-02
1.338010299999999875e-01
1.724380299999999921e-01
1.842411499999999924e-01
1.791506999999999961e-01
1.499309400000000125e-01
1.134911299999999956e-01
9.991780999999999580e-02
8.838701000000000196e-02
6.751174000000000064e-02
6.659086999999999645e-02
6.839462000000000319e-02
6.737405000000000477e-02
7.350729000000000291e-02
7.787505000000000122e-02
8.683443000000000411e-02
8.305029999999999357e-02
7.677436999999999456e-02
7.606828000000000201e-02
8.756099999999999994e-02
7.994863000000000663e-02
7.438471000000000666e-02
7.087084999999999912e-02
5.440596000000000321e-02
