8.119853999999999961e-02
3.576629800000000192e-01
3.664181200000000138e-01
3.578244099999999817e-01
2.992472600000000149e-01
2.642519500000000132e-01
2.147928899999999863e-01
1.213918799999999937e-01
7.833964000000000205e-02
8.330674000000000412e-02
8.730983999999999967e-02
8.453209000000000417e-02
9.695446000000000619e-02
1.302583700000000122e-01
1.545106599999999941e-01
1.811403799999999897e-01
1.628116099999999955e-01
1.735307899999999903e-01
1.346039300000000105e-01
9.770636000000000598e-02
8.190561000000000369e-02
7.518384999999999652e-02
7.221374999999999322e-02
7.141680000000000250e-02
7.792043999999999360e-02
8.313471999999999529e-02
7.558810000000000529e-02
6.861984999999999613e-02
7.748093000000000341e-02
6.977661999999999753e-02
7.584140000000000326e-02
7.450892000000000626e-02
7.149407000000000678e-02
6.677207000000000281e-02
6.868109000000000020e-02
7.025576000000000043e-02
7.144254999999999356e-02
7.279882999999999493e-02
7.092751999999999390e-02
6.650506000000000473e-02
6.682522999999999935e-02
6.847005000000000452e-02
7.368621999999999672e-02
7.207884999999999986e-02
7.302335999999999550e-02
6.733661000000000507e-02
6.837092999999999643e-02
7.205872000000000666e-02
7.137541000000000024e-02
7.192137999999999309e-02
6.829614000000000518e-02
6.593991000000000435e-02
6.582918000000000103e-02
6.371266000000000429e-02
6.699940000000000062e-02
7.067500000000000171e-02
7.045416999999999652e-02
6.771082999999999963e-02
7.110413999999999624e-02
6.835903999999999592e-02
6.796462999999999810e-02
7.235613999999999935e-02
6.801168999999999965e-02
5.885047000000000195e-02
