7.035212999999999883e-02
9.731779999999999597e-02
7.371540000000000037e-02
8.779075999999999547e-02
1.375438599999999900e-01
1.780654299999999968e-01
3.312735600000000225e-01
4.466796199999999994e-01
4.913409100000000196e-01
5.523551700000000064e-01
5.603324200000000532e-01
4.775166200000000027e-01
4.467296599999999729e-01
3.275783700000000076e-01
1.582939600000000113e-01
1.120945200000000030e-01
9.367076000000000569e-02
7.383948999999999374e-02
8.518025999999999376e-02
1.044495299999999988e-01
1.155166599999999932e-01
1.353044700000000100e-01
1.476916500000000076e-01
1.305719899999999989e-01
1.423569000000000084e-01
1.257888199999999956e-01
9.905837000000000669e-02
8.327370000000000605e-02
9.581900999999999613e-02
8.559912000000000076e-02
7.658972999999999476e-02
7.551763000000000225e-02
7.838011999999999757e-02
7.821131000000000610e-02
8.313534000000000201e-02
7.320712999999999526e-02
8.146428000000000003e-02
9.594452000000000536e-02
8.810706999999999567e-02
6.905179000000000178e-02
6.555589000000000555e-02
7.063033000000000505e-02
9.648821000000000481e-02
1.105652699999999933e-01
8.466530999999999363e-02
7.736920999999999382e-02
7.182049999999999546e-02
6.972538999999999820e-02
7.659700999999999316e-02
9.381744999999999668e-02
9.603435999999999917e-02
9.233993999999999536e-02
7.296532999999999491e-02
6.670926000000000633e-02
7.144978000000000440e-02
9.135727000000000431e-02
9.317912999999999890e-02
7.206949999999999468e-02
7.266222999999999432e-02
6.941039000000000236e-02
6.650538999999999756e-02
6.840656999999999988e-02
1.039195799999999975e-01
6.138161999999999785e-02
