5.277242000000000044e-02
6.862100999999999618e-02
6.698484999999999856e-02
6.845336000000000476e-02
6.935563000000000144e-02
8.912200000000000677e-02
9.284364000000000505e-02
1.033082000000000028e-01
1.017807000000000017e-01
7.368771999999999822e-02
7.108395000000000685e-02
6.942523000000000444e-02
6.828847999999999863e-02
8.377898000000000289e-02
1.177851399999999965e-01
1.145301999999999987e-01
9.149556999999999829e-02
8.096187999999999996e-02
8.510631999999999919e-02
1.048851799999999945e-01
1.078234599999999960e-01
1.046287899999999993e-01
7.737333000000000405e-02
7.449574000000000473e-02
9.670982999999999663e-02
1.720414299999999952e-01
2.903246299999999724e-01
3.424705599999999794e-01
4.524795400000000134e-01
3.495956700000000250e-01
3.236272299999999880e-01
2.222418800000000028e-01
1.788150500000000032e-01
8.110808999999999380e-02
1.059703500000000048e-01
6.811970999999999998e-02
7.427430999999999617e-02
1.016861299999999996e-01
1.176569300000000068e-01
8.582370000000000276e-02
2.000283999999999951e-01
1.115488599999999997e-01
1.963939399999999891e-01
1.078509500000000010e-01
1.150043899999999980e-01
7.555280999999999803e-02
8.348025000000000584e-02
8.413632999999999529e-02
8.171855999999999565e-02
8.366410000000000513e-02
9.360638000000000292e-02
1.012934399999999985e-01
7.944652000000000658e-02
1.161143399999999964e-01
7.526787000000000061e-02
1.105225799999999953e-01
8.312016999999999323e-02
7.765270999999999979e-02
7.514603000000000255e-02
8.554328999999999406e-02
8.167502999999999569e-02
7.488184999999999980e-02
6.776310000000000666e-02
5.781722000000000250e-02
