5.421924999999999661e-02
6.458139000000000240e-02
6.483895000000000630e-02
6.733287999999999773e-02
7.063653000000000293e-02
7.068961999999999468e-02
7.257152000000000047e-02
6.638230999999999993e-02
6.673316999999999444e-02
6.679232999999999698e-02
7.142948000000000353e-02
6.970450000000000257e-02
6.957212000000000118e-02
7.089692999999999690e-02
6.851348000000000160e-02
6.821610000000000174e-02
7.468432999999999322e-02
7.451475999999999933e-02
7.627061999999999731e-02
7.278516999999999626e-02
7.141218000000000565e-02
7.229911999999999450e-02
8.132968000000000142e-02
8.314916999999999447e-02
7.499181000000000596e-02
8.161519999999999886e-02
7.658887999999999807e-02
8.869003000000000303e-02
8.848519999999999996e-02
7.085597999999999896e-02
7.523657999999999735e-02
7.967789000000000121e-02
8.506798999999999611e-02
9.819424000000000208e-02
1.062247699999999961e-01
9.321791999999999578e-02
6.814309000000000338e-02
6.780590999999999702e-02
8.600393000000000621e-02
8.938588000000000089e-02
8.358582000000000511e-02
8.577787000000000606e-02
1.037417600000000023e-01
1.303272400000000109e-01
1.607648999999999884e-01
1.153736600000000029e-01
1.017410499999999995e-01
8.724798000000000275e-02
7.656623999999999375e-02
1.336579499999999976e-01
2.049608199999999880e-01
2.286455900000000097e-01
2.947086999999999901e-01
3.572487200000000196e-01
4.362300000000000066e-01
3.523446299999999920e-01
3.011330400000000185e-01
2.702878699999999856e-01
1.927064099999999947e-01
1.487911500000000109e-01
1.173723299999999969e-01
9.310015000000000651e-02
6.847538000000000236e-02
5.798938000000000009e-02
