5.443287000000000125e-02
9.119752000000000414e-02
8.768420000000000381e-02
8.914737999999999829e-02
9.059361000000000497e-02
1.030791499999999944e-01
1.011718399999999990e-01
8.712949999999999862e-02
7.659285999999999872e-02
8.183300000000000296e-02
9.103535000000000099e-02
8.327492999999999701e-02
7.327854999999999785e-02
6.585407999999999540e-02
7.095803000000000527e-02
7.569940000000000002e-02
7.734019000000000310e-02
9.918791000000000413e-02
8.895224000000000186e-02
8.324251000000000567e-02
8.491258000000000139e-02
8.133537000000000405e-02
7.526526999999999523e-02
7.096162000000000303e-02
7.252210000000000600e-02
7.252846000000000293e-02
6.590200999999999698e-02
7.008722000000000563e-02
7.151673999999999531e-02
7.597600999999999660e-02
6.653135000000000299e-02
6.477431999999999634e-02
6.680453999999999559e-02
6.704586999999999353e-02
6.560952000000000450e-02
6.691792000000000573e-02
6.627545999999999438e-02
6.860576999999999648e-02
7.497922999999999394e-02
7.233121000000000689e-02
6.510905999999999638e-02
7.226875000000000659e-02
6.703093000000000246e-02
7.155920999999999810e-02
7.143771000000000149e-02
7.274234000000000255e-02
6.838105999999999352e-02
6.643306000000000211e-02
6.737155999999999700e-02
6.464261000000000312e-02
6.704488000000000114e-02
7.300595999999999475e-02
6.907061000000000450e-02
6.836230000000000084e-02
7.020310000000000439e-02
7.138136000000000481e-02
6.842275999999999914e-02
7.146995999999999905e-02
7.208291999999999478e-02
6.900538000000000505e-02
6.766497000000000483e-02
6.773013999999999424e-02
6.543817999999999857e-02
5.825632000000000033e-02
