5.658915999999999946e-02
7.600300000000000111e-02
6.890076000000000533e-02
6.691479000000000177e-02
7.356532999999999822e-02
7.745103999999999878e-02
7.508547999999999611e-02
7.204349000000000169e-02
7.215881000000000378e-02
8.146770999999999874e-02
7.816517000000000603e-02
9.780347000000000346e-02
1.045757199999999970e-01
1.037980399999999942e-01
9.198412999999999728e-02
7.359110000000000651e-02
8.700088000000000266e-02
8.365077999999999403e-02
8.807265999999999706e-02
8.465280999999999501e-02
9.662221999999999478e-02
1.041155200000000031e-01
1.170572700000000049e-01
1.252998899999999971e-01
1.164473899999999978e-01
8.865486000000000200e-02
8.050383999999999318e-02
1.151291100000000067e-01
2.048381999999999981e-01
3.228853600000000101e-01
3.678402599999999745e-01
3.995710599999999779e-01
3.882141399999999853e-01
2.811425900000000255e-01
1.829507599999999901e-01
1.710485499999999937e-01
1.052527399999999974e-01
7.525076999999999461e-02
7.534406000000000436e-02
7.410005000000000064e-02
9.427573999999999677e-02
9.542256000000000349e-02
1.254494600000000126e-01
1.262666000000000066e-01
1.273158299999999910e-01
9.776993000000000489e-02
8.636889000000000371e-02
8.437240000000000018e-02
8.589900000000000313e-02
7.751792999999999878e-02
8.861639000000000321e-02
8.304321000000000619e-02
7.681588000000000305e-02
7.960685000000000677e-02
8.098344000000000376e-02
8.727606000000000253e-02
8.176674999999999915e-02
7.378147999999999651e-02
7.536426000000000236e-02
7.727981000000000433e-02
9.203269000000000033e-02
7.678564000000000223e-02
7.745926999999999674e-02
5.653364999999999779e-02
