5.474521000000000248e-02
1.201188599999999940e-01
1.325277499999999997e-01
1.534894400000000048e-01
1.531841899999999979e-01
1.115132800000000063e-01
8.979484999999999550e-02
6.958572999999999842e-02
7.514503000000000155e-02
8.844607999999999637e-02
9.139115999999999906e-02
8.361514999999999920e-02
9.307229999999999670e-02
1.167454799999999987e-01
1.798842800000000075e-01
1.780252599999999907e-01
1.941030900000000059e-01
1.874245700000000125e-01
1.186506799999999945e-01
8.197475999999999374e-02
9.623528000000000637e-02
2.214023599999999925e-01
2.962672700000000270e-01
3.371310800000000274e-01
3.988901400000000042e-01
4.502788500000000083e-01
4.434554900000000077e-01
3.723301900000000053e-01
2.955385400000000162e-01
1.434357500000000007e-01
1.007067499999999977e-01
6.765079999999999705e-02
7.992625999999999897e-02
9.738373000000000168e-02
1.099707600000000007e-01
1.419288200000000111e-01
1.384428099999999995e-01
2.153701199999999982e-01
2.154721300000000117e-01
1.550550800000000118e-01
9.712194999999999856e-02
8.276266999999999652e-02
7.600785999999999654e-02
9.541581999999999841e-02
1.141314999999999968e-01
1.170415699999999976e-01
7.715637000000000190e-02
9.655861999999999778e-02
8.920406999999999642e-02
8.720395999999999703e-02
7.908566000000000207e-02
7.512612999999999930e-02
7.233950999999999576e-02
8.199628999999999945e-02
9.253364999999999507e-02
9.481536999999999604e-02
8.118095000000000172e-02
7.571012000000000575e-02
9.494392999999999583e-02
9.582045999999999619e-02
1.009296199999999977e-01
9.305726999999999749e-02
9.778174000000000587e-02
6.195934000000000164e-02
