5.416905999999999805e-02
7.964572000000000318e-02
7.392268000000000450e-02
6.792286999999999630e-02
6.381491000000000247e-02
6.984616999999999909e-02
7.024482999999999422e-02
7.083688999999999958e-02
6.936863999999999530e-02
7.010710000000000552e-02
7.116830999999999852e-02
6.497761999999999982e-02
6.629935000000000689e-02
6.857233000000000078e-02
7.241659000000000290e-02
6.988867999999999470e-02
6.927397000000000415e-02
6.603050000000000586e-02
6.820898999999999712e-02
6.805492000000000485e-02
7.015601999999999949e-02
6.715951000000000559e-02
6.695513999999999633e-02
7.516902999999999779e-02
7.475431000000000437e-02
8.153939000000000326e-02
7.851840999999999682e-02
6.792868000000000517e-02
6.597695000000000642e-02
6.768087000000000408e-02
7.164059999999999873e-02
8.117095000000000560e-02
8.981912000000000229e-02
8.299589999999999745e-02
9.060168999999999861e-02
9.355655000000000221e-02
8.583686000000000094e-02
8.747041999999999318e-02
7.658330000000000692e-02
6.911849000000000465e-02
7.959410999999999570e-02
1.106501200000000046e-01
1.583735300000000124e-01
1.734288300000000060e-01
1.711693699999999874e-01
1.637537799999999877e-01
1.400950699999999882e-01
1.253768700000000014e-01
1.125260000000000010e-01
7.799454000000000109e-02
7.162235000000000129e-02
6.927456999999999365e-02
6.617186999999999375e-02
6.898556999999999606e-02
7.741502999999999579e-02
8.026474999999999582e-02
7.273284000000000693e-02
8.657243000000000577e-02
8.490003000000000133e-02
9.591850999999999849e-02
9.646172999999999553e-02
8.320993000000000139e-02
7.216501999999999639e-02
5.483032000000000183e-02
