5.255724999999999980e-02
6.578096999999999417e-02
6.491299000000000374e-02
6.414872000000000629e-02
6.400944000000000078e-02
6.577544999999999920e-02
6.382085999999999315e-02
6.387985000000000191e-02
6.443292999999999937e-02
6.558489000000000679e-02
6.722142999999999868e-02
6.562400999999999651e-02
6.486931999999999421e-02
6.499707999999999875e-02
6.619535000000000002e-02
6.564773999999999610e-02
6.766123000000000276e-02
6.764968000000000370e-02
7.119427999999999868e-02
6.844513000000000680e-02
7.297219000000000622e-02
6.903309000000000528e-02
7.159263000000000432e-02
6.776543999999999623e-02
6.446590000000000653e-02
6.574465000000000170e-02
6.584271999999999347e-02
6.522356999999999461e-02
6.625984000000000040e-02
6.336437000000000319e-02
6.516858999999999846e-02
6.494711000000000234e-02
6.675986000000000420e-02
6.761372999999999689e-02
6.584698999999999414e-02
6.543285000000000073e-02
6.468506999999999729e-02
6.533112000000000641e-02
6.735064999999999802e-02
6.540419999999999567e-02
6.330123000000000000e-02
6.444236999999999882e-02
6.632723000000000091e-02
6.493361000000000272e-02
6.425179000000000307e-02
6.350928999999999602e-02
6.513259000000000409e-02
6.590118000000000364e-02
6.445913999999999811e-02
6.433155999999999597e-02
6.453058000000000405e-02
6.544102999999999726e-02
6.285862999999999867e-02
6.534104999999999774e-02
6.877539000000000569e-02
6.725839999999999597e-02
6.766895000000000548e-02
6.395215999999999401e-02
6.339675000000000171e-02
6.494911999999999908e-02
6.557836000000000221e-02
6.637286000000000574e-02
6.372249000000000663e-02
5.281443000000000249e-02
