5.087678999999999813e-02
8.085672000000000692e-02
1.051983100000000032e-01
1.149507300000000010e-01
1.041889700000000057e-01
1.470555500000000071e-01
1.417228600000000061e-01
1.277763199999999988e-01
1.708338600000000040e-01
1.940704299999999882e-01
1.049795699999999943e-01
1.355942900000000062e-01
8.130295999999999357e-02
1.120824500000000001e-01
1.393555099999999880e-01
2.527865200000000145e-01
3.641321100000000088e-01
3.356699899999999737e-01
3.740445399999999809e-01
3.326587999999999767e-01
2.878677499999999778e-01
2.251713300000000029e-01
1.358490699999999884e-01
1.066973699999999997e-01
7.076662000000000230e-02
7.993608000000000657e-02
8.306342999999999366e-02
8.351630999999999638e-02
1.014834700000000062e-01
1.499546300000000054e-01
1.643334499999999920e-01
1.216176100000000010e-01
1.448695999999999873e-01
1.128179400000000054e-01
1.029909700000000011e-01
9.323260999999999354e-02
8.632286999999999599e-02
8.492782000000000109e-02
8.775188000000000432e-02
9.502277000000000640e-02
7.655111000000000554e-02
8.656450000000000256e-02
7.670897000000000132e-02
7.559188999999999492e-02
6.815675999999999679e-02
7.474585999999999730e-02
7.590592000000000172e-02
7.733558999999999573e-02
7.217656000000000072e-02
7.940930999999999684e-02
9.451851000000000003e-02
1.051600099999999982e-01
1.038498600000000022e-01
9.398072999999999844e-02
7.797476999999999880e-02
7.252733999999999570e-02
6.866516999999999760e-02
7.709206999999999865e-02
8.497720000000000273e-02
7.790966000000000558e-02
7.547457999999999945e-02
9.551896999999999471e-02
7.259781999999999347e-02
6.294990000000000308e-02
