6.538404999999999911e-02
8.327321999999999502e-02
7.035545999999999467e-02
7.061130999999999658e-02
7.318417000000000672e-02
8.138818000000000441e-02
7.876197999999999533e-02
6.702819999999999612e-02
6.583901000000000336e-02
7.919030999999999987e-02
8.182515999999999401e-02
1.031100499999999948e-01
1.094278100000000004e-01
1.068087999999999954e-01
1.012661499999999992e-01
7.840416999999999526e-02
7.876028999999999669e-02
8.231549000000000504e-02
9.062485000000000679e-02
8.571882000000000112e-02
8.948686999999999614e-02
1.076658900000000002e-01
1.220369000000000037e-01
1.216238699999999950e-01
1.112412200000000018e-01
9.232714999999999672e-02
7.916367000000000542e-02
1.048146999999999968e-01
1.712296600000000057e-01
2.602919300000000047e-01
3.288362300000000071e-01
3.768344499999999875e-01
3.975138400000000072e-01
3.586497299999999999e-01
2.401467599999999869e-01
1.840640600000000016e-01
1.165252299999999935e-01
7.618326999999999738e-02
8.072273000000000642e-02
8.234692000000000400e-02
1.060009600000000052e-01
1.021052999999999961e-01
1.266773499999999941e-01
1.373109100000000082e-01
1.332833200000000107e-01
1.139430599999999988e-01
9.821509000000000489e-02
9.963893999999999529e-02
9.400231000000000559e-02
7.215507000000000171e-02
8.295513999999999666e-02
8.027157999999999516e-02
7.798180000000000389e-02
7.987985000000000224e-02
8.881930000000000380e-02
8.715404999999999680e-02
8.917825000000000057e-02
8.148097999999999452e-02
7.552675999999999834e-02
8.611707000000000389e-02
8.667563999999999824e-02
8.065129000000000048e-02
7.912410000000000276e-02
5.798760000000000026e-02
