6.250880999999999799e-02
9.680568000000000506e-02
1.206490499999999938e-01
1.320557599999999943e-01
1.320146199999999992e-01
9.401961000000000346e-02
7.979801000000000255e-02
6.765714000000000450e-02
8.173742000000000507e-02
9.431030999999999442e-02
8.870071999999999679e-02
9.037599999999999800e-02
1.030473600000000045e-01
1.192546300000000004e-01
1.217700099999999980e-01
1.063346200000000047e-01
1.165373999999999993e-01
1.128414100000000031e-01
8.972947000000000561e-02
7.487140999999999935e-02
7.732484000000000579e-02
1.526921099999999920e-01
2.107975900000000069e-01
2.565451599999999943e-01
3.050355599999999834e-01
3.287471800000000277e-01
2.975602999999999998e-01
2.114886500000000003e-01
1.661015000000000130e-01
1.139483099999999971e-01
8.287954000000000154e-02
7.619742000000000182e-02
7.152825000000000155e-02
7.018362999999999685e-02
6.871109000000000244e-02
7.894832999999999712e-02
8.522928000000000448e-02
1.171014900000000025e-01
1.281852099999999939e-01
8.920519000000000365e-02
8.586584999999999357e-02
7.152090999999999310e-02
7.300239000000000034e-02
7.356788999999999690e-02
8.173537000000000163e-02
7.837702000000000557e-02
7.160869000000000262e-02
7.600880999999999610e-02
8.447614000000000511e-02
7.561460000000000403e-02
7.481301999999999397e-02
7.043568999999999525e-02
6.875335000000000474e-02
6.883720000000000117e-02
7.638105000000000588e-02
7.341609999999999803e-02
7.141844999999999444e-02
6.794107000000000618e-02
6.495125999999999677e-02
6.577151000000000525e-02
6.852819000000000271e-02
7.378891999999999396e-02
7.943430999999999409e-02
5.689455999999999680e-02
