5.896570000000000283e-02
7.483502999999999683e-02
1.126936699999999958e-01
8.677427000000000057e-02
8.230050999999999339e-02
8.436591000000000229e-02
7.665167999999999981e-02
9.053609999999999436e-02
9.979654000000000302e-02
1.117386900000000016e-01
9.263414000000000370e-02
8.103043999999999525e-02
7.193425000000000513e-02
7.362008000000000441e-02
8.404148000000000174e-02
9.802560000000000440e-02
1.166720799999999975e-01
8.966235999999999651e-02
8.634540999999999744e-02
1.049418899999999960e-01
1.395352800000000115e-01
1.384138000000000035e-01
1.013082500000000025e-01
8.090796000000000099e-02
7.181020999999999932e-02
1.340690400000000004e-01
2.161988200000000138e-01
2.915996900000000225e-01
3.915731000000000073e-01
3.605010499999999896e-01
3.409330199999999755e-01
3.076591499999999924e-01
2.484081099999999875e-01
1.332483399999999929e-01
8.813815999999999318e-02
7.190414000000000527e-02
7.496724000000000443e-02
7.732695000000000540e-02
9.026286999999999505e-02
1.035499799999999998e-01
1.146935300000000019e-01
1.258144200000000101e-01
1.282277000000000000e-01
1.148754899999999968e-01
1.024414200000000053e-01
7.819966999999999890e-02
7.067972000000000143e-02
7.053605000000000291e-02
7.391749999999999710e-02
8.432520000000000293e-02
9.587062999999999835e-02
8.437706999999999846e-02
7.286336000000000201e-02
8.007746999999999782e-02
6.888465000000000560e-02
7.177852999999999317e-02
7.242065999999999781e-02
6.802204000000000583e-02
7.436437999999999382e-02
7.526882000000000017e-02
8.587427999999999728e-02
7.400581000000000520e-02
6.673100999999999339e-02
5.943633999999999723e-02
