6.383073000000000219e-02
7.598620999999999848e-02
1.079962000000000005e-01
1.054638199999999998e-01
1.125457200000000019e-01
1.186200399999999960e-01
1.278002299999999869e-01
1.442716699999999908e-01
1.504134199999999921e-01
1.664396200000000103e-01
2.073641999999999985e-01
1.320147999999999877e-01
7.063360999999999945e-02
8.905337000000000669e-02
1.605669600000000086e-01
2.253655300000000083e-01
3.302895100000000084e-01
3.487640599999999869e-01
3.945443000000000144e-01
3.718063500000000077e-01
3.270010700000000048e-01
2.258980399999999944e-01
1.521051999999999960e-01
1.259826099999999949e-01
7.371527999999999414e-02
7.759265999999999386e-02
8.199990999999999530e-02
7.752211000000000518e-02
7.704247999999999652e-02
1.432853500000000058e-01
1.614879399999999965e-01
1.214327300000000026e-01
1.338810199999999895e-01
1.153275700000000042e-01
1.086931399999999937e-01
8.805820000000000314e-02
7.474293999999999383e-02
8.771966999999999959e-02
8.647407999999999484e-02
9.402948999999999335e-02
7.682223999999999997e-02
8.008183000000000662e-02
7.683834000000000497e-02
7.399023000000000405e-02
6.843264000000000291e-02
7.646996999999999822e-02
7.492005999999999666e-02
7.907108999999999666e-02
7.505399999999999572e-02
7.536880999999999442e-02
9.539931999999999579e-02
9.635517999999999861e-02
9.869482999999999728e-02
8.446729000000000043e-02
7.895048999999999817e-02
7.807567999999999453e-02
7.042437999999999476e-02
7.515724999999999489e-02
8.148313999999999557e-02
7.674591000000000052e-02
7.736532999999999605e-02
8.494727000000000527e-02
7.398520000000000096e-02
6.152392999999999751e-02
