6.333220000000000516e-02
7.780670000000000641e-02
7.272080000000000211e-02
8.749241000000000656e-02
9.550551000000000179e-02
9.276094000000000006e-02
8.907030000000000503e-02
7.119143999999999473e-02
6.918420999999999599e-02
7.793748999999999816e-02
9.189601999999999493e-02
9.391992000000000396e-02
7.912431999999999799e-02
7.370266999999999791e-02
7.463575000000000070e-02
7.663512999999999575e-02
9.680980999999999614e-02
9.399554000000000242e-02
8.648941999999999741e-02
7.390857000000000676e-02
7.464181999999999761e-02
8.102370999999999879e-02
9.771976999999999747e-02
8.846510000000000484e-02
7.176675999999999889e-02
7.670916999999999319e-02
8.444021999999999639e-02
9.789976000000000234e-02
1.028194399999999981e-01
7.578580999999999512e-02
9.897907000000000233e-02
9.840211000000000097e-02
1.007588999999999985e-01
1.301307399999999947e-01
1.104052100000000036e-01
8.102533000000000651e-02
9.147167999999999966e-02
1.069280600000000053e-01
1.330761900000000109e-01
9.075961999999999918e-02
8.217723999999999862e-02
1.062440300000000032e-01
1.371837300000000037e-01
1.561963700000000010e-01
1.537686900000000134e-01
1.357722600000000057e-01
1.060410600000000064e-01
9.542683999999999889e-02
1.213213999999999959e-01
2.525189800000000040e-01
3.491267000000000120e-01
3.523550899999999819e-01
3.890241999999999867e-01
4.221067700000000200e-01
4.002616700000000138e-01
3.072072299999999978e-01
2.551805400000000112e-01
1.991978100000000029e-01
1.374746400000000091e-01
9.533969000000000471e-02
7.395308999999999910e-02
8.904059999999999753e-02
7.908619999999999539e-02
6.100602000000000108e-02
