7.107259000000000493e-02
1.290412800000000082e-01
1.076381700000000052e-01
8.944955000000000267e-02
7.577891999999999961e-02
7.085217000000000598e-02
7.734541999999999806e-02
8.350889000000000228e-02
9.105839999999999768e-02
9.314983000000000291e-02
1.182415299999999975e-01
1.333159499999999886e-01
1.427612000000000048e-01
1.400189799999999873e-01
1.340582399999999952e-01
1.162199000000000010e-01
6.898885000000000434e-02
7.249453999999999620e-02
1.173232599999999987e-01
1.961374899999999977e-01
2.621215000000000073e-01
3.711935900000000177e-01
3.680796599999999752e-01
3.190723400000000098e-01
2.714964999999999740e-01
2.109454699999999960e-01
1.338756100000000060e-01
9.142812000000000161e-02
7.300982999999999778e-02
8.247949999999999726e-02
8.825600999999999585e-02
9.983377000000000223e-02
1.158165599999999990e-01
1.281795799999999874e-01
1.611679799999999885e-01
1.224206099999999992e-01
1.334357100000000129e-01
1.149689500000000003e-01
9.316330999999999918e-02
8.519701999999999831e-02
9.119093000000000337e-02
8.968357000000000412e-02
8.960822999999999705e-02
7.537146999999999597e-02
6.769991999999999677e-02
7.575231999999999799e-02
7.648834999999999662e-02
7.004193999999999698e-02
6.739198999999999884e-02
7.178299000000000485e-02
7.825814000000000381e-02
8.204693000000000402e-02
7.113463000000000425e-02
6.828800000000000148e-02
7.252076000000000355e-02
8.112895000000000523e-02
7.908363999999999672e-02
8.606471000000000260e-02
9.764680000000000581e-02
9.715775999999999579e-02
6.933512000000000008e-02
6.874281999999999615e-02
7.144588999999999801e-02
5.892462999999999868e-02
