6.774779000000000218e-02
1.272439499999999946e-01
1.529756600000000133e-01
1.230081999999999981e-01
1.432271699999999870e-01
1.430915299999999946e-01
8.281151000000000484e-02
6.793433000000000110e-02
9.274401000000000173e-02
1.397026799999999958e-01
1.717462700000000064e-01
2.452053999999999900e-01
3.442687099999999778e-01
4.116164099999999881e-01
4.053591200000000172e-01
3.746624299999999907e-01
3.380367799999999812e-01
2.104508900000000016e-01
1.275207800000000002e-01
8.355065000000000408e-02
7.360448999999999464e-02
7.502583000000000168e-02
7.782838000000000256e-02
8.062186999999999826e-02
9.564280000000000004e-02
1.113545799999999947e-01
1.291933700000000018e-01
1.304026699999999983e-01
1.215990700000000035e-01
9.379086999999999841e-02
8.812699999999999700e-02
7.975965000000000138e-02
7.990263000000000226e-02
9.555392000000000052e-02
8.428254999999999775e-02
9.208159999999999956e-02
8.210452000000000028e-02
7.103589000000000431e-02
6.981067000000000522e-02
7.037670000000000037e-02
6.935602000000000433e-02
6.745400999999999481e-02
6.719227999999999312e-02
6.789992999999999723e-02
6.765770999999999591e-02
6.662648999999999655e-02
6.811329000000000689e-02
7.244725999999999944e-02
7.033116999999999841e-02
7.514390999999999432e-02
7.064015999999999351e-02
6.658329999999999804e-02
6.286840000000000483e-02
6.841996000000000189e-02
7.117758999999999892e-02
7.120141000000000664e-02
6.751612999999999365e-02
6.584196999999999966e-02
6.657826999999999495e-02
6.591916000000000442e-02
6.538164999999999949e-02
6.573408999999999502e-02
6.476463000000000358e-02
5.318969999999999948e-02
