8.476335000000000119e-02
1.254234499999999919e-01
9.029726000000000419e-02
7.773439000000000043e-02
7.322291000000000216e-02
7.149553999999999632e-02
6.792534000000000072e-02
7.488385000000000180e-02
8.608749999999999736e-02
8.638524000000000203e-02
7.657279000000000169e-02
7.207425000000000637e-02
7.816546000000000605e-02
9.288001999999999370e-02
9.686598000000000430e-02
7.274759999999999560e-02
7.122950000000000115e-02
7.615539000000000336e-02
7.846021999999999719e-02
8.644921999999999329e-02
7.832421000000000522e-02
8.816174999999999706e-02
8.063724999999999365e-02
8.636331999999999343e-02
1.113580200000000020e-01
1.062142499999999962e-01
9.112319000000000668e-02
9.518835999999999964e-02
1.063938499999999981e-01
1.540518600000000127e-01
1.754405800000000126e-01
1.140421900000000016e-01
9.869978999999999558e-02
8.405463999999999991e-02
8.779333999999999749e-02
1.026519199999999937e-01
1.507492800000000133e-01
1.333879799999999893e-01
1.149830200000000052e-01
1.081489000000000061e-01
1.477697799999999895e-01
1.914823700000000128e-01
1.666840500000000003e-01
1.271682500000000104e-01
9.699968000000000479e-02
1.290278300000000100e-01
1.935312999999999894e-01
2.583572599999999775e-01
3.845047699999999957e-01
4.281416499999999847e-01
4.696356400000000209e-01
4.392492499999999800e-01
3.967546200000000023e-01
3.768428600000000017e-01
2.678543600000000136e-01
1.696193699999999915e-01
1.005897099999999988e-01
7.566778999999999866e-02
7.328697000000000683e-02
7.176575000000000315e-02
7.049373999999999918e-02
8.839297000000000126e-02
9.880969000000000557e-02
6.107455999999999996e-02
