5.559734999999999677e-02
8.045810999999999935e-02
6.495364000000000693e-02
6.679261999999999699e-02
7.165504000000000318e-02
7.052961000000000646e-02
8.137898999999999827e-02
6.928782999999999470e-02
6.974010999999999405e-02
7.389242999999999506e-02
8.299726000000000325e-02
8.787731000000000015e-02
1.164983899999999933e-01
1.119514800000000060e-01
1.156154199999999965e-01
7.978175999999999324e-02
7.775303999999999549e-02
7.405132999999999854e-02
9.195361999999999980e-02
8.071290000000000409e-02
8.914014000000000659e-02
1.019106300000000020e-01
1.172992699999999971e-01
1.345325300000000113e-01
1.357676499999999897e-01
1.134764500000000065e-01
8.822457000000000216e-02
8.476227999999999541e-02
1.192863799999999974e-01
2.185004700000000022e-01
2.919271299999999791e-01
3.686294900000000041e-01
3.734666400000000164e-01
3.871071600000000057e-01
3.036454000000000097e-01
2.362362699999999982e-01
1.556553499999999979e-01
9.346709999999999741e-02
7.684855999999999632e-02
7.898378000000000343e-02
8.692711000000000188e-02
9.314677000000000373e-02
1.148888899999999935e-01
1.307029600000000069e-01
1.434462400000000026e-01
1.332147300000000034e-01
1.144614699999999957e-01
1.223841499999999971e-01
1.020505500000000038e-01
7.095287000000000122e-02
7.257992000000000610e-02
7.240114000000000272e-02
8.802588000000000079e-02
8.458411999999999875e-02
8.875537999999999483e-02
9.043183999999999945e-02
9.313299999999999357e-02
8.425446000000000324e-02
8.167699000000000487e-02
8.963098999999999372e-02
8.144750000000000600e-02
9.047848999999999475e-02
8.056737999999999400e-02
5.774341999999999669e-02
