6.174712000000000256e-02
7.518595999999999613e-02
6.977748999999999757e-02
6.964837999999999585e-02
7.085632999999999515e-02
7.374894999999999368e-02
7.843100000000000072e-02
8.354404999999999470e-02
9.303404999999999314e-02
9.990641000000000105e-02
8.665243999999999724e-02
8.213579999999999492e-02
7.296845000000000414e-02
7.292909000000000197e-02
8.359300999999999537e-02
1.122703200000000068e-01
8.831168999999999825e-02
8.781986999999999433e-02
6.951430999999999583e-02
7.812370000000000425e-02
7.791038999999999604e-02
1.027923699999999940e-01
1.149291199999999957e-01
8.053464000000000456e-02
7.767912999999999901e-02
9.266046000000000005e-02
1.140877700000000050e-01
1.195293099999999997e-01
1.059697299999999981e-01
7.169404999999999528e-02
6.920017000000000529e-02
8.062532000000000032e-02
8.479496000000000255e-02
8.846666999999999725e-02
9.194913999999999865e-02
1.131753100000000012e-01
8.698364999999999569e-02
1.369760899999999948e-01
9.490319999999999312e-02
7.722940000000000360e-02
7.280077000000000076e-02
8.801860000000000239e-02
1.158924300000000046e-01
1.325359899999999924e-01
1.365991199999999905e-01
1.373841299999999932e-01
1.477550099999999922e-01
1.492988500000000107e-01
1.282413900000000107e-01
1.296411299999999933e-01
8.942830000000000223e-02
1.088657600000000059e-01
1.032379600000000036e-01
1.455420000000000047e-01
2.443156999999999968e-01
2.641478199999999776e-01
3.546964200000000123e-01
3.924296500000000187e-01
4.164844799999999903e-01
4.056143500000000124e-01
3.072230200000000133e-01
3.028995099999999829e-01
1.913920500000000080e-01
5.951166000000000095e-02
