5.873507000000000033e-02
8.372556999999999916e-02
6.629815999999999487e-02
7.360661000000000287e-02
7.516325000000000089e-02
7.719088000000000338e-02
8.354406999999999806e-02
7.025001000000000162e-02
7.069973999999999703e-02
8.015584000000000597e-02
7.138163000000000147e-02
1.188927199999999934e-01
1.253122200000000019e-01
1.185727899999999974e-01
1.238573300000000016e-01
8.114767000000000507e-02
8.375430999999999848e-02
8.065105000000000190e-02
9.004196999999999895e-02
8.975837000000000399e-02
8.774853000000000514e-02
1.030192899999999995e-01
1.295688700000000027e-01
1.359362799999999927e-01
1.199944800000000006e-01
9.752545999999999438e-02
7.290186999999999362e-02
9.859737999999999836e-02
1.762608400000000020e-01
2.836632700000000229e-01
3.557662400000000114e-01
4.034937299999999949e-01
4.379008999999999818e-01
4.356047499999999850e-01
3.034118399999999882e-01
2.602774199999999816e-01
1.585926400000000069e-01
8.587694999999999357e-02
7.605552999999999619e-02
8.956616000000000577e-02
1.011605799999999999e-01
1.163213699999999934e-01
1.425077499999999886e-01
1.550008099999999889e-01
1.566779199999999983e-01
1.209425600000000045e-01
1.093590700000000027e-01
1.027736999999999956e-01
9.068785999999999514e-02
7.343388000000000693e-02
8.366935000000000344e-02
8.276590999999999809e-02
8.748562000000000005e-02
8.638693000000000066e-02
9.390350000000000086e-02
9.655882999999999827e-02
9.400862000000000107e-02
8.252958999999999989e-02
7.797576000000000507e-02
9.059957000000000427e-02
9.448554000000000674e-02
8.716722999999999832e-02
8.643368999999999358e-02
5.917490999999999723e-02
