5.946276999999999813e-02
7.737570000000000559e-02
7.370965999999999629e-02
8.351490999999999776e-02
8.434137999999999358e-02
8.373498999999999526e-02
7.722173999999999705e-02
6.593614000000000419e-02
6.507635000000000502e-02
8.175635000000000541e-02
8.898839000000000055e-02
7.842517999999999712e-02
6.762738999999999556e-02
7.015999000000000541e-02
7.351639999999999564e-02
7.395483999999999392e-02
8.579048999999999703e-02
8.375080999999999498e-02
8.086216000000000237e-02
7.163556999999999564e-02
7.049278000000000488e-02
7.890384000000000286e-02
8.861615000000000464e-02
8.003362999999999450e-02
6.681850999999999763e-02
6.751556999999999698e-02
7.201649000000000245e-02
8.984074999999999700e-02
9.641737000000000224e-02
7.715110999999999497e-02
8.968202999999999592e-02
8.523964000000000540e-02
9.519031000000000020e-02
9.978223999999999427e-02
8.516669000000000322e-02
7.314779999999999893e-02
7.757727000000000372e-02
1.177421200000000057e-01
1.104510300000000056e-01
8.845240999999999520e-02
9.514488999999999586e-02
1.215802099999999941e-01
1.355794200000000060e-01
1.364497799999999927e-01
1.220681700000000036e-01
8.931919000000000664e-02
9.301879000000000397e-02
1.036920999999999954e-01
1.277490599999999976e-01
1.699731499999999895e-01
2.852774900000000224e-01
3.188443200000000144e-01
3.694378999999999857e-01
3.972398600000000002e-01
3.967850499999999725e-01
3.049843600000000099e-01
1.894705600000000101e-01
1.422958199999999895e-01
1.194973599999999969e-01
8.403249000000000135e-02
7.780840999999999452e-02
8.199940999999999480e-02
8.594127999999999490e-02
6.273526999999999576e-02
