5.592744000000000187e-02
7.204180000000000306e-02
7.436922999999999451e-02
6.744675999999999449e-02
7.208301999999999765e-02
7.760002000000000566e-02
7.698976999999999904e-02
9.357058000000000042e-02
7.955921000000000520e-02
7.593859000000000026e-02
7.863185999999999787e-02
6.726952999999999405e-02
6.775694999999999635e-02
7.232252000000000125e-02
8.063539999999999597e-02
8.589392999999999334e-02
8.816216000000000330e-02
7.406364999999999477e-02
8.255737999999999965e-02
8.863371999999999917e-02
9.843981000000000259e-02
9.580321999999999449e-02
7.600038000000000626e-02
6.597107000000000665e-02
8.152065000000000006e-02
1.098038100000000017e-01
1.621114499999999903e-01
1.671060600000000007e-01
1.717265400000000108e-01
1.573416599999999943e-01
1.169401600000000013e-01
1.318570199999999915e-01
9.499101000000000072e-02
8.369928999999999564e-02
7.505156000000000327e-02
6.688228000000000228e-02
6.651205999999999785e-02
7.422668999999999795e-02
8.737433999999999479e-02
7.196238000000000634e-02
1.014245000000000008e-01
1.136540899999999993e-01
7.614189000000000374e-02
9.418266000000000138e-02
7.672582000000000013e-02
8.044284999999999630e-02
7.415520999999999918e-02
6.773674000000000361e-02
7.517155999999999838e-02
7.337325999999999571e-02
7.792496999999999618e-02
8.296385000000000565e-02
6.679793000000000536e-02
7.273311999999999833e-02
7.809820000000000650e-02
7.472449000000000452e-02
8.130851000000000051e-02
6.844770999999999495e-02
7.240478999999999665e-02
7.303292000000000117e-02
6.564345000000000596e-02
7.045877999999999863e-02
6.789486000000000132e-02
5.561756999999999812e-02
