6.371325999999999379e-02
1.078711200000000009e-01
2.040896100000000046e-01
2.586922600000000072e-01
3.430947400000000092e-01
3.881638299999999875e-01
4.134040500000000229e-01
3.991622899999999752e-01
3.624472899999999775e-01
3.520587399999999811e-01
3.401199599999999990e-01
2.050349399999999989e-01
1.437980500000000106e-01
9.493553999999999882e-02
8.648617999999999584e-02
8.790559000000000567e-02
9.309884000000000215e-02
1.068833899999999948e-01
1.169023700000000054e-01
1.137708999999999943e-01
1.402972299999999950e-01
1.581771100000000096e-01
1.291087300000000049e-01
9.877674000000000176e-02
8.518789000000000222e-02
8.193409000000000109e-02
8.488062000000000384e-02
8.681746999999999381e-02
8.995013999999999788e-02
9.244083000000000161e-02
7.720227999999999813e-02
7.433782999999999364e-02
7.364780999999999411e-02
6.975541000000000380e-02
6.778017000000000070e-02
6.930909000000000375e-02
7.575635999999999481e-02
8.009729000000000154e-02
7.690505999999999731e-02
7.645801000000000680e-02
7.301755000000000051e-02
7.907712000000000074e-02
8.353233000000000186e-02
7.669755999999999796e-02
6.959017000000000674e-02
7.836123000000000394e-02
8.243021999999999849e-02
8.010465999999999420e-02
7.575456999999999330e-02
7.871466000000000574e-02
7.111377000000000670e-02
7.160099999999999798e-02
7.490054999999999630e-02
9.388747000000000065e-02
9.956470000000000597e-02
8.413041999999999743e-02
8.029363999999999946e-02
7.817242000000000635e-02
7.605623000000000244e-02
7.608270999999999784e-02
8.228634999999999422e-02
6.959509999999999308e-02
8.981796000000000224e-02
6.098805999999999672e-02
