5.508327999999999836e-02
8.149380000000000512e-02
8.268847000000000003e-02
6.785644999999999871e-02
6.803565000000000307e-02
7.745631999999999517e-02
8.341893999999999698e-02
9.851757999999999349e-02
1.060233399999999937e-01
1.142762999999999973e-01
9.296132000000000006e-02
8.368085999999999580e-02
6.521193000000000128e-02
8.164549999999999585e-02
1.171989499999999962e-01
8.723756000000000566e-02
1.277579500000000090e-01
9.557403999999999900e-02
8.218765000000000098e-02
1.183689899999999934e-01
1.641726500000000033e-01
1.606605600000000078e-01
8.542360000000000231e-02
7.548257999999999357e-02
7.718822999999999657e-02
1.457995900000000067e-01
3.354041600000000067e-01
3.242912299999999859e-01
4.177734000000000170e-01
4.128054099999999838e-01
3.175818599999999936e-01
3.034957099999999741e-01
3.488374699999999828e-01
2.221993700000000072e-01
8.974105999999999750e-02
1.363388199999999995e-01
1.638646400000000058e-01
1.352840200000000048e-01
9.835990000000000011e-02
1.308294399999999913e-01
1.222182700000000038e-01
9.783559000000000005e-02
1.667254599999999920e-01
1.117614100000000055e-01
1.443125199999999997e-01
1.009237800000000046e-01
7.336499000000000492e-02
8.236255000000000659e-02
9.322740999999999667e-02
9.722503999999999869e-02
8.768172999999999939e-02
1.020226800000000045e-01
8.149753999999999332e-02
9.019905000000000284e-02
8.120771000000000239e-02
8.745632999999999879e-02
7.653271000000000379e-02
8.346436999999999606e-02
8.906047999999999742e-02
7.729804999999999315e-02
1.069116100000000041e-01
8.179920999999999720e-02
6.940701999999999983e-02
5.999495999999999996e-02
