5.515649000000000246e-02
7.057228999999999586e-02
7.318937000000000359e-02
7.194939000000000195e-02
7.204976000000000436e-02
7.147372000000000447e-02
6.525218000000000684e-02
6.559236000000000233e-02
6.480329999999999424e-02
6.939462999999999882e-02
7.858544000000000640e-02
6.943045999999999940e-02
6.769082999999999350e-02
7.228165000000000284e-02
8.068485999999999714e-02
8.196248000000000422e-02
7.516842999999999442e-02
7.270055000000000267e-02
6.448054000000000285e-02
6.541943000000000064e-02
6.811298000000000352e-02
7.125887999999999667e-02
7.417200999999999655e-02
6.786744000000000110e-02
6.906922999999999535e-02
7.008805999999999370e-02
7.381545000000000467e-02
9.102730000000000543e-02
8.122400999999999927e-02
6.916229000000000127e-02
6.971974000000000227e-02
7.324395999999999685e-02
8.541506000000000098e-02
1.089430499999999996e-01
1.037714099999999945e-01
1.114691000000000015e-01
1.198082000000000036e-01
1.081895600000000041e-01
9.728269000000000499e-02
7.255346999999999491e-02
6.694276999999999866e-02
6.511838000000000348e-02
6.644266999999999534e-02
6.891215000000000535e-02
6.730985999999999914e-02
7.128230000000000677e-02
8.252331999999999723e-02
8.702606000000000230e-02
7.753583000000000003e-02
8.787559999999999816e-02
8.538560000000000594e-02
9.027359999999999551e-02
7.073329000000000422e-02
7.213261999999999452e-02
7.691797999999999691e-02
8.234682000000000113e-02
8.008858000000000643e-02
8.093847999999999321e-02
8.077523999999999815e-02
7.065789000000000097e-02
8.072037999999999436e-02
8.591129999999999600e-02
8.336765000000000148e-02
5.589034999999999836e-02
