6.146019999999999955e-02
8.623707999999999374e-02
8.445811000000000290e-02
7.179546000000000538e-02
6.580772000000000010e-02
7.119633000000000211e-02
7.517068999999999834e-02
7.516090999999999744e-02
7.028157999999999628e-02
7.420865000000000100e-02
7.108514999999999973e-02
6.695331999999999673e-02
6.999993999999999661e-02
7.743218999999999796e-02
8.384553000000000145e-02
7.728380999999999446e-02
7.476386000000000143e-02
6.898471000000000464e-02
7.059538999999999398e-02
7.511184999999999390e-02
7.564063000000000037e-02
7.015024000000000259e-02
7.370261999999999647e-02
8.144429999999999725e-02
8.251848999999999990e-02
9.196946999999999761e-02
8.633076000000000638e-02
7.213379999999999792e-02
6.878914999999999336e-02
6.802764999999999507e-02
7.350130000000000552e-02
1.081875300000000040e-01
1.267867500000000036e-01
1.072060499999999972e-01
1.133622100000000049e-01
1.139837800000000068e-01
1.114009200000000005e-01
1.093594999999999984e-01
8.544163000000000452e-02
8.086944000000000077e-02
1.210538300000000012e-01
1.914679699999999873e-01
2.625304800000000105e-01
3.134889299999999990e-01
3.036501099999999731e-01
2.393475599999999870e-01
2.058767800000000092e-01
1.890216200000000013e-01
1.445010499999999920e-01
9.970236000000000376e-02
7.824251999999999596e-02
8.365160000000000651e-02
7.102047000000000221e-02
8.459342000000000250e-02
1.074882999999999950e-01
1.257650600000000118e-01
9.953886000000000678e-02
9.500429000000000512e-02
9.841245999999999328e-02
1.137885700000000055e-01
1.138583100000000042e-01
9.923395999999999606e-02
8.008440999999999477e-02
5.783967999999999748e-02
