6.031426000000000148e-02
8.273846999999999452e-02
7.801360999999999712e-02
7.140473999999999433e-02
6.694653999999999883e-02
7.058997999999999662e-02
6.654458000000000595e-02
6.676543000000000061e-02
6.997414999999999885e-02
8.250894999999999757e-02
9.416397999999999435e-02
8.990388000000000546e-02
1.119552800000000042e-01
1.042696600000000001e-01
1.040182399999999979e-01
8.783924999999999372e-02
7.209593999999999725e-02
6.757617999999999958e-02
8.615657999999999650e-02
1.150855800000000068e-01
1.758410300000000093e-01
2.394617199999999890e-01
2.340057600000000071e-01
2.125855700000000015e-01
1.915910200000000008e-01
1.504764299999999944e-01
1.167969999999999980e-01
8.768346999999999947e-02
7.164346000000000603e-02
7.342948000000000530e-02
7.110579000000000205e-02
8.795703000000000549e-02
9.598655000000000381e-02
1.132923099999999933e-01
1.291653100000000054e-01
1.071463700000000047e-01
9.962714999999999765e-02
9.054362000000000521e-02
7.681873999999999647e-02
7.390320999999999696e-02
7.822476999999999903e-02
8.297508000000000661e-02
8.120423999999999698e-02
7.022696000000000494e-02
6.732441000000000120e-02
7.456749999999999490e-02
6.988566000000000222e-02
6.886567999999999856e-02
6.966498000000000135e-02
6.928436000000000317e-02
7.284654000000000129e-02
7.806069999999999676e-02
7.345896999999999843e-02
6.739570000000000283e-02
6.908446000000000031e-02
7.148915999999999604e-02
7.490173999999999443e-02
7.870728999999999920e-02
1.049824500000000049e-01
9.197102999999999529e-02
7.253136000000000305e-02
6.679277000000000131e-02
6.377708999999999462e-02
5.586321999999999816e-02
