5.230565000000000214e-02
7.137079000000000339e-02
7.368798999999999488e-02
6.705845000000000555e-02
6.855406999999999473e-02
8.103788000000000658e-02
8.908739999999999715e-02
1.046088000000000018e-01
1.100451199999999963e-01
9.202989999999999782e-02
7.786287999999999543e-02
7.145596999999999366e-02
7.408344999999999514e-02
8.434187999999999408e-02
8.897850000000000203e-02
9.317164999999999475e-02
7.237925000000000608e-02
7.194145000000000401e-02
7.724815000000000154e-02
9.910183000000000186e-02
8.389704000000000605e-02
8.762704999999999800e-02
8.947552000000000283e-02
7.666974999999999485e-02
8.644954000000000527e-02
1.133672700000000061e-01
9.497221000000000135e-02
7.688730000000000564e-02
6.957478000000000273e-02
6.764328000000000007e-02
8.213351000000000679e-02
8.266848999999999725e-02
8.249049999999999438e-02
9.688130000000000353e-02
1.117302700000000065e-01
1.076472400000000051e-01
9.605787999999999827e-02
1.163423700000000005e-01
8.417280000000000595e-02
9.096036999999999872e-02
8.910598999999999603e-02
9.499040000000000261e-02
1.153076100000000048e-01
1.312485499999999916e-01
1.593971100000000085e-01
1.413713199999999948e-01
1.776104900000000097e-01
2.088450299999999871e-01
1.235533099999999995e-01
8.441020999999999941e-02
8.690585000000000671e-02
9.137473000000000123e-02
1.787162300000000037e-01
3.061845599999999945e-01
4.435255200000000064e-01
4.447606800000000193e-01
4.809825099999999742e-01
4.556466599999999811e-01
4.862701600000000068e-01
4.653789400000000187e-01
2.929578999999999933e-01
2.142452400000000035e-01
1.265300099999999983e-01
7.084688999999999570e-02
