6.039027000000000284e-02
8.246093000000000173e-02
6.746156999999999848e-02
7.075412999999999841e-02
8.249067000000000205e-02
9.915997999999999479e-02
8.705408000000000590e-02
8.349041999999999575e-02
1.241830399999999945e-01
1.742840400000000012e-01
1.962128900000000009e-01
1.913496100000000033e-01
1.408948899999999949e-01
1.114897599999999933e-01
8.437743000000000326e-02
9.698882000000000336e-02
1.480577600000000105e-01
1.746475500000000125e-01
3.068969500000000017e-01
4.027475699999999992e-01
4.018661099999999986e-01
3.894827699999999782e-01
3.114086400000000143e-01
2.296484299999999867e-01
1.490977699999999906e-01
9.704485999999999668e-02
8.062312000000000645e-02
7.042006000000000654e-02
7.792759000000000491e-02
8.130159000000000691e-02
8.231699000000000654e-02
9.154937000000000491e-02
1.144629900000000006e-01
1.211826599999999976e-01
1.483632900000000088e-01
8.877358999999999944e-02
9.361846999999999530e-02
8.954009000000000273e-02
8.599357000000000528e-02
9.658566999999999847e-02
8.790681999999999663e-02
9.146785000000000332e-02
1.024164600000000008e-01
8.189055000000000639e-02
6.952582000000000206e-02
7.001451000000000202e-02
7.186260999999999344e-02
6.878186000000000022e-02
7.065470000000000084e-02
7.175528999999999935e-02
7.838470000000000160e-02
8.946228000000000513e-02
7.356693999999999733e-02
7.413525999999999450e-02
7.376916999999999502e-02
7.630953000000000042e-02
7.745744999999999714e-02
7.382631000000000610e-02
7.548692999999999376e-02
7.726513000000000131e-02
7.035584999999999756e-02
6.858847999999999334e-02
7.614176999999999751e-02
5.529043000000000152e-02
