5.313868000000000064e-02
6.616885999999999601e-02
6.941619999999999735e-02
7.288880999999999832e-02
7.618540999999999508e-02
8.181401000000000645e-02
6.794999000000000178e-02
6.580909000000000064e-02
6.860099000000000058e-02
6.713312000000000446e-02
7.336863000000000412e-02
7.670528000000000068e-02
8.215355000000000574e-02
8.300453000000000692e-02
7.345321999999999962e-02
8.111355000000000648e-02
8.713144000000000444e-02
6.955965000000000065e-02
7.369021000000000599e-02
7.560501000000000027e-02
6.701495000000000368e-02
7.112472000000000238e-02
8.727273000000000669e-02
9.236661999999999650e-02
1.067079600000000045e-01
1.136586900000000067e-01
1.082632500000000053e-01
1.182686599999999977e-01
1.009841499999999948e-01
1.144173700000000043e-01
8.053452999999999307e-02
6.580407000000000617e-02
7.906428000000000067e-02
8.642996999999999486e-02
7.559662999999999800e-02
7.623530000000000584e-02
8.732597999999999749e-02
1.057087599999999988e-01
1.051552399999999970e-01
1.068015600000000037e-01
9.622740999999999933e-02
7.918495000000000394e-02
7.801603999999999484e-02
7.614408999999999761e-02
9.190439000000000247e-02
1.266314699999999960e-01
1.735072000000000003e-01
1.908517200000000025e-01
1.896584600000000009e-01
1.532276700000000103e-01
1.255775100000000033e-01
1.110224699999999981e-01
8.598714000000000357e-02
7.749422000000000255e-02
7.144701000000000524e-02
6.965746999999999911e-02
6.623727000000000087e-02
6.674681999999999837e-02
6.995527999999999469e-02
6.669912999999999537e-02
6.685069999999999901e-02
7.311471999999999416e-02
6.422099000000000557e-02
5.381087999999999844e-02
