6.196192999999999840e-02
9.223702000000000290e-02
8.150066000000000255e-02
8.348833999999999422e-02
8.378368999999999400e-02
7.617276000000000602e-02
6.659871000000000540e-02
6.776184999999999847e-02
6.928325999999999929e-02
8.543586999999999709e-02
8.855905000000000027e-02
7.988312999999999664e-02
7.010706999999999356e-02
7.591177999999999815e-02
7.912963000000000635e-02
7.388300000000000423e-02
8.385512000000000521e-02
7.854057999999999873e-02
7.351470999999999700e-02
6.872045999999999710e-02
7.427838000000000496e-02
8.857694000000000678e-02
8.146918999999999689e-02
7.044644999999999380e-02
7.159849000000000074e-02
7.462267999999999679e-02
7.597528000000000614e-02
8.742469999999999408e-02
8.900418999999999692e-02
8.887604999999999811e-02
1.122709999999999958e-01
9.763979000000000408e-02
9.938202000000000147e-02
9.042680000000000162e-02
7.902869999999999340e-02
7.131363999999999759e-02
1.052429000000000003e-01
1.200470800000000005e-01
1.280285100000000120e-01
9.939876999999999740e-02
1.089324700000000035e-01
1.171194499999999999e-01
1.180638199999999999e-01
1.097795200000000054e-01
1.070009100000000046e-01
8.171821999999999420e-02
9.946074000000000581e-02
1.622521899999999906e-01
2.635630099999999865e-01
3.558551999999999826e-01
4.379477800000000087e-01
4.352740299999999785e-01
4.032360899999999915e-01
3.822532000000000152e-01
3.080795399999999851e-01
2.420857100000000095e-01
1.238117700000000015e-01
9.699069999999999914e-02
8.378173999999999344e-02
7.477744999999999531e-02
7.026237999999999928e-02
7.950698999999999961e-02
9.547584000000000626e-02
5.858279000000000264e-02
