1.594817299999999882e-01
3.528629799999999928e-01
2.876497800000000216e-01
2.498765099999999961e-01
1.895305499999999921e-01
1.564416700000000049e-01
1.314695600000000131e-01
9.851037999999999462e-02
7.341475999999999558e-02
8.261084999999999956e-02
9.164305000000000367e-02
9.499738000000000626e-02
1.148514399999999991e-01
1.877151999999999987e-01
2.406137700000000046e-01
1.979765400000000064e-01
1.526802800000000016e-01
1.441248499999999988e-01
1.117990799999999951e-01
9.284262999999999544e-02
8.796748000000000067e-02
8.814639999999999975e-02
7.736796999999999425e-02
7.009732999999999936e-02
7.974122999999999628e-02
9.063984999999999403e-02
8.841417000000000026e-02
8.921007999999999716e-02
8.453586999999999907e-02
7.489724000000000381e-02
7.109677999999999831e-02
7.408393000000000617e-02
7.366351000000000149e-02
7.191914000000000640e-02
7.773652999999999813e-02
8.353789000000000353e-02
7.803933000000000397e-02
8.106434999999999336e-02
7.523733999999999977e-02
7.585427000000000142e-02
7.843762999999999430e-02
7.321241000000000554e-02
8.796072000000000612e-02
7.589588999999999364e-02
7.763430999999999804e-02
8.327845000000000386e-02
8.980712000000000417e-02
9.104476999999999709e-02
7.907960999999999463e-02
7.277706000000000452e-02
6.764422000000000490e-02
6.915448000000000428e-02
7.767142000000000490e-02
8.187195999999999363e-02
7.739572000000000118e-02
7.180493000000000292e-02
7.225239999999999441e-02
7.569919999999999427e-02
8.140954999999999719e-02
6.974291000000000518e-02
7.778493999999999686e-02
6.865338999999999470e-02
7.088266000000000011e-02
5.988377000000000283e-02
