8.778632999999999575e-02
1.995767800000000092e-01
3.052618200000000170e-01
3.890003300000000053e-01
4.632945099999999927e-01
5.122037499999999577e-01
5.368188600000000088e-01
4.386970399999999826e-01
3.746843000000000257e-01
3.275843299999999791e-01
3.261392100000000127e-01
2.107830599999999943e-01
1.647692500000000060e-01
9.767944000000000626e-02
1.011531299999999939e-01
1.052141000000000048e-01
1.253174699999999864e-01
1.649093600000000048e-01
1.919155899999999970e-01
1.557432400000000050e-01
2.156614799999999887e-01
2.062329499999999982e-01
1.277285499999999963e-01
9.424939000000000233e-02
7.811956999999999929e-02
7.763301999999999703e-02
8.096277000000000335e-02
9.384947000000000428e-02
9.186656999999999462e-02
1.008849400000000063e-01
6.925367000000000328e-02
6.741208999999999396e-02
7.259640000000000537e-02
6.943269000000000524e-02
6.761464000000000363e-02
8.006320000000000103e-02
7.583905999999999981e-02
7.419217000000000173e-02
8.704745999999999317e-02
1.003543999999999964e-01
8.663485999999999410e-02
9.028654999999999320e-02
7.557189000000000267e-02
8.318337000000000647e-02
8.088212000000000179e-02
9.831156000000000617e-02
9.310891000000000306e-02
7.710994000000000181e-02
6.984601999999999478e-02
6.613890999999999520e-02
6.806136000000000130e-02
7.899820000000000453e-02
9.620072000000000345e-02
9.927577999999999403e-02
9.164041000000000547e-02
7.660719000000000556e-02
7.568305999999999645e-02
9.307060999999999806e-02
1.023907399999999940e-01
7.954506000000000077e-02
8.237086999999999881e-02
6.801735000000000420e-02
7.424482999999999777e-02
6.155748999999999943e-02
