7.677116999999999969e-02
1.652316600000000024e-01
1.014554599999999973e-01
7.231347000000000469e-02
8.273255000000000192e-02
1.163878799999999991e-01
1.747172300000000011e-01
2.764410400000000267e-01
3.249721199999999754e-01
4.010170399999999913e-01
4.336231400000000180e-01
3.790873599999999843e-01
3.501786599999999749e-01
2.852608899999999892e-01
2.186478500000000047e-01
1.334920199999999890e-01
1.240899599999999992e-01
8.018724000000000685e-02
8.002347999999999406e-02
9.347759999999999403e-02
8.741429000000000560e-02
9.543440999999999730e-02
1.305298400000000081e-01
1.495868700000000107e-01
1.796768599999999938e-01
1.730328399999999933e-01
1.267178200000000088e-01
8.241213000000000011e-02
9.379036999999999791e-02
8.832104999999999817e-02
9.562460000000000404e-02
9.504709000000000074e-02
8.034958999999999851e-02
8.337157000000000595e-02
9.477180999999999800e-02
9.289872000000000407e-02
7.564965999999999358e-02
8.854336000000000151e-02
8.560969000000000217e-02
8.098212000000000466e-02
7.467340999999999562e-02
7.981375000000000275e-02
7.343022000000000438e-02
8.752577999999999747e-02
8.115909999999999791e-02
8.364024000000000458e-02
7.983922000000000241e-02
7.050932999999999506e-02
7.046091000000000160e-02
8.275852999999999682e-02
9.783980000000000454e-02
1.008956099999999967e-01
8.410855000000000414e-02
6.948944999999999428e-02
7.478046000000000693e-02
9.107898000000000382e-02
8.961027000000000575e-02
7.713685000000000680e-02
8.482111000000000511e-02
7.933603999999999656e-02
7.047375999999999641e-02
7.827784999999999604e-02
8.078435999999999950e-02
5.999863999999999892e-02
