5.677573999999999815e-02
7.621028999999999998e-02
8.317505999999999511e-02
8.619854999999999878e-02
8.774005999999999472e-02
9.202702000000000104e-02
7.438540000000000429e-02
6.588813999999999782e-02
7.094332999999999889e-02
8.095162999999999665e-02
1.133997499999999936e-01
1.202859399999999940e-01
9.530629000000000184e-02
9.048701000000000660e-02
7.907986999999999655e-02
9.698384000000000171e-02
1.087879600000000030e-01
7.604297000000000140e-02
7.225183000000000300e-02
7.582448999999999439e-02
7.207397999999999583e-02
8.270027000000000628e-02
9.412212999999999830e-02
8.070521999999999418e-02
1.012680900000000050e-01
9.942236999999999603e-02
1.077413599999999944e-01
1.112150799999999939e-01
9.954005000000000492e-02
1.158735899999999985e-01
9.099973999999999563e-02
6.510225000000000040e-02
7.875590000000000368e-02
1.066996100000000003e-01
1.021135400000000026e-01
9.894300000000000317e-02
8.943552000000000446e-02
1.204771599999999998e-01
1.460432999999999870e-01
1.330127899999999919e-01
1.017293600000000048e-01
9.406531999999999394e-02
1.257085699999999917e-01
1.847839199999999904e-01
2.303315999999999975e-01
3.096646100000000068e-01
4.294353100000000145e-01
4.231986999999999832e-01
4.338682899999999898e-01
3.348784100000000152e-01
3.060025299999999948e-01
2.331217999999999901e-01
1.387780600000000086e-01
9.793155000000000610e-02
7.268710999999999922e-02
7.417651999999999579e-02
8.320457000000000547e-02
1.065347700000000009e-01
1.147592600000000018e-01
1.319023699999999910e-01
1.617694899999999880e-01
1.507633600000000129e-01
1.172382700000000055e-01
6.290038000000000573e-02
