5.728764000000000078e-02
9.426122000000000667e-02
1.406159499999999896e-01
1.343320899999999873e-01
1.602526300000000070e-01
2.023612599999999873e-01
2.316757999999999873e-01
1.543449799999999927e-01
1.142397200000000029e-01
6.769150000000000167e-02
7.670390000000000541e-02
1.228651099999999996e-01
2.179174999999999862e-01
3.634557400000000271e-01
4.316212799999999961e-01
4.663275199999999954e-01
5.050259200000000170e-01
4.141116400000000031e-01
2.955887899999999902e-01
2.313139300000000009e-01
1.432610300000000114e-01
8.476580999999999699e-02
6.953326999999999425e-02
7.180487000000000675e-02
9.779946999999999946e-02
1.098283399999999965e-01
1.477488000000000135e-01
1.537295899999999993e-01
1.399784799999999885e-01
1.631894100000000070e-01
1.228755400000000053e-01
8.361314999999999720e-02
8.064905999999999464e-02
8.679555999999999383e-02
9.402625000000000566e-02
1.052820899999999948e-01
9.467277999999999805e-02
6.913534999999999819e-02
7.226602999999999499e-02
7.350513999999999659e-02
8.762438999999999645e-02
7.191959000000000546e-02
6.717892999999999781e-02
6.855506000000000100e-02
6.974629000000000245e-02
6.693416000000000643e-02
7.147802000000000322e-02
7.857226999999999961e-02
8.058340999999999421e-02
8.645880000000000232e-02
8.197878000000000109e-02
7.786655000000000659e-02
6.938394999999999979e-02
6.704274999999999818e-02
7.221895000000000397e-02
7.579373999999999834e-02
8.566862000000000088e-02
7.878834999999999311e-02
7.538528999999999369e-02
7.454853999999999647e-02
6.717251999999999945e-02
6.740425999999999362e-02
7.303964999999999763e-02
5.876164999999999861e-02
