5.112482000000000137e-02
8.490551000000000348e-02
7.062622999999999818e-02
7.697621999999999798e-02
7.918777000000000454e-02
7.699599000000000026e-02
6.522682999999999953e-02
6.999107000000000245e-02
7.618247000000000213e-02
8.374344999999999706e-02
8.133516999999999830e-02
8.653772999999999327e-02
8.248941999999999386e-02
6.672949000000000241e-02
7.341926999999999481e-02
9.106388999999999456e-02
8.543035000000000212e-02
7.635967000000000449e-02
7.001920000000000366e-02
6.864605000000000012e-02
7.256182999999999383e-02
1.089809100000000003e-01
1.185638499999999984e-01
7.789058000000000093e-02
7.035618000000000427e-02
7.018035000000000245e-02
8.158550000000000524e-02
9.564997000000000082e-02
9.678865999999999858e-02
7.440336000000000172e-02
6.706626000000000254e-02
7.529597999999999847e-02
8.011912000000000200e-02
7.475697000000000592e-02
7.413184999999999913e-02
7.530501000000000555e-02
8.067214000000000329e-02
1.013299399999999933e-01
9.895534999999999748e-02
8.096494999999999387e-02
6.703378999999999588e-02
8.257022999999999446e-02
9.898474000000000161e-02
9.791455000000000297e-02
9.813310999999999562e-02
1.070649000000000045e-01
1.028876900000000039e-01
1.327270600000000078e-01
1.125739600000000007e-01
1.174599999999999950e-01
9.619263999999999593e-02
9.994400999999999979e-02
7.434261999999999815e-02
9.063298000000000187e-02
1.358645599999999953e-01
1.636868900000000016e-01
2.501051100000000194e-01
3.046409199999999817e-01
3.639131800000000028e-01
3.761917399999999967e-01
3.754676900000000206e-01
3.500480699999999890e-01
2.695009099999999824e-01
6.532541999999999516e-02
