5.684137000000000217e-02
6.950605999999999451e-02
6.600731999999999433e-02
6.765462999999999338e-02
6.622712000000000043e-02
6.692575000000000607e-02
6.476516999999999691e-02
6.356491999999999698e-02
6.616545999999999539e-02
6.863721000000000405e-02
6.881373000000000351e-02
6.652552000000000465e-02
6.517620000000000358e-02
6.693701000000000512e-02
6.683625999999999456e-02
6.863368999999999720e-02
7.192258999999999458e-02
6.907444000000000084e-02
6.639251000000000180e-02
6.520442999999999378e-02
6.929019000000000150e-02
7.344704999999999984e-02
7.261315999999999604e-02
6.726672999999999680e-02
6.545347999999999444e-02
6.686269999999999714e-02
6.957286999999999499e-02
7.372157000000000016e-02
7.227500000000000591e-02
6.931102000000000096e-02
6.753594000000000264e-02
6.505858999999999948e-02
6.873730999999999591e-02
7.153850000000000486e-02
7.561379999999999491e-02
7.212208000000000507e-02
6.990180000000000005e-02
7.943786999999999376e-02
8.566704999999999459e-02
7.349401999999999324e-02
6.603364000000000456e-02
7.461473000000000411e-02
9.940867999999999927e-02
1.120860699999999960e-01
1.026581099999999969e-01
8.104640999999999929e-02
6.973258999999999708e-02
7.138228000000000628e-02
8.397786000000000139e-02
1.191843300000000050e-01
1.743094599999999994e-01
1.827860299999999882e-01
2.032602599999999982e-01
2.200493500000000047e-01
2.239116600000000123e-01
2.051956199999999952e-01
1.941077400000000008e-01
1.517700100000000107e-01
1.252031899999999920e-01
1.025956799999999947e-01
7.415716999999999448e-02
6.925734999999999530e-02
7.375761000000000123e-02
5.954051999999999956e-02
