5.713030999999999665e-02
6.738644000000000578e-02
6.776822000000000401e-02
7.318984000000000600e-02
7.869276000000000049e-02
8.993221999999999328e-02
1.000130500000000061e-01
8.853060000000000096e-02
8.672367000000000270e-02
7.012467999999999479e-02
6.971212000000000242e-02
7.304952000000000667e-02
8.067375000000000240e-02
8.900969000000000242e-02
7.685767000000000293e-02
7.730433000000000443e-02
7.099126999999999521e-02
7.498056999999999639e-02
8.278267999999999738e-02
9.730946000000000040e-02
8.508678999999999548e-02
7.053856000000000015e-02
7.877884999999999749e-02
8.577456999999999443e-02
8.849830000000000196e-02
9.917934999999999945e-02
8.237582000000000237e-02
7.578679000000000665e-02
7.082984999999999975e-02
6.823405000000000442e-02
7.099213999999999525e-02
7.483747999999999789e-02
7.162058999999999787e-02
7.941723000000000532e-02
9.427592999999999390e-02
8.855003999999999653e-02
7.020999999999999464e-02
7.265483000000000358e-02
8.051368999999999887e-02
7.390834000000000292e-02
7.495063000000000419e-02
7.411858999999999809e-02
7.578901000000000387e-02
8.925339999999999663e-02
9.175785999999999665e-02
8.213101000000000429e-02
8.491906999999999928e-02
8.780319000000000318e-02
7.631644999999999401e-02
7.311913000000000440e-02
7.386565999999999965e-02
7.544874000000000025e-02
8.936312999999999895e-02
1.091823799999999955e-01
1.199026900000000062e-01
1.227336700000000030e-01
1.193517199999999945e-01
1.089947700000000047e-01
1.259123400000000115e-01
1.147848699999999972e-01
8.914379000000000053e-02
8.701472999999999847e-02
7.737929000000000335e-02
5.549355999999999733e-02
