5.629731999999999792e-02
6.715401999999999483e-02
6.395744999999999902e-02
6.768066999999999833e-02
6.768928000000000444e-02
6.952793999999999641e-02
6.366151000000000448e-02
6.519160000000000232e-02
6.560388000000000330e-02
6.949790999999999608e-02
6.904303000000000523e-02
7.065396999999999650e-02
6.703138000000000152e-02
6.585380000000000400e-02
6.816679999999999962e-02
7.320253999999999650e-02
7.098593999999999737e-02
6.778185000000000460e-02
6.673724999999999796e-02
6.498395999999999340e-02
6.811836999999999753e-02
7.678422000000000025e-02
7.585693000000000297e-02
6.856719999999999482e-02
6.491392999999999469e-02
6.892484999999999584e-02
6.935721999999999721e-02
7.503956999999999988e-02
7.341150000000000453e-02
6.747221000000000468e-02
6.476830999999999561e-02
6.620829000000000297e-02
7.162773999999999530e-02
7.216485999999999734e-02
6.761005000000000487e-02
6.817566999999999378e-02
6.988134999999999486e-02
7.846185999999999439e-02
7.339698000000000055e-02
6.799336000000000269e-02
6.553151000000000115e-02
6.622243999999999353e-02
7.335155000000000147e-02
7.789018999999999804e-02
7.298256000000000188e-02
7.308807999999999971e-02
7.581772999999999985e-02
8.217932000000000015e-02
8.062866000000000477e-02
8.456932999999999812e-02
7.862624999999999476e-02
7.353134000000000059e-02
6.801211000000000062e-02
7.781322000000000239e-02
1.020902399999999988e-01
1.170112100000000044e-01
1.364553400000000083e-01
1.402618999999999949e-01
1.533997400000000066e-01
1.638464199999999926e-01
1.547108299999999936e-01
1.487583199999999994e-01
1.022821000000000008e-01
5.606415000000000010e-02
