6.924088000000000465e-02
1.077974899999999958e-01
7.984660999999999842e-02
7.026678000000000091e-02
1.019255899999999965e-01
1.302601800000000032e-01
2.110846299999999953e-01
2.429293700000000056e-01
2.666761599999999954e-01
2.731009999999999827e-01
2.793885500000000133e-01
2.173015500000000100e-01
1.826826900000000087e-01
1.555319300000000127e-01
1.123101299999999941e-01
9.241821999999999537e-02
9.037707999999999853e-02
6.740786999999999474e-02
6.713489999999999736e-02
7.288184999999999802e-02
7.245574999999999932e-02
7.256737000000000604e-02
7.452382000000000450e-02
7.269446999999999715e-02
8.330743000000000176e-02
8.345706999999999431e-02
7.382081000000000059e-02
6.774586999999999970e-02
7.082947000000000548e-02
7.225998999999999617e-02
7.281969000000000636e-02
6.839306000000000552e-02
7.041007999999999989e-02
6.815485000000000293e-02
6.721212999999999493e-02
6.705471999999999821e-02
6.926901000000000586e-02
7.323282999999999876e-02
7.615616999999999526e-02
6.964879000000000209e-02
6.607928999999999886e-02
6.692088000000000203e-02
6.994886000000000159e-02
8.181789999999999896e-02
7.149529000000000301e-02
7.552399999999999392e-02
7.308939000000000408e-02
6.802411999999999348e-02
6.788265999999999745e-02
7.703164999999999318e-02
8.317436999999999747e-02
8.814056000000000668e-02
7.911993000000000498e-02
6.910291000000000350e-02
7.001817000000000457e-02
7.528466999999999798e-02
7.708041000000000198e-02
7.573757999999999879e-02
8.213133999999999713e-02
7.531156999999999435e-02
7.318634999999999724e-02
7.576452999999999660e-02
7.498077999999999688e-02
5.882505999999999846e-02
