8.096649000000000207e-02
1.639741399999999905e-01
1.964332500000000037e-01
2.340505999999999975e-01
2.321068500000000034e-01
2.442727199999999987e-01
2.234675899999999937e-01
1.811088899999999946e-01
1.418381499999999962e-01
1.320905500000000010e-01
1.212389499999999981e-01
8.054094000000000531e-02
7.738746999999999987e-02
7.271766999999999814e-02
7.611719000000000124e-02
7.372373000000000121e-02
8.515675999999999801e-02
1.018290099999999976e-01
9.711794999999999456e-02
8.867748000000000297e-02
1.055511100000000035e-01
1.013795400000000041e-01
8.366959999999999675e-02
7.360634000000000621e-02
6.785433000000000436e-02
7.080752999999999353e-02
6.893214999999999759e-02
7.177772999999999792e-02
7.824221000000000648e-02
7.895621999999999363e-02
6.850486000000000075e-02
6.744160000000000432e-02
6.682357999999999354e-02
6.690326000000000606e-02
6.907354000000000271e-02
6.838722999999999330e-02
6.617341000000000195e-02
6.768886999999999821e-02
7.845536999999999650e-02
8.422710999999999393e-02
7.175317999999999974e-02
7.434454000000000062e-02
6.932592999999999395e-02
7.797102999999999673e-02
8.352745999999999782e-02
8.919507000000000130e-02
7.603343999999999381e-02
7.093702000000000341e-02
6.770270999999999928e-02
6.640622999999999665e-02
7.035697999999999952e-02
7.505209999999999659e-02
7.516507999999999523e-02
7.829463000000000394e-02
8.163710999999999884e-02
7.445042999999999800e-02
7.572689000000000503e-02
8.215912000000000215e-02
8.518942000000000181e-02
7.470611000000000612e-02
7.176755999999999414e-02
6.807236999999999316e-02
6.713520000000000598e-02
6.235802000000000012e-02
