5.277662999999999799e-02
8.261548000000000502e-02
8.108015999999999834e-02
7.016888000000000292e-02
6.704559999999999687e-02
6.840962999999999905e-02
6.663080000000000391e-02
7.123901000000000538e-02
7.964335000000000164e-02
1.048571999999999976e-01
1.022483299999999984e-01
1.172838799999999931e-01
1.134292600000000040e-01
9.806180999999999925e-02
8.354316999999999993e-02
7.163042999999999494e-02
7.218934999999999935e-02
8.448176999999999770e-02
1.182125599999999943e-01
1.685429400000000022e-01
2.191384600000000071e-01
2.878343199999999769e-01
2.595052999999999943e-01
2.243008300000000066e-01
1.578734099999999918e-01
1.085423799999999939e-01
9.035142999999999647e-02
7.146568999999999838e-02
7.020212000000000674e-02
8.275546000000000291e-02
8.232736000000000220e-02
1.041704299999999944e-01
1.214920699999999937e-01
1.200294400000000011e-01
1.373594399999999993e-01
9.485354000000000008e-02
9.430566999999999422e-02
7.657184999999999686e-02
7.523707000000000311e-02
8.037843999999999545e-02
8.665846000000000660e-02
8.333949999999999692e-02
8.968106000000000688e-02
7.451525000000000509e-02
6.737985000000000502e-02
7.217339999999999867e-02
7.364276000000000155e-02
6.964826999999999824e-02
6.799257000000000217e-02
7.588048000000000015e-02
7.535534000000000676e-02
8.485813999999999857e-02
7.491420999999999497e-02
7.094760999999999429e-02
7.130211999999999661e-02
8.627514999999999490e-02
8.649834000000000689e-02
8.477495999999999643e-02
9.096522999999999415e-02
9.869224000000000052e-02
7.085060999999999443e-02
7.448709000000000580e-02
8.664863000000000426e-02
5.910688000000000053e-02
