1.246890300000000062e-01
3.305042100000000205e-01
3.629317599999999922e-01
3.692142099999999871e-01
3.465831899999999854e-01
3.517194399999999943e-01
3.040705000000000213e-01
2.139843600000000123e-01
1.666757600000000061e-01
1.257654699999999903e-01
1.120433400000000052e-01
9.354155999999999582e-02
8.887111000000000316e-02
9.463262999999999536e-02
1.015645599999999982e-01
1.195350399999999952e-01
1.115073500000000051e-01
1.531924199999999958e-01
1.376623499999999889e-01
1.087959599999999971e-01
9.902877000000000207e-02
9.209960999999999842e-02
7.526890999999999443e-02
7.337794999999999734e-02
7.768025000000000624e-02
8.352869999999999739e-02
7.056363999999999692e-02
7.410803000000000529e-02
7.686688999999999328e-02
7.667441999999999314e-02
7.111024000000000511e-02
7.127263000000000348e-02
7.285186000000000439e-02
6.854206000000000187e-02
6.813553999999999444e-02
6.935710000000000486e-02
6.662126000000000159e-02
7.139252000000000098e-02
7.705845000000000056e-02
7.646870000000000056e-02
6.983451999999999715e-02
7.581746000000000318e-02
7.609937999999999425e-02
9.171205000000000329e-02
9.266694000000000320e-02
8.261897999999999465e-02
7.167179999999999385e-02
7.005967000000000444e-02
7.059674999999999978e-02
7.178170000000000384e-02
7.140654999999999919e-02
7.592873999999999457e-02
7.314141999999999866e-02
6.988120999999999916e-02
6.967795000000000238e-02
7.488158000000000314e-02
7.322639000000000231e-02
7.974272000000000304e-02
8.340411000000000352e-02
7.177762999999999505e-02
6.553259999999999641e-02
7.118860999999999939e-02
7.005232999999999599e-02
5.911211000000000243e-02
