1.017658899999999977e-01
1.920268400000000042e-01
1.529349999999999876e-01
1.444147699999999979e-01
1.252577300000000116e-01
1.212510100000000063e-01
1.103346899999999992e-01
8.876700999999999342e-02
6.588634000000000157e-02
7.296679999999999833e-02
7.506063000000000318e-02
7.550724999999999798e-02
8.597084000000000670e-02
1.287173199999999962e-01
1.568110100000000007e-01
1.330329000000000095e-01
1.103568600000000011e-01
1.108953399999999950e-01
8.956496999999999375e-02
8.401641999999999444e-02
7.970887000000000111e-02
8.024404000000000259e-02
7.451691000000000564e-02
6.709542999999999757e-02
7.254671000000000036e-02
8.023022999999999960e-02
7.304541999999999979e-02
7.511750999999999845e-02
7.324545000000000361e-02
6.810088000000000252e-02
7.495319999999999760e-02
7.248759000000000452e-02
7.454325000000000534e-02
6.636814000000000602e-02
7.050312000000000245e-02
7.114354000000000511e-02
6.805074999999999319e-02
7.310315000000000563e-02
7.186689000000000271e-02
6.531850999999999630e-02
6.380742999999999832e-02
6.615616000000000552e-02
7.237019000000000091e-02
6.775496000000000296e-02
6.800546000000000368e-02
6.609610000000000485e-02
7.126282000000000449e-02
7.437286999999999371e-02
7.118164999999999909e-02
6.835742999999999681e-02
6.743006000000000000e-02
6.566885999999999557e-02
6.508057000000000425e-02
6.789905999999999719e-02
7.007199999999999540e-02
6.788719999999999477e-02
6.672129000000000254e-02
6.572003999999999346e-02
6.651329000000000269e-02
6.795452999999999910e-02
6.938684999999999992e-02
7.109131999999999951e-02
6.457206999999999530e-02
5.471513000000000071e-02
