5.956220999999999738e-02
8.051764000000000143e-02
8.690915000000000445e-02
7.884742000000000139e-02
8.740786999999999862e-02
9.258531999999999873e-02
1.191902100000000048e-01
1.136835600000000029e-01
1.288992899999999997e-01
8.463830999999999438e-02
8.137750000000000539e-02
6.842924999999999702e-02
7.081548999999999483e-02
9.155048000000000352e-02
1.127384099999999972e-01
1.295711999999999975e-01
1.225834900000000033e-01
9.286788999999999461e-02
1.312462100000000020e-01
1.579182899999999889e-01
1.935136899999999882e-01
9.677468999999999655e-02
8.110805999999999572e-02
8.457499000000000267e-02
1.593544000000000072e-01
2.614451099999999806e-01
3.691099600000000147e-01
4.098560800000000115e-01
4.424123799999999940e-01
3.278308799999999912e-01
2.532682700000000175e-01
1.789461099999999916e-01
1.382496800000000137e-01
7.401041999999999343e-02
7.441707999999999656e-02
8.582312000000000274e-02
8.663136999999999921e-02
1.221859200000000034e-01
1.276905700000000032e-01
1.203343000000000051e-01
1.417603000000000057e-01
1.295341999999999882e-01
1.149251200000000056e-01
7.832669999999999910e-02
6.841756000000000226e-02
7.114228000000000218e-02
8.036435000000000106e-02
8.219160999999999828e-02
7.260627000000000053e-02
7.930808999999999775e-02
7.719138999999999862e-02
7.061027999999999749e-02
7.820620000000000349e-02
7.991808000000000245e-02
7.993121000000000254e-02
6.782227999999999868e-02
6.683791999999999511e-02
6.814836999999999978e-02
6.812255000000000393e-02
7.272051000000000209e-02
6.920363999999999682e-02
7.526272999999999991e-02
7.561257999999999868e-02
5.700336999999999765e-02
