6.618229999999999946e-02
9.051272000000000484e-02
1.267705899999999886e-01
1.251644199999999985e-01
1.424034799999999990e-01
1.703461599999999965e-01
1.170336700000000063e-01
7.531538999999999595e-02
6.995597000000000620e-02
1.055510900000000002e-01
1.486033099999999885e-01
2.533937700000000182e-01
3.450893199999999772e-01
3.665980400000000139e-01
3.577773000000000203e-01
3.636907899999999860e-01
3.319475900000000146e-01
2.468147699999999889e-01
1.529380399999999973e-01
8.677158000000000093e-02
7.388976999999999351e-02
7.471967000000000192e-02
7.763009999999999355e-02
8.234739000000000642e-02
9.763212000000000279e-02
1.164885799999999944e-01
1.350688800000000023e-01
1.583087699999999876e-01
1.357812300000000028e-01
1.128957200000000050e-01
1.040385499999999935e-01
8.433343999999999563e-02
9.573748999999999454e-02
1.079044900000000057e-01
9.675064999999999360e-02
1.031201100000000009e-01
9.517038999999999360e-02
7.355174000000000434e-02
7.701576000000000255e-02
7.461102000000000012e-02
7.890763000000000638e-02
6.887034999999999685e-02
7.148801999999999934e-02
7.145633999999999320e-02
7.121761999999999537e-02
6.937060999999999922e-02
7.019462999999999397e-02
9.082714000000000065e-02
9.373330000000000550e-02
8.820274999999999643e-02
8.331341999999999914e-02
7.103131999999999502e-02
7.281540999999999708e-02
7.876858000000000470e-02
8.531740999999999631e-02
8.166813000000000544e-02
7.674330000000000040e-02
7.128624999999999545e-02
6.828792000000000195e-02
7.160482999999999432e-02
8.294825999999999588e-02
8.032920999999999812e-02
7.759953999999999463e-02
5.854716000000000087e-02
