6.572988000000000441e-02
8.487329000000000401e-02
6.937495999999999940e-02
6.810673000000000421e-02
6.902993000000000323e-02
7.678156999999999344e-02
7.484135000000000093e-02
7.132228000000000179e-02
7.347091000000000038e-02
7.282943000000000056e-02
7.128697999999999979e-02
9.141913000000000122e-02
1.097858699999999937e-01
1.145330999999999988e-01
1.053305699999999984e-01
8.280355000000000354e-02
7.011765999999999832e-02
7.585630999999999624e-02
8.405540999999999707e-02
8.542537999999999521e-02
8.051450999999999747e-02
9.325708000000000608e-02
1.114947899999999964e-01
1.270631000000000121e-01
1.078621000000000024e-01
1.041843400000000003e-01
9.090852000000000654e-02
7.764883000000000202e-02
1.189487300000000025e-01
1.841413699999999987e-01
2.717153999999999958e-01
3.502491099999999746e-01
3.610631499999999994e-01
3.840189299999999806e-01
2.912569300000000250e-01
2.278303700000000043e-01
1.479310400000000136e-01
8.769596000000000335e-02
7.338965000000000072e-02
7.662236000000000047e-02
7.488915000000000155e-02
8.015725999999999407e-02
1.169050600000000051e-01
1.116083199999999970e-01
1.195931699999999986e-01
9.877740000000000131e-02
9.522729000000000610e-02
9.804337999999999942e-02
8.408266000000000351e-02
6.937446999999999364e-02
7.481037000000000103e-02
7.417065999999999937e-02
7.499065000000000591e-02
8.150744999999999518e-02
9.558439000000000518e-02
8.754360999999999393e-02
8.282839000000000174e-02
8.188402999999999654e-02
7.531941999999999804e-02
7.835725999999999802e-02
8.077407999999999810e-02
8.088378000000000234e-02
7.794608000000000092e-02
5.680059999999999970e-02
