6.988049000000000344e-02
1.651264699999999974e-01
1.677279000000000131e-01
1.228541799999999934e-01
9.959824000000000455e-02
8.237635000000000096e-02
1.142373700000000047e-01
1.398595900000000058e-01
1.800400799999999912e-01
2.442441899999999999e-01
3.442431699999999872e-01
3.363207300000000122e-01
3.581085199999999857e-01
3.941366700000000223e-01
2.900622800000000057e-01
2.218314700000000028e-01
1.801574800000000087e-01
1.002756699999999973e-01
7.681401000000000201e-02
7.564142000000000088e-02
8.283735000000000404e-02
8.220188000000000494e-02
9.602542000000000022e-02
9.760238000000000247e-02
1.297027500000000055e-01
1.496756099999999867e-01
1.296574000000000060e-01
1.017201400000000006e-01
8.674004999999999910e-02
7.410384000000000415e-02
8.760402000000000466e-02
8.466650000000000564e-02
9.406267999999999574e-02
1.033692900000000026e-01
9.220688000000000495e-02
1.001180200000000020e-01
8.318528999999999507e-02
7.220883000000000163e-02
7.656114999999999449e-02
7.465724999999999445e-02
7.078837999999999797e-02
7.279206000000000565e-02
6.804688000000000403e-02
7.398101999999999456e-02
7.337248999999999854e-02
8.208036999999999972e-02
8.270967999999999376e-02
8.106700000000000017e-02
7.829060000000000186e-02
6.772195999999999771e-02
8.471420999999999812e-02
9.476811000000000262e-02
9.021500000000000352e-02
8.219442999999999888e-02
7.470714999999999995e-02
7.183804000000000578e-02
7.294080000000000008e-02
7.083549000000000095e-02
8.686006999999999756e-02
8.752943000000000529e-02
8.493262000000000034e-02
7.971411999999999942e-02
7.225639000000000367e-02
5.875075999999999909e-02
