5.780612999999999724e-02
7.096175000000000399e-02
6.484006999999999965e-02
6.879193000000000113e-02
6.669419000000000042e-02
7.037604999999999555e-02
6.832702999999999693e-02
6.430882999999999738e-02
6.377083000000000057e-02
6.931397000000000252e-02
6.960582999999999354e-02
7.510277999999999399e-02
8.353175999999999657e-02
8.249639000000000277e-02
7.315354999999999774e-02
6.896394999999999609e-02
6.937817000000000289e-02
6.935853999999999631e-02
7.494895999999999503e-02
7.158926999999999652e-02
7.006637000000000282e-02
7.790666000000000257e-02
9.168813000000000657e-02
8.412985000000000602e-02
8.086018000000000372e-02
7.568321000000000076e-02
7.085586000000000662e-02
6.673537000000000219e-02
1.010451400000000055e-01
1.127957900000000069e-01
1.567266700000000124e-01
1.599386600000000103e-01
1.656516299999999942e-01
1.990781399999999868e-01
1.504503500000000105e-01
1.316628200000000137e-01
9.632014999999999327e-02
8.415640000000000620e-02
7.447025999999999646e-02
6.959938000000000236e-02
6.717049999999999410e-02
8.009442999999999424e-02
7.469907000000000630e-02
9.493835000000000468e-02
9.997477000000000447e-02
9.097215999999999636e-02
8.611481999999999470e-02
8.477830999999999562e-02
7.972516000000000325e-02
6.987678999999999419e-02
7.377124999999999655e-02
6.742662000000000655e-02
6.595835999999999366e-02
6.902382999999999436e-02
7.549959000000000531e-02
8.789302999999999699e-02
9.439345000000000374e-02
8.230181000000000302e-02
7.982688999999999757e-02
7.340979999999999728e-02
7.235987000000000668e-02
7.707348999999999450e-02
7.076718999999999371e-02
5.446196999999999844e-02
