5.226280999999999982e-02
6.778910000000000491e-02
6.774334999999999385e-02
7.239114000000000659e-02
7.176636999999999600e-02
7.182861000000000107e-02
6.561951000000000589e-02
6.700324000000000557e-02
6.796367000000000380e-02
6.580555000000000432e-02
7.138572999999999447e-02
7.101056000000000035e-02
7.040469000000000588e-02
6.705115999999999854e-02
6.952703999999999829e-02
7.088782999999999890e-02
7.079441999999999680e-02
6.648463999999999763e-02
6.921747999999999790e-02
7.481519000000000363e-02
9.189218999999999860e-02
9.318287999999999571e-02
8.534503999999999702e-02
6.905616000000000532e-02
6.925525999999999904e-02
7.198124000000000189e-02
8.040058999999999401e-02
8.549935999999999647e-02
8.055668000000000550e-02
8.126961000000000601e-02
8.399251000000000633e-02
8.936299000000000325e-02
8.820875999999999717e-02
7.482268000000000252e-02
7.318980999999999404e-02
7.871177000000000035e-02
9.095406999999999798e-02
1.127767499999999951e-01
1.694235799999999903e-01
1.534152900000000097e-01
1.410149800000000120e-01
1.430527600000000010e-01
1.218827400000000033e-01
1.035323400000000005e-01
7.544167000000000234e-02
7.504030999999999896e-02
7.114446000000000658e-02
7.108032999999999713e-02
6.775659000000000542e-02
6.597124000000000044e-02
6.684096000000000481e-02
7.488825000000000343e-02
8.448263000000000300e-02
9.123834999999999584e-02
8.491986999999999453e-02
9.461872999999999811e-02
8.795126999999999806e-02
7.127582000000000362e-02
7.674889000000000017e-02
7.608710000000000473e-02
7.115179000000000642e-02
7.069147000000000625e-02
7.169087000000000376e-02
5.513015000000000276e-02
