5.701392000000000265e-02
9.496150999999999898e-02
1.105134200000000011e-01
1.248488400000000026e-01
1.299536099999999972e-01
1.422045700000000024e-01
1.464615599999999906e-01
1.302842800000000023e-01
1.206057299999999943e-01
1.251665499999999875e-01
1.235616300000000056e-01
8.634830000000000283e-02
8.242270000000000152e-02
7.220355000000000523e-02
7.387754000000000543e-02
7.492571000000000647e-02
7.712065999999999366e-02
9.699117000000000155e-02
9.579646999999999468e-02
7.827348000000000638e-02
9.404933000000000043e-02
8.901017999999999430e-02
7.890603999999999674e-02
7.120513000000000536e-02
6.937081000000000497e-02
7.145231000000000499e-02
7.122773999999999772e-02
7.403023000000000242e-02
7.916468000000000116e-02
9.074451999999999519e-02
6.895573000000000674e-02
6.787363000000000424e-02
6.698664000000000007e-02
6.669081999999999788e-02
6.509653999999999441e-02
7.060172000000000669e-02
6.612004999999999966e-02
7.065575000000000327e-02
7.440805000000000335e-02
8.540290999999999855e-02
7.610632999999999981e-02
7.968231000000000619e-02
7.693431000000000575e-02
7.185624000000000178e-02
8.015424000000000160e-02
9.475930999999999937e-02
8.758385000000000475e-02
7.935899999999999899e-02
7.092007000000000172e-02
6.985252000000000128e-02
6.811752000000000085e-02
7.689556000000000169e-02
9.142828000000000066e-02
8.586351999999999873e-02
8.274808999999999637e-02
7.459768999999999428e-02
7.436834999999999973e-02
9.337270000000000292e-02
1.023607299999999970e-01
8.227990999999999777e-02
8.318364000000000313e-02
6.948949000000000098e-02
7.013661000000000201e-02
7.025407000000000179e-02
