1.068388200000000010e-01
2.678791899999999893e-01
2.364364599999999872e-01
1.301605999999999874e-01
9.728122999999999632e-02
9.089661000000000268e-02
9.293959999999999722e-02
2.603791400000000089e-01
3.881359400000000126e-01
5.450386400000000187e-01
6.101363300000000045e-01
6.313075999999999688e-01
6.407203099999999596e-01
6.038278299999999543e-01
4.909506699999999779e-01
3.841591200000000206e-01
3.029494300000000195e-01
1.536150699999999925e-01
9.914443000000000561e-02
7.947856999999999839e-02
8.988461999999999841e-02
9.132561000000000151e-02
1.114016800000000029e-01
1.701612600000000086e-01
2.564502399999999960e-01
2.645554500000000253e-01
1.979864799999999925e-01
1.501363699999999912e-01
1.119074199999999936e-01
9.958469000000000348e-02
1.082159099999999985e-01
1.160717899999999941e-01
1.196937500000000015e-01
1.392586700000000011e-01
1.336093799999999998e-01
1.351057599999999914e-01
9.948302000000000533e-02
8.350193999999999672e-02
8.890768999999999755e-02
9.736633000000000093e-02
7.914564999999999795e-02
8.845190999999999470e-02
6.621372000000000368e-02
7.928754999999999831e-02
9.102649000000000157e-02
9.549586000000000185e-02
1.046528999999999932e-01
1.012331900000000007e-01
9.324604000000000226e-02
7.717050999999999772e-02
9.370283000000000084e-02
1.030851799999999985e-01
1.056426800000000027e-01
9.653164000000000189e-02
8.658921999999999453e-02
7.234359999999999402e-02
6.582899000000000389e-02
7.096729000000000231e-02
8.645595000000000363e-02
8.769657999999999620e-02
9.772680000000000256e-02
9.174506000000000328e-02
7.190918000000000310e-02
5.993521999999999739e-02
