5.305508999999999920e-02
6.443400999999999990e-02
6.547654999999999448e-02
6.382693000000000394e-02
6.523917999999999384e-02
7.124843000000000148e-02
7.177517999999999398e-02
6.983024000000000175e-02
6.809790000000000287e-02
6.497952999999999368e-02
6.794954999999999745e-02
6.593506000000000367e-02
6.723299000000000636e-02
6.850141999999999343e-02
6.684157999999999766e-02
6.556697999999999693e-02
6.626226000000000338e-02
6.651564000000000088e-02
6.891991000000000089e-02
7.334744999999999460e-02
7.074049999999999783e-02
6.664984999999999660e-02
6.777671999999999863e-02
6.896054999999999546e-02
6.933324000000000431e-02
7.333810999999999802e-02
6.635127999999999859e-02
6.835729999999999584e-02
6.499188000000000187e-02
6.520578999999999958e-02
6.619535000000000002e-02
6.598526000000000391e-02
6.673972000000000238e-02
6.901213999999999960e-02
7.299733999999999390e-02
7.399833000000000105e-02
6.581268999999999314e-02
6.589904000000000595e-02
6.948358999999999785e-02
6.815786000000000067e-02
6.648850000000000593e-02
6.889734000000000136e-02
7.725021999999999445e-02
8.322459000000000107e-02
8.413275000000000614e-02
7.760084000000000426e-02
8.077458999999999334e-02
8.236446000000000045e-02
7.084160000000000457e-02
7.254140000000000588e-02
7.899599999999999678e-02
8.168076000000000503e-02
9.849816000000000127e-02
1.211574900000000066e-01
1.625349799999999956e-01
1.611272199999999877e-01
1.684284500000000073e-01
1.605681800000000048e-01
1.589685100000000073e-01
1.474638600000000022e-01
1.065142899999999976e-01
8.921795000000000420e-02
7.273035999999999390e-02
5.599715000000000248e-02
