7.965783999999999365e-02
1.462348300000000101e-01
9.562239999999999629e-02
7.567973000000000061e-02
1.002239000000000047e-01
1.350075599999999987e-01
2.171648899999999993e-01
3.650617899999999971e-01
4.232770800000000277e-01
4.304440299999999775e-01
4.303693499999999839e-01
3.677031700000000236e-01
3.197369899999999987e-01
2.463054699999999986e-01
1.415143899999999899e-01
1.176371400000000011e-01
1.044223900000000038e-01
7.169910999999999646e-02
7.545316000000000523e-02
8.788664000000000198e-02
9.583120000000000527e-02
1.018454000000000026e-01
1.240848499999999965e-01
1.270707100000000034e-01
1.692191200000000006e-01
1.611007999999999885e-01
1.240984900000000057e-01
8.223020000000000329e-02
8.673113999999999824e-02
8.039119000000000126e-02
9.059939000000000187e-02
8.692036999999999680e-02
7.817715999999999554e-02
7.993163000000000351e-02
9.132671000000000538e-02
8.269372999999999307e-02
8.423100000000000032e-02
8.966933000000000542e-02
8.455004000000000686e-02
7.755286999999999598e-02
7.078526000000000262e-02
7.496896999999999589e-02
8.196477000000000623e-02
8.732995000000000341e-02
8.346789000000000291e-02
7.771184000000000425e-02
7.186385000000000689e-02
6.778130999999999740e-02
6.563222000000000500e-02
8.965813000000000255e-02
9.223001999999999589e-02
9.342050000000000354e-02
7.714218000000000464e-02
6.623118000000000061e-02
7.410632999999999804e-02
9.314124999999999488e-02
9.919221000000000288e-02
7.726750000000000285e-02
8.280880999999999659e-02
8.770543000000000089e-02
6.688175999999999843e-02
7.376713999999999494e-02
7.539174999999999349e-02
5.884653000000000106e-02
