8.358664999999999845e-02
1.608679299999999923e-01
1.550864999999999883e-01
1.370108600000000121e-01
1.070894000000000013e-01
1.031425100000000067e-01
9.580094000000000110e-02
8.038267999999999802e-02
6.735132000000000618e-02
6.976005000000000400e-02
7.425655999999999923e-02
7.185569999999999458e-02
7.696538999999999464e-02
8.545215000000000449e-02
9.662515000000000687e-02
9.474414000000000446e-02
9.362173999999999496e-02
9.905524000000000273e-02
8.909627000000000518e-02
7.380683000000000382e-02
6.770014000000000587e-02
6.518875000000000364e-02
6.505608999999999698e-02
6.591194999999999693e-02
6.982575000000000587e-02
7.187048999999999521e-02
6.854514000000000440e-02
6.492494999999999516e-02
6.824934000000000556e-02
6.722213000000000493e-02
6.581750999999999574e-02
7.128152999999999573e-02
6.579949999999999688e-02
6.576642000000000599e-02
6.493712000000000095e-02
6.500097999999999987e-02
6.583229999999999638e-02
6.620813999999999866e-02
6.976358000000000559e-02
6.747122999999999315e-02
6.563697999999999755e-02
6.968541999999999792e-02
6.997024999999999773e-02
7.317907999999999358e-02
7.397199000000000135e-02
7.247496000000000493e-02
6.864198000000000521e-02
6.647590000000000443e-02
6.490450000000000386e-02
6.684974000000000471e-02
7.098677000000000459e-02
7.330978999999999968e-02
6.889605999999999508e-02
6.854005999999999987e-02
7.053769000000000011e-02
7.022124999999999895e-02
7.046787999999999663e-02
7.430377999999999983e-02
7.586263999999999508e-02
6.954607999999999624e-02
6.795597000000000443e-02
6.752772999999999415e-02
6.479426000000000629e-02
6.045430999999999722e-02
