5.522226999999999691e-02
7.128555000000000308e-02
1.036556800000000000e-01
1.752711499999999867e-01
2.818201499999999915e-01
3.059882500000000172e-01
3.398875000000000091e-01
3.431083600000000011e-01
3.533053999999999917e-01
3.290533700000000117e-01
3.212594100000000230e-01
2.068622699999999870e-01
1.356176099999999995e-01
9.778596000000000510e-02
7.291398000000000323e-02
6.884097000000000133e-02
7.256650000000000600e-02
6.578683999999999921e-02
7.033955000000000068e-02
7.743524000000000240e-02
8.857326999999999562e-02
9.182455999999999952e-02
8.860843999999999665e-02
7.940598999999999574e-02
7.897442999999999824e-02
8.047004000000000656e-02
7.652528999999999582e-02
7.273261000000000309e-02
7.071739000000000497e-02
7.700769999999999837e-02
6.989531999999999690e-02
6.883707000000000020e-02
7.004799999999999915e-02
6.740551000000000181e-02
6.747440000000000382e-02
6.673848999999999754e-02
6.766002999999999601e-02
7.232624999999999471e-02
7.077798000000000422e-02
6.476651999999999409e-02
6.369357999999999964e-02
6.659500000000000142e-02
7.106046000000000584e-02
7.194032999999999678e-02
6.908591000000000037e-02
6.546277999999999819e-02
6.603485000000000604e-02
6.689567999999999903e-02
6.838621999999999757e-02
7.690748999999999502e-02
7.370604000000000045e-02
7.258509000000000488e-02
6.480194999999999705e-02
6.811491000000000073e-02
7.429357999999999795e-02
7.852349000000000134e-02
8.139419000000000515e-02
6.801548999999999789e-02
6.616342000000000056e-02
6.728301999999999894e-02
6.743917000000000661e-02
6.582609999999999850e-02
8.321802999999999839e-02
5.627962999999999716e-02
