5.514187000000000255e-02
7.324629000000000556e-02
6.479105999999999754e-02
6.778428999999999705e-02
6.912677999999999878e-02
7.416643000000000541e-02
7.183858999999999384e-02
6.426795999999999898e-02
6.686264000000000096e-02
7.149899999999999312e-02
6.876311000000000229e-02
7.472273999999999583e-02
7.913878000000000579e-02
8.029640000000000388e-02
8.070433000000000467e-02
7.246004000000000334e-02
6.796502999999999572e-02
6.983672000000000490e-02
7.333544000000000174e-02
7.399256999999999362e-02
7.072881000000000307e-02
7.535603000000000440e-02
8.840876999999999764e-02
8.540598000000000634e-02
9.211845999999999923e-02
9.290112999999999843e-02
7.935926000000000091e-02
7.278893000000000169e-02
9.876252000000000641e-02
1.349791899999999989e-01
1.727545299999999895e-01
1.965894300000000094e-01
2.047359199999999879e-01
2.142043600000000103e-01
1.610395299999999863e-01
1.490739100000000039e-01
1.341178299999999934e-01
8.471889000000000502e-02
7.103626000000000384e-02
6.875881999999999827e-02
7.690747000000000555e-02
6.952395000000000103e-02
9.932857999999999965e-02
7.945101999999999720e-02
8.891216000000000397e-02
8.234075999999999895e-02
7.925815999999999417e-02
8.848619000000000623e-02
8.457251000000000352e-02
6.625875999999999988e-02
6.740126999999999924e-02
6.826785999999999965e-02
7.173013999999999779e-02
6.882383999999999724e-02
7.880183000000000326e-02
7.304914999999999325e-02
7.328297999999999757e-02
7.481280999999999348e-02
7.262299999999999311e-02
7.303136000000000350e-02
6.909558000000000366e-02
6.969754000000000227e-02
6.748479999999999757e-02
5.431023000000000100e-02
