5.534742000000000134e-02
6.433076000000000072e-02
6.674711999999999312e-02
6.715741999999999545e-02
7.099585999999999397e-02
7.619631000000000320e-02
7.801289000000000140e-02
7.630692999999999504e-02
7.294863000000000042e-02
6.736834999999999352e-02
6.691384000000000221e-02
6.786630000000000440e-02
7.278078999999999799e-02
7.523407999999999485e-02
7.060075999999999852e-02
6.880862000000000089e-02
6.955674000000000579e-02
7.476380999999999999e-02
7.886579000000000506e-02
7.897698000000000218e-02
7.578901000000000387e-02
6.736013999999999891e-02
6.924505999999999717e-02
7.470765000000000045e-02
7.273184000000000593e-02
8.183514000000000066e-02
7.042608999999999675e-02
7.409717999999999860e-02
7.614595999999999865e-02
7.023082999999999410e-02
7.017099000000000253e-02
6.918725000000000569e-02
6.805426000000000530e-02
7.464746999999999355e-02
8.321565000000000212e-02
8.256586999999999954e-02
6.821786000000000516e-02
6.872277000000000247e-02
7.283615000000000228e-02
7.592258000000000340e-02
7.350602999999999998e-02
7.363585000000000269e-02
7.990360000000000518e-02
9.528182000000000318e-02
1.080475199999999941e-01
9.276104000000000294e-02
9.229302000000000339e-02
8.504287000000000651e-02
7.088403000000000065e-02
7.613920000000000410e-02
8.753571999999999742e-02
9.564282000000000339e-02
1.222415899999999972e-01
1.500121700000000002e-01
1.952881200000000095e-01
1.846652900000000097e-01
1.802193199999999884e-01
1.782525899999999885e-01
1.539200099999999960e-01
1.229456599999999983e-01
9.557661000000000628e-02
8.259194000000000258e-02
7.425655000000000450e-02
5.669746999999999981e-02
