5.038230999999999959e-02
7.504466999999999388e-02
6.985383000000000564e-02
6.885339999999999516e-02
7.051522000000000345e-02
7.269907000000000452e-02
7.050336999999999577e-02
6.694603999999999833e-02
6.664615000000000122e-02
6.739013000000000642e-02
6.733411000000000257e-02
6.464216999999999880e-02
6.518511000000000444e-02
6.578886000000000456e-02
6.616568999999999923e-02
6.582419000000000464e-02
6.709513999999999756e-02
6.410572000000000492e-02
6.441193000000000612e-02
6.446309000000000067e-02
6.512568999999999997e-02
6.527027999999999996e-02
6.528934999999999600e-02
6.326946999999999433e-02
6.388515000000000166e-02
6.638942999999999928e-02
6.484280000000000599e-02
6.522754999999999526e-02
6.577668999999999877e-02
6.390875999999999502e-02
6.417504999999999737e-02
6.387885999999999564e-02
6.643026999999999960e-02
6.463753999999999333e-02
6.392789000000000110e-02
6.440104000000000661e-02
6.378683999999999743e-02
6.514393999999999740e-02
6.632912000000000530e-02
6.355099999999999638e-02
6.358932999999999947e-02
6.367826000000000042e-02
6.383924000000000543e-02
6.477510999999999686e-02
6.417464000000000501e-02
6.440316000000000096e-02
6.427570000000000505e-02
6.432847999999999344e-02
6.366689999999999849e-02
6.362692000000000347e-02
6.445204999999999684e-02
6.479548999999999725e-02
6.341154999999999708e-02
6.431433000000000288e-02
6.575815000000000132e-02
6.691647000000000567e-02
6.459447999999999579e-02
6.465028000000000441e-02
6.523966999999999961e-02
6.571150000000000602e-02
6.482968000000000064e-02
6.549162000000000039e-02
6.337769000000000041e-02
5.256783999999999762e-02
