4.977050000000000224e-02
8.856337999999999711e-02
1.001080099999999973e-01
9.160664000000000307e-02
1.229822599999999960e-01
1.727358999999999978e-01
1.544209300000000118e-01
1.226341499999999973e-01
1.055590899999999943e-01
9.252718999999999527e-02
9.282266999999999602e-02
6.811440000000000550e-02
1.125630799999999959e-01
1.434741200000000105e-01
2.184688399999999975e-01
2.892499000000000042e-01
3.487545300000000070e-01
2.322052300000000125e-01
1.899098300000000017e-01
1.215441800000000017e-01
1.104559100000000044e-01
8.266534999999999855e-02
7.711523000000000683e-02
6.960790000000000033e-02
7.514764000000000166e-02
8.149441000000000324e-02
1.075017399999999984e-01
1.169237600000000016e-01
1.141039400000000009e-01
1.162080999999999947e-01
1.103143899999999983e-01
7.782060000000000366e-02
7.535250000000000281e-02
6.841534000000000504e-02
6.714286999999999339e-02
6.971505000000000063e-02
6.739391999999999605e-02
6.790963999999999334e-02
6.971839000000000508e-02
6.973517999999999384e-02
6.701418000000000652e-02
6.563310999999999451e-02
6.621870000000000533e-02
6.496897999999999562e-02
6.610778999999999961e-02
6.752474999999999450e-02
6.823234000000000243e-02
6.975278000000000034e-02
6.794828999999999453e-02
7.608391000000000459e-02
8.963538999999999535e-02
8.025545000000000595e-02
7.500735999999999515e-02
7.601334999999999342e-02
6.734387999999999486e-02
6.915767000000000442e-02
7.151156999999999653e-02
7.244920000000000526e-02
7.154982999999999482e-02
7.246171999999999336e-02
6.734880999999999507e-02
6.786570999999999576e-02
7.336916999999999744e-02
6.458194000000000434e-02
