5.625337999999999866e-02
7.592461000000000348e-02
7.221695000000000197e-02
7.581026999999999905e-02
8.731482000000000132e-02
1.035207800000000067e-01
8.763862000000000041e-02
7.189267000000000574e-02
8.289984999999999715e-02
9.694827000000000305e-02
9.737046000000000590e-02
8.924448000000000103e-02
8.289306000000000452e-02
7.825909999999999811e-02
6.757346999999999659e-02
7.205000999999999767e-02
8.296966000000000063e-02
9.757204999999999351e-02
1.338306800000000074e-01
1.579347600000000074e-01
1.669236900000000134e-01
1.777210700000000088e-01
1.330840699999999988e-01
1.179666500000000062e-01
8.467238000000000542e-02
8.108340999999999466e-02
6.755215000000000525e-02
6.706475000000000630e-02
7.451956999999999331e-02
7.980010999999999355e-02
7.884795999999999472e-02
9.112143999999999799e-02
8.882220000000000393e-02
9.728528999999999649e-02
9.902458999999999567e-02
7.529882000000000242e-02
6.987003999999999437e-02
6.756845999999999686e-02
6.870273999999999825e-02
6.791740999999999751e-02
7.487343999999999944e-02
7.240620000000000389e-02
7.376328000000000051e-02
7.075293000000000554e-02
6.696894999999999931e-02
6.720927000000000151e-02
6.840583999999999554e-02
6.993285000000000473e-02
6.869052999999999964e-02
6.634481999999999879e-02
6.637244999999999950e-02
7.170026999999999651e-02
6.589301999999999659e-02
7.177274000000000154e-02
7.602694999999999592e-02
7.440786000000000622e-02
7.589880999999999711e-02
7.031323000000000434e-02
6.694300000000000250e-02
6.653570000000000317e-02
6.699140000000000650e-02
7.366677000000000641e-02
7.672131999999999563e-02
5.594140000000000224e-02
