6.520877999999999397e-02
1.003209600000000007e-01
9.561938000000000382e-02
1.406703400000000048e-01
1.543246799999999919e-01
1.319769199999999976e-01
1.284977599999999887e-01
9.324617000000000322e-02
9.093233000000000565e-02
7.248839999999999451e-02
7.121160999999999464e-02
8.054566999999999977e-02
1.000898499999999941e-01
1.096928800000000065e-01
1.447905200000000059e-01
1.552613499999999924e-01
1.643210099999999896e-01
1.518450500000000092e-01
1.520344499999999877e-01
1.454731499999999955e-01
1.190393000000000007e-01
8.811724999999999419e-02
1.719908300000000112e-01
2.539288699999999732e-01
3.527930100000000180e-01
4.139400999999999775e-01
4.519949600000000012e-01
4.075372500000000175e-01
3.600462099999999777e-01
2.245002399999999898e-01
1.345754700000000026e-01
8.636947999999999848e-02
8.127267999999999992e-02
8.479370999999999436e-02
8.961908000000000374e-02
1.174104100000000067e-01
1.152572000000000041e-01
1.827332500000000137e-01
1.949078700000000108e-01
1.667404500000000123e-01
1.372142899999999888e-01
1.018328099999999958e-01
7.860266000000000475e-02
8.421821000000000168e-02
9.763096000000000274e-02
9.724816999999999489e-02
7.844700999999999758e-02
1.007683099999999998e-01
8.791353000000000362e-02
8.422778999999999683e-02
7.506925000000000403e-02
7.674372999999999612e-02
7.232265999999999695e-02
7.982242999999999977e-02
9.170409000000000199e-02
8.742813000000000667e-02
7.822303999999999369e-02
7.557010000000000116e-02
7.221832000000000251e-02
7.621861000000000608e-02
7.359546999999999617e-02
8.329098000000000057e-02
9.616099000000000174e-02
5.951449999999999796e-02
