7.667748000000000619e-02
2.061698999999999893e-01
2.676668799999999959e-01
3.594785300000000183e-01
4.118311399999999844e-01
4.116980100000000031e-01
3.862696299999999749e-01
2.900479999999999725e-01
2.591650200000000237e-01
2.200711999999999946e-01
1.840653600000000112e-01
1.081522300000000020e-01
8.159341999999999984e-02
7.547892000000000490e-02
8.480852999999999309e-02
9.099337000000000397e-02
1.057128499999999971e-01
1.490377800000000086e-01
1.519634599999999947e-01
1.250927400000000078e-01
1.400456399999999990e-01
1.247273700000000041e-01
1.012126799999999993e-01
8.264195000000000568e-02
7.779129999999999379e-02
8.262039000000000188e-02
7.254396000000000455e-02
7.813282000000000560e-02
8.013112999999999486e-02
8.613761000000000334e-02
7.359946000000000543e-02
6.928842999999999808e-02
7.100602999999999776e-02
6.965884999999999438e-02
7.189599000000000684e-02
7.473995999999999418e-02
6.889243999999999923e-02
7.311897000000000535e-02
7.816072999999999771e-02
8.493114000000000219e-02
7.649946000000000523e-02
7.771256999999999471e-02
7.394834999999999603e-02
7.982487000000000610e-02
8.624233000000000593e-02
9.788315999999999684e-02
8.418217000000000061e-02
7.235208999999999391e-02
6.757689000000000057e-02
6.741120999999999919e-02
7.207388000000000683e-02
7.962510000000000421e-02
8.630757999999999486e-02
8.349892000000000425e-02
7.545656000000000585e-02
7.448319999999999941e-02
7.565015999999999408e-02
8.647195000000000575e-02
8.782674999999999510e-02
7.381337999999999788e-02
7.310034999999999450e-02
6.658609999999999529e-02
6.546794000000000224e-02
5.980855000000000199e-02
