5.671934000000000003e-02
8.813999999999999613e-02
7.704806000000000155e-02
7.168637999999999399e-02
8.050751000000000435e-02
8.899439000000000655e-02
7.263442000000000509e-02
7.291445000000000565e-02
6.828072999999999781e-02
6.500345000000000428e-02
6.689014000000000071e-02
6.868987999999999483e-02
7.339555999999999858e-02
7.773367000000000471e-02
7.878145999999999760e-02
6.741764000000000090e-02
6.686672999999999922e-02
6.912558000000000591e-02
7.178405999999999676e-02
7.143049999999999400e-02
7.552736000000000172e-02
7.858645999999999687e-02
8.520555000000000490e-02
1.070670799999999950e-01
8.627712999999999355e-02
8.149054999999999493e-02
7.650050999999999379e-02
6.721531999999999507e-02
6.886188999999999505e-02
8.043239000000000638e-02
9.223357000000000083e-02
9.186249000000000497e-02
1.315322399999999947e-01
1.278231400000000018e-01
1.359686999999999979e-01
1.208307700000000040e-01
9.596425000000000094e-02
9.250147999999999704e-02
1.159859399999999957e-01
1.541568299999999947e-01
2.105995999999999979e-01
3.309274300000000224e-01
3.575941599999999942e-01
3.511014000000000079e-01
3.057367799999999858e-01
2.201188199999999928e-01
1.699018300000000037e-01
1.345505899999999977e-01
8.736066000000000664e-02
7.469101000000000212e-02
8.343915000000000359e-02
8.354222999999999510e-02
8.540788000000000546e-02
9.998733999999999400e-02
1.584277600000000008e-01
1.972218299999999869e-01
1.824652599999999902e-01
1.490919300000000114e-01
1.271733800000000025e-01
1.274561600000000128e-01
1.030816100000000041e-01
7.510674000000000516e-02
6.636838999999999933e-02
5.726432000000000050e-02
