1.432876100000000097e-01
3.608611199999999797e-01
3.735259499999999955e-01
4.006092299999999828e-01
3.457309900000000158e-01
3.342526900000000190e-01
2.624078100000000191e-01
1.432626200000000072e-01
9.519843000000000055e-02
8.313104999999999800e-02
8.250802999999999610e-02
8.497330000000000161e-02
1.035913100000000059e-01
1.313230999999999982e-01
1.484467100000000095e-01
1.854429200000000111e-01
1.978507499999999919e-01
2.157562500000000105e-01
1.606112100000000042e-01
1.205468299999999937e-01
9.130879000000000079e-02
7.743416999999999661e-02
7.474082999999999422e-02
7.794945000000000346e-02
8.873237000000000485e-02
9.653153000000000428e-02
7.417925000000000213e-02
7.064404000000000516e-02
7.413570999999999356e-02
7.403898000000000423e-02
7.750582000000000304e-02
8.149103000000000596e-02
8.188368999999999509e-02
6.843085000000000140e-02
7.570221000000000589e-02
7.382980999999999572e-02
7.560258000000000256e-02
8.481774000000000258e-02
8.458738999999999841e-02
7.589872999999999759e-02
6.756144999999999512e-02
7.756907000000000385e-02
9.237655999999999645e-02
9.215410000000000268e-02
9.273075000000000068e-02
7.147863999999999607e-02
7.333423999999999499e-02
8.450328000000000006e-02
8.832106000000000678e-02
8.593087000000000641e-02
7.978222999999999565e-02
7.398520000000000096e-02
6.948020000000000584e-02
7.140257999999999328e-02
7.734075999999999451e-02
7.795623999999999609e-02
7.759338000000000346e-02
7.480494999999999506e-02
7.446500999999999815e-02
7.272565000000000279e-02
7.135226000000000068e-02
7.919629000000000252e-02
7.259430999999999523e-02
5.837503000000000136e-02
