5.576082000000000261e-02
6.987720999999999516e-02
6.911857999999999891e-02
6.803665000000000407e-02
6.793588000000000404e-02
6.874771999999999827e-02
7.008538999999999741e-02
7.553888999999999743e-02
7.750696999999999448e-02
7.235118999999999578e-02
7.169512999999999581e-02
7.149882999999999933e-02
6.758000999999999592e-02
7.274864000000000330e-02
7.735773999999999428e-02
7.795792999999999473e-02
7.581960000000000088e-02
6.873753999999999975e-02
6.740743999999999903e-02
7.397607000000000488e-02
7.181416000000000188e-02
7.983632999999999702e-02
8.354706000000000632e-02
6.806408999999999376e-02
6.911124999999999907e-02
7.509137000000000450e-02
8.103361000000000591e-02
8.280959000000000236e-02
7.986930999999999892e-02
7.008390999999999926e-02
6.752020999999999717e-02
8.392769999999999397e-02
8.105508000000000157e-02
7.040287000000000628e-02
8.368562000000000223e-02
8.551034000000000412e-02
7.037358999999999976e-02
8.549415999999999960e-02
8.224478000000000344e-02
7.224070000000000491e-02
6.958002000000000631e-02
7.427475999999999523e-02
8.427510000000000556e-02
9.875290000000000457e-02
9.883867000000000347e-02
9.577236999999999556e-02
9.937042999999999571e-02
1.034030600000000050e-01
1.008233600000000008e-01
9.567170999999999315e-02
7.750846000000000124e-02
8.033368999999999926e-02
8.339955999999999758e-02
1.269361999999999990e-01
2.674745000000000039e-01
2.569107999999999947e-01
2.986349200000000259e-01
3.118961199999999989e-01
3.181219699999999762e-01
3.061506500000000242e-01
2.569148199999999882e-01
1.920078699999999972e-01
1.286857100000000087e-01
6.251395999999999342e-02
