5.335879999999999790e-02
7.743577999999999573e-02
8.055354000000000680e-02
8.676928999999999892e-02
7.842670000000000197e-02
7.394167999999999574e-02
6.832132000000000482e-02
7.279488000000000625e-02
7.663277999999999757e-02
7.401307999999999498e-02
8.000066000000000122e-02
7.396257999999999999e-02
8.239533000000000273e-02
1.059590400000000043e-01
1.176522400000000051e-01
1.111009899999999967e-01
8.349574999999999358e-02
7.981091999999999353e-02
8.070834999999999815e-02
8.759511999999999854e-02
9.761427999999999772e-02
9.602773000000000558e-02
1.080083200000000049e-01
9.412874000000000241e-02
9.443769999999999942e-02
1.057229300000000066e-01
1.258697199999999905e-01
1.169944599999999946e-01
8.171082000000000345e-02
8.333187999999999707e-02
8.317462000000000466e-02
1.477413800000000055e-01
2.021378899999999867e-01
3.134553700000000109e-01
2.670618599999999843e-01
2.814826100000000220e-01
2.350048100000000084e-01
1.949404200000000031e-01
1.184835100000000002e-01
1.043479300000000054e-01
8.746848000000000123e-02
8.586093999999999671e-02
1.471709800000000068e-01
1.013441900000000007e-01
1.193227199999999932e-01
1.306239499999999887e-01
1.731345999999999996e-01
1.734402499999999903e-01
1.290063999999999933e-01
9.263828000000000340e-02
8.615929999999999422e-02
1.163929300000000056e-01
8.238998000000000155e-02
1.134793300000000033e-01
1.422262900000000052e-01
1.115716300000000050e-01
1.648766500000000135e-01
1.151399599999999995e-01
1.870647500000000019e-01
9.050283000000000633e-02
8.486749000000000376e-02
1.004739600000000010e-01
7.744135000000000602e-02
6.055959000000000342e-02
