5.556769000000000291e-02
7.322077000000000446e-02
6.738660000000000483e-02
6.741690000000000182e-02
6.881634999999999835e-02
7.437212999999999463e-02
7.140422999999999909e-02
7.465676999999999730e-02
8.145529999999999438e-02
8.158497000000000665e-02
7.678160000000000540e-02
7.736253999999999353e-02
6.768011000000000166e-02
6.691002999999999534e-02
7.099738999999999356e-02
8.100053999999999588e-02
7.946400000000000685e-02
6.980119999999999381e-02
6.614101999999999482e-02
6.841962000000000044e-02
6.620837999999999723e-02
8.034328000000000303e-02
8.825818000000000552e-02
6.917800999999999811e-02
6.616186000000000289e-02
6.692082000000000586e-02
7.578120000000000689e-02
8.062805000000000666e-02
7.837439999999999685e-02
6.560525000000000384e-02
6.829504999999999604e-02
7.253582000000000085e-02
7.410345999999999600e-02
8.194110000000000282e-02
7.401823000000000430e-02
7.605201999999999796e-02
7.279357000000000188e-02
8.706954999999999556e-02
7.667857000000000145e-02
7.045540000000000136e-02
6.768446000000000184e-02
6.929430000000000311e-02
8.360180000000000389e-02
8.911415000000000308e-02
8.466814000000000284e-02
8.299777999999999323e-02
9.263085999999999542e-02
1.051414700000000008e-01
8.176252999999999993e-02
7.936471999999999971e-02
7.014634000000000147e-02
7.585321000000000424e-02
8.268288999999999500e-02
1.230528800000000034e-01
1.961248200000000053e-01
2.373402699999999921e-01
2.979704100000000189e-01
3.157348600000000061e-01
3.487733900000000165e-01
3.291866800000000093e-01
2.522422999999999749e-01
1.857108299999999934e-01
1.404925999999999953e-01
6.074431999999999748e-02
