5.237334999999999907e-02
6.641500000000000181e-02
7.177791999999999506e-02
8.386525000000000230e-02
8.577590000000000214e-02
1.030685499999999949e-01
7.004610000000000003e-02
6.715899999999999648e-02
7.707429999999999837e-02
7.445831999999999451e-02
7.807437999999999878e-02
8.832089999999999386e-02
8.288798999999999473e-02
6.959490000000000121e-02
6.814705999999999542e-02
7.972917999999999672e-02
8.114100000000000479e-02
7.137612000000000123e-02
8.247147999999999979e-02
8.672604000000000424e-02
1.084180399999999933e-01
1.108325000000000005e-01
1.165007900000000068e-01
8.948018000000000638e-02
7.658495999999999360e-02
8.399371999999999394e-02
8.758301000000000280e-02
8.466501999999999362e-02
8.711085999999999829e-02
1.045414399999999994e-01
1.085927299999999984e-01
1.035041399999999945e-01
1.137867300000000026e-01
7.864880999999999955e-02
7.435025000000000661e-02
7.471310000000000451e-02
1.345903599999999922e-01
2.008297900000000080e-01
3.245681799999999839e-01
2.964282599999999990e-01
3.156718000000000024e-01
3.082624099999999867e-01
1.903109000000000051e-01
1.493665399999999921e-01
1.098740200000000028e-01
8.793971000000000426e-02
8.282952000000000370e-02
7.205691999999999653e-02
8.210908999999999569e-02
7.553319000000000005e-02
9.466178999999999566e-02
8.990470999999999879e-02
8.850083000000000255e-02
9.897116999999999720e-02
1.026466600000000007e-01
1.104231199999999996e-01
1.063656699999999955e-01
7.594215999999999467e-02
7.082705999999999724e-02
6.930719000000000463e-02
7.117871000000000614e-02
8.250543999999999933e-02
8.120861999999999525e-02
5.636879999999999669e-02
