5.524380999999999736e-02
6.760781999999999903e-02
8.455186000000000646e-02
1.176183100000000037e-01
1.456687899999999924e-01
1.534017500000000034e-01
1.678312899999999941e-01
1.911207099999999992e-01
2.001163400000000037e-01
2.217212600000000033e-01
2.412629400000000091e-01
1.745422899999999888e-01
1.423103799999999863e-01
1.015380099999999980e-01
6.817927000000000015e-02
6.608691999999999345e-02
6.743910999999999656e-02
7.588279000000000551e-02
7.379544999999999855e-02
8.225649000000000155e-02
1.016708499999999932e-01
1.069673099999999960e-01
1.073929500000000009e-01
9.140663000000000260e-02
8.477041999999999911e-02
7.927012999999999421e-02
7.166253000000000206e-02
7.308612000000000442e-02
7.713678000000000201e-02
7.936306999999999390e-02
6.907668999999999615e-02
6.873516999999999821e-02
6.867779999999999718e-02
6.773706000000000171e-02
6.896631000000000289e-02
6.694555000000000644e-02
6.828716999999999426e-02
7.380266000000000604e-02
7.248419999999999863e-02
6.611279000000000461e-02
6.514817000000000524e-02
6.696438000000000390e-02
7.434419000000000444e-02
7.251464999999999994e-02
6.982338999999999907e-02
6.671104999999999396e-02
6.672849999999999615e-02
6.618000000000000271e-02
6.837683999999999429e-02
8.316033999999999926e-02
7.756596999999999797e-02
7.740858000000000461e-02
6.488911999999999458e-02
6.598993000000000220e-02
7.480707999999999802e-02
7.933407000000000653e-02
7.983108999999999345e-02
6.960977999999999610e-02
7.243077000000000543e-02
6.984474999999999711e-02
6.650010000000000643e-02
7.086900999999999617e-02
7.578564000000000134e-02
5.767139999999999767e-02
