5.373718999999999718e-02
1.016643899999999934e-01
7.768244000000000538e-02
8.164074000000000331e-02
1.295846400000000009e-01
1.529783500000000129e-01
3.012295099999999781e-01
4.137199799999999872e-01
3.937100499999999781e-01
4.117816400000000043e-01
4.198159900000000277e-01
3.655489100000000047e-01
3.036248699999999912e-01
2.832105200000000211e-01
1.417202800000000040e-01
9.969654999999999490e-02
9.393187999999999538e-02
6.959416999999999687e-02
7.487570999999999810e-02
8.590670999999999724e-02
8.831141000000000685e-02
8.989919999999999856e-02
1.092687199999999997e-01
1.209468100000000018e-01
1.594311900000000004e-01
1.546287500000000092e-01
1.437272099999999941e-01
8.662806000000000672e-02
9.174856000000000678e-02
9.302781999999999718e-02
8.116632999999999487e-02
8.460057999999999467e-02
8.373693000000000108e-02
7.287451999999999819e-02
8.160539999999999461e-02
7.428107000000000459e-02
7.506957999999999687e-02
8.593336000000000030e-02
8.300114000000000103e-02
7.159925000000000317e-02
6.939961000000000046e-02
7.313068000000000346e-02
1.020608699999999980e-01
1.027530900000000053e-01
9.095235000000000125e-02
7.850667000000000062e-02
7.549785000000000523e-02
6.766716999999999871e-02
7.293341000000000407e-02
1.028686800000000040e-01
1.116615700000000017e-01
9.948134999999999617e-02
7.717620999999999509e-02
6.923832000000000597e-02
7.509380999999999695e-02
8.793805999999999845e-02
9.285097000000000489e-02
7.291675000000000240e-02
7.685865000000000058e-02
7.373936999999999853e-02
6.874273999999999663e-02
8.201564000000000076e-02
1.102444800000000058e-01
6.371446999999999528e-02
