6.045723000000000069e-02
9.575981999999999550e-02
1.430452000000000112e-01
2.130329800000000107e-01
3.122353299999999776e-01
3.639419400000000193e-01
3.599596600000000146e-01
3.309719899999999937e-01
2.982179799999999936e-01
2.785964599999999902e-01
2.422194799999999870e-01
1.491055199999999914e-01
1.228868800000000039e-01
8.558414000000000299e-02
8.305229999999999557e-02
8.476690000000000613e-02
8.688564999999999483e-02
9.375848999999999989e-02
1.049980799999999936e-01
1.052438099999999932e-01
1.498701000000000061e-01
1.643103499999999939e-01
1.322741400000000123e-01
9.079046999999999812e-02
8.910656999999999606e-02
8.620564999999999478e-02
9.410971999999999393e-02
9.344423999999999786e-02
1.016510199999999947e-01
1.041045800000000021e-01
7.876987000000000572e-02
7.125386000000000220e-02
7.182586000000000526e-02
6.825154999999999417e-02
6.643000000000000294e-02
7.518511999999999418e-02
7.599770000000000136e-02
8.208340000000000081e-02
8.177750000000000297e-02
7.966533000000000642e-02
7.610000999999999571e-02
8.246931000000000400e-02
8.386900999999999384e-02
7.441348999999999880e-02
7.272451000000000609e-02
8.241318000000000255e-02
8.209724999999999662e-02
7.803633999999999571e-02
7.235645000000000271e-02
7.078444000000000402e-02
6.838832000000000244e-02
7.099722999999999451e-02
8.070766999999999525e-02
8.887841000000000491e-02
8.820588000000000040e-02
7.656126000000000598e-02
7.374640999999999835e-02
8.698374000000000383e-02
8.516522999999999455e-02
7.302598999999999896e-02
7.714421999999999946e-02
6.676732999999999973e-02
7.276829999999999410e-02
6.154550999999999772e-02
