5.491962000000000232e-02
8.540316000000000574e-02
7.176522000000000456e-02
6.884708999999999968e-02
6.715504999999999391e-02
7.095347999999999933e-02
7.070564000000000016e-02
6.846022999999999692e-02
7.423902999999999752e-02
7.258528999999999676e-02
7.104145000000000598e-02
6.728246999999999700e-02
7.781472000000000389e-02
8.494601000000000235e-02
8.137471000000000287e-02
7.047583999999999793e-02
6.860475000000000600e-02
6.780580999999999414e-02
7.208697000000000021e-02
7.285313999999999679e-02
6.728544999999999665e-02
7.117018999999999429e-02
6.935586000000000528e-02
7.093560999999999617e-02
7.451225000000000209e-02
8.353188999999999753e-02
7.489634000000000569e-02
7.998326000000000047e-02
8.067264999999999853e-02
9.533445999999999587e-02
9.469479000000000091e-02
8.178999000000000685e-02
8.097542000000000628e-02
7.036214999999999831e-02
8.774572999999999401e-02
9.469653999999999572e-02
9.485214000000000145e-02
9.705405999999999755e-02
8.671739000000000530e-02
1.012195699999999948e-01
1.081752299999999972e-01
1.212995000000000045e-01
1.039144600000000002e-01
8.393989999999999785e-02
7.730078999999999423e-02
8.987182999999999977e-02
1.087937499999999946e-01
1.321320699999999904e-01
1.620180599999999915e-01
2.029383499999999896e-01
2.412489700000000070e-01
2.184563300000000041e-01
1.735067399999999926e-01
1.580801500000000026e-01
1.292358000000000118e-01
9.711722000000000410e-02
6.822179999999999911e-02
6.925849000000000588e-02
7.117379000000000067e-02
6.756958999999999882e-02
7.923616999999999466e-02
8.441039999999999655e-02
7.460509999999999364e-02
5.528729000000000282e-02
