5.434954000000000174e-02
7.263476000000000654e-02
6.961327000000000487e-02
7.422803000000000040e-02
8.102083999999999675e-02
8.303449000000000246e-02
7.249445000000000194e-02
6.668100999999999889e-02
7.015317999999999554e-02
6.896270000000000178e-02
8.527390999999999444e-02
9.393579000000000512e-02
9.645056000000000462e-02
1.025558899999999968e-01
7.816847000000000378e-02
9.000492000000000214e-02
9.426439999999999819e-02
7.414632000000000167e-02
7.249176999999999704e-02
7.449330999999999314e-02
7.181671000000000582e-02
7.176048000000000149e-02
9.600807999999999565e-02
9.055296999999999652e-02
9.218848000000000320e-02
1.077391699999999952e-01
1.126989600000000008e-01
1.162169400000000047e-01
1.123495999999999939e-01
1.016968800000000034e-01
8.930738000000000565e-02
7.679740000000000177e-02
8.344737000000000682e-02
1.069741000000000025e-01
1.340498499999999982e-01
1.509679899999999964e-01
1.278465199999999913e-01
1.220092200000000016e-01
1.420900200000000113e-01
1.425891999999999993e-01
1.178335300000000058e-01
9.518163999999999791e-02
1.097900299999999968e-01
1.146591200000000033e-01
1.619329300000000027e-01
2.409105699999999906e-01
3.643035900000000105e-01
3.930793100000000151e-01
3.795809099999999936e-01
3.060149799999999920e-01
2.818765599999999982e-01
2.375740100000000021e-01
1.496328899999999906e-01
1.176767700000000000e-01
7.567806000000000533e-02
7.228052999999999562e-02
7.903456999999999844e-02
8.661484999999999324e-02
9.586248999999999465e-02
1.193630499999999983e-01
1.327010200000000029e-01
1.146064799999999967e-01
1.077966100000000010e-01
6.170583999999999791e-02
