5.894155999999999701e-02
8.447791000000000328e-02
6.718630000000000435e-02
6.686066999999999705e-02
7.976924999999999988e-02
8.744612000000000218e-02
7.727591999999999794e-02
7.138772999999999647e-02
9.232527999999999568e-02
1.034237499999999949e-01
1.154287199999999985e-01
1.181788700000000053e-01
1.207190300000000049e-01
9.823682999999999721e-02
7.731691999999999731e-02
6.967634999999999801e-02
7.709668999999999550e-02
1.038995900000000000e-01
1.689875399999999916e-01
2.525470599999999899e-01
2.913954300000000108e-01
2.706111999999999962e-01
2.335438900000000040e-01
1.953462099999999924e-01
1.380557299999999876e-01
9.956062000000000245e-02
8.159192999999999307e-02
7.714176000000000366e-02
7.111505999999999383e-02
7.398000000000000409e-02
7.893033000000000687e-02
8.679773999999999823e-02
1.060658899999999960e-01
1.100170800000000032e-01
1.308732800000000085e-01
9.551455999999999835e-02
9.483830000000000038e-02
8.467238000000000542e-02
7.956216000000000677e-02
7.599230999999999348e-02
8.464082000000000550e-02
7.912323999999999746e-02
8.638772999999999591e-02
7.488804000000000294e-02
6.942101999999999995e-02
7.202308999999999795e-02
6.812754000000000032e-02
6.688001999999999836e-02
6.650369000000000419e-02
7.079175999999999525e-02
7.380441999999999558e-02
7.313867000000000285e-02
6.837405000000000566e-02
7.207732000000000028e-02
7.385033000000000569e-02
7.336260999999999477e-02
8.075122999999999329e-02
7.442300000000000304e-02
8.008236000000000521e-02
7.668687999999999894e-02
6.558440999999999577e-02
6.944736999999999438e-02
6.862848000000000559e-02
5.488571999999999895e-02
