5.254218000000000083e-02
9.609908999999999812e-02
1.100808800000000059e-01
1.237950899999999965e-01
1.280108199999999974e-01
1.297950400000000004e-01
1.333281400000000116e-01
1.104697800000000035e-01
8.819411000000000611e-02
8.059421999999999420e-02
7.641944000000000514e-02
6.874420000000000530e-02
7.153966000000000491e-02
7.465291000000000288e-02
7.564356999999999331e-02
8.312469000000000108e-02
8.722984999999999767e-02
1.113507400000000036e-01
1.087180100000000038e-01
9.322579000000000282e-02
9.465075000000000571e-02
8.327054999999999874e-02
7.627108000000000498e-02
7.718701999999999508e-02
8.072139000000000397e-02
8.330785999999999747e-02
6.901704999999999646e-02
7.006086000000000258e-02
8.053947000000000189e-02
8.312917999999999696e-02
7.384910000000000085e-02
7.031798000000000215e-02
6.959986999999999424e-02
6.949800000000000422e-02
6.909493999999999359e-02
6.690100999999999687e-02
6.647761000000000642e-02
6.750912000000000579e-02
7.976845999999999937e-02
9.484296000000000393e-02
7.535617000000000010e-02
7.955900000000000472e-02
7.711352000000000484e-02
8.178188999999999598e-02
9.615294000000000618e-02
1.018777200000000049e-01
7.982168000000000596e-02
7.247718000000000216e-02
7.079112999999999378e-02
7.114481999999999751e-02
8.112249000000000543e-02
9.156894999999999618e-02
8.923978000000000466e-02
8.233938000000000368e-02
8.242141999999999524e-02
8.191510999999999931e-02
9.039885999999999755e-02
1.070020599999999961e-01
1.178739399999999965e-01
8.320650000000000268e-02
7.884135999999999922e-02
6.788573000000000524e-02
6.771196000000000159e-02
6.665471000000000590e-02
