6.097944999999999754e-02
2.081631899999999979e-01
2.909525600000000267e-01
3.106244200000000122e-01
3.212719299999999834e-01
3.177942899999999793e-01
3.416694399999999909e-01
2.471089499999999939e-01
1.933610400000000118e-01
1.633541400000000088e-01
1.504319299999999915e-01
8.991749999999999743e-02
7.712568999999999675e-02
7.288811000000000595e-02
8.425206999999999835e-02
9.907444999999999447e-02
1.053972600000000065e-01
1.440465200000000112e-01
1.392316799999999966e-01
1.122099500000000027e-01
1.130417100000000036e-01
1.062280899999999972e-01
8.789342999999999462e-02
8.060401999999999845e-02
7.948384000000000005e-02
8.289470000000000172e-02
7.042007000000000128e-02
7.792258000000000517e-02
8.151775999999999467e-02
8.383387000000000477e-02
7.104259999999999742e-02
6.801261999999999586e-02
6.844318000000000624e-02
6.928209999999999924e-02
6.961641999999999830e-02
6.988094000000000250e-02
6.696518999999999389e-02
6.878921000000000341e-02
7.692052000000000611e-02
8.760458999999999607e-02
7.238476000000000632e-02
7.835345999999999977e-02
7.342066999999999344e-02
8.132195000000000396e-02
8.863809000000000271e-02
8.780743000000000575e-02
7.394393999999999967e-02
6.862722000000000266e-02
6.707343000000000333e-02
6.679161999999999599e-02
7.009798000000000417e-02
7.555768000000000206e-02
7.218839000000000505e-02
7.014615999999999907e-02
6.841614000000000029e-02
7.008155000000000634e-02
6.932243999999999906e-02
7.798225000000000295e-02
8.085763999999999452e-02
7.073193999999999315e-02
6.812632000000000410e-02
6.810165999999999442e-02
6.363734999999999531e-02
5.765217000000000258e-02
