5.562082000000000137e-02
7.379009000000000262e-02
7.028420000000000500e-02
8.243781999999999499e-02
8.991952000000000278e-02
8.235921000000000214e-02
8.302645000000000164e-02
7.364693999999999408e-02
7.825543999999999556e-02
6.712173000000000445e-02
6.899445999999999357e-02
6.972867000000000648e-02
7.706839999999999524e-02
7.614769000000000398e-02
8.687522000000000300e-02
8.893773000000000650e-02
8.821115999999999679e-02
8.850009999999999821e-02
9.748824000000000378e-02
1.126982599999999946e-01
9.817844000000000571e-02
7.018570999999999838e-02
7.509311999999999931e-02
8.590354000000000045e-02
1.276527299999999920e-01
1.779994199999999915e-01
2.077060199999999912e-01
2.075904000000000083e-01
2.045759900000000131e-01
1.317058200000000012e-01
1.045924300000000001e-01
9.625467999999999524e-02
9.204188000000000647e-02
6.930767000000000178e-02
7.160735999999999490e-02
6.657298999999999856e-02
8.061675000000000091e-02
9.060717000000000076e-02
8.800959999999999339e-02
9.492971999999999522e-02
8.750855999999999912e-02
8.675384999999999347e-02
7.416348999999999858e-02
6.624217000000000299e-02
6.759632000000000140e-02
6.973206999999999323e-02
6.630302000000000417e-02
7.636113999999999402e-02
6.720732000000000095e-02
6.993969999999999354e-02
6.994200000000000417e-02
7.177356999999999487e-02
7.041348999999999525e-02
7.088690000000000269e-02
7.082713000000000203e-02
6.806286999999999754e-02
6.627830999999999306e-02
6.768166000000000460e-02
6.767549999999999955e-02
6.827555000000000429e-02
6.806022999999999934e-02
6.675361999999999962e-02
6.961641999999999830e-02
5.476918000000000064e-02
