5.225256000000000345e-02
6.502634000000000192e-02
6.665878999999999555e-02
7.253838999999999426e-02
7.081152999999999753e-02
7.137862999999999847e-02
6.403311999999999893e-02
6.312595999999999485e-02
6.504487999999999936e-02
6.582702999999999471e-02
6.816366000000000092e-02
6.776516000000000484e-02
6.637519999999999532e-02
6.589580000000000437e-02
6.524240000000000594e-02
6.664345000000000685e-02
6.826443000000000094e-02
6.621994999999999965e-02
6.652853999999999712e-02
6.676928999999999503e-02
7.080501000000000156e-02
7.295380999999999394e-02
7.468882999999999772e-02
6.811665999999999555e-02
6.524496999999999935e-02
6.813450999999999536e-02
6.930314999999999392e-02
7.244159000000000015e-02
6.718994000000000355e-02
6.756115999999999511e-02
6.933156000000000041e-02
7.113693000000000100e-02
7.543286999999999909e-02
6.926398999999999750e-02
6.746758999999999395e-02
6.701856000000000479e-02
6.679440999999999851e-02
7.235266999999999393e-02
8.526256000000000113e-02
7.702079000000000564e-02
7.819144000000000094e-02
7.630048999999999859e-02
7.542234000000000438e-02
7.030783999999999645e-02
6.576092999999999522e-02
6.724806999999999313e-02
6.463671000000000000e-02
6.443743999999999861e-02
6.354914999999999869e-02
6.455183999999999922e-02
6.327900000000000191e-02
6.533205999999999736e-02
6.310812000000000366e-02
6.507119999999999571e-02
6.790601999999999749e-02
6.633959999999999857e-02
6.556499999999999828e-02
6.316557999999999895e-02
6.752922000000000091e-02
6.565181999999999962e-02
6.504938999999999860e-02
6.266315000000000079e-02
6.360934999999999506e-02
5.296458999999999889e-02
