5.354114000000000095e-02
8.157127000000000128e-02
6.813545000000000018e-02
6.634183999999999914e-02
6.715561000000000447e-02
7.014873000000000636e-02
6.916745000000000532e-02
6.859390999999999405e-02
7.267572999999999395e-02
6.756397000000000097e-02
6.621528999999999610e-02
6.565835000000000421e-02
6.953795999999999589e-02
7.998265000000000235e-02
7.748133999999999577e-02
6.744856000000000462e-02
6.556596000000000646e-02
6.535810999999999704e-02
6.911130000000000051e-02
7.327282000000000239e-02
6.765711000000000641e-02
6.936058000000000501e-02
6.632772000000000667e-02
6.915870000000000350e-02
7.275104999999999766e-02
7.474292999999999909e-02
6.451005999999999407e-02
6.695595999999999492e-02
6.692438000000000553e-02
7.370798000000000627e-02
7.622001999999999944e-02
6.788133999999999835e-02
6.806781000000000637e-02
6.758983999999999825e-02
6.902648999999999591e-02
7.028030999999999862e-02
7.059385999999999439e-02
7.859099999999999420e-02
7.736576000000000564e-02
7.362370000000000025e-02
8.668544000000000249e-02
9.082690999999999681e-02
7.790729000000000404e-02
7.190016999999999936e-02
6.907154999999999545e-02
8.536315999999999349e-02
1.033635400000000037e-01
1.365645199999999948e-01
1.617683599999999999e-01
1.559279299999999924e-01
1.781800699999999960e-01
1.749089799999999917e-01
1.686685699999999899e-01
1.921172299999999999e-01
1.288644399999999968e-01
1.069687400000000066e-01
8.035892000000000035e-02
7.292397999999999936e-02
6.895431999999999950e-02
6.756826999999999972e-02
7.697556999999999316e-02
7.515294999999999614e-02
8.390799999999999648e-02
5.671774999999999733e-02
