5.141383000000000064e-02
9.436054000000000663e-02
8.857845000000000302e-02
6.795724999999999683e-02
6.558548000000000155e-02
7.500350000000000072e-02
7.789878999999999554e-02
8.560242999999999325e-02
7.453079999999999428e-02
7.546366000000000185e-02
7.055324000000000317e-02
6.413409999999999944e-02
7.029272999999999771e-02
7.749303999999999915e-02
9.075001000000000595e-02
7.144509999999999750e-02
7.306039000000000283e-02
7.022596000000000394e-02
7.964920000000000333e-02
7.280485000000000428e-02
8.503096000000000265e-02
7.413416000000000450e-02
7.562230000000000341e-02
1.095220699999999991e-01
1.081722700000000009e-01
1.142857000000000040e-01
9.852307999999999899e-02
7.220732000000000539e-02
7.432845999999999898e-02
8.353301999999999949e-02
1.051164500000000002e-01
1.022465399999999969e-01
1.266026299999999938e-01
1.191973499999999936e-01
1.586195400000000033e-01
1.818766900000000075e-01
1.518972399999999889e-01
1.470849100000000131e-01
1.163496100000000061e-01
1.165474700000000002e-01
1.866699199999999892e-01
3.145416400000000112e-01
4.331658199999999792e-01
4.714789699999999972e-01
4.535530799999999974e-01
4.083603000000000094e-01
3.359959699999999772e-01
3.030769200000000274e-01
2.060417700000000130e-01
1.066361499999999990e-01
8.244996999999999743e-02
8.339357999999999493e-02
9.233078000000000118e-02
9.689406999999999881e-02
1.268890199999999913e-01
1.429516999999999871e-01
1.231984700000000044e-01
1.384805100000000011e-01
1.385261100000000078e-01
1.585783799999999910e-01
1.462372500000000131e-01
1.156722500000000042e-01
8.701488999999999752e-02
5.844478000000000173e-02
