8.954431000000000196e-02
3.617488400000000159e-01
3.725429199999999996e-01
3.480380200000000035e-01
2.560347000000000039e-01
2.329971899999999929e-01
1.659691899999999887e-01
9.889082999999999901e-02
6.788573999999999997e-02
8.406044999999999490e-02
9.103010999999999742e-02
8.534941999999999529e-02
8.442631000000000441e-02
1.001002299999999984e-01
1.183449599999999990e-01
1.370114100000000001e-01
1.221432900000000016e-01
1.398422400000000065e-01
1.142060800000000015e-01
9.626790999999999821e-02
7.709824999999999318e-02
7.408792999999999629e-02
7.175172000000000494e-02
6.897449999999999415e-02
7.402084999999999915e-02
8.239275000000000071e-02
7.335192000000000101e-02
7.577884000000000009e-02
7.907459999999999489e-02
7.221919999999999729e-02
7.165733000000000519e-02
7.274136000000000490e-02
7.124829000000000578e-02
6.972704999999999875e-02
6.733471000000000595e-02
6.862408999999999870e-02
6.946805999999999814e-02
7.655359000000000469e-02
7.574345000000000383e-02
6.998756000000000421e-02
6.787933000000000161e-02
7.013845999999999969e-02
7.875150000000000206e-02
8.236889999999999490e-02
7.947577000000000114e-02
6.701273000000000646e-02
6.503362000000000032e-02
7.254673000000000371e-02
7.484573999999999394e-02
7.379284999999999317e-02
7.361992000000000536e-02
7.201813999999999438e-02
6.626922000000000368e-02
6.793944000000000372e-02
6.917115999999999543e-02
7.315568999999999544e-02
6.989006000000000385e-02
6.918892999999999571e-02
7.019172999999999385e-02
6.860362000000000404e-02
6.697868999999999351e-02
7.276162999999999381e-02
7.004726999999999482e-02
5.541650000000000048e-02
