6.018139000000000127e-02
8.325799999999999867e-02
9.456686999999999732e-02
7.647494999999999987e-02
7.224118999999999680e-02
8.984930000000000694e-02
9.059135000000000104e-02
1.146450900000000050e-01
1.116106399999999971e-01
1.118012099999999981e-01
8.725868000000000513e-02
7.664102000000000414e-02
6.866669000000000245e-02
7.918403000000000247e-02
1.014700300000000027e-01
1.159306699999999996e-01
1.254066400000000137e-01
8.592790999999999624e-02
9.113986999999999783e-02
1.473789199999999966e-01
1.684698199999999924e-01
1.151999900000000021e-01
8.218375999999999459e-02
7.528693999999999664e-02
1.019059100000000023e-01
2.077312000000000047e-01
3.276913799999999766e-01
3.839237400000000133e-01
4.095560899999999838e-01
3.408538400000000190e-01
2.820766000000000107e-01
2.143780999999999881e-01
1.618762900000000060e-01
8.748298000000000185e-02
7.164532999999999319e-02
6.974811000000000205e-02
7.724530000000000285e-02
8.909372000000000125e-02
9.524654000000000453e-02
9.822000999999999649e-02
1.328934099999999896e-01
1.265746799999999950e-01
1.195339299999999966e-01
9.049477000000000215e-02
7.819297999999999527e-02
7.005367999999999318e-02
7.180648000000000586e-02
7.888805000000000123e-02
7.166856000000000615e-02
7.570981000000000238e-02
8.195347999999999522e-02
7.518962999999999341e-02
7.196735999999999411e-02
7.762388000000000621e-02
7.180340999999999807e-02
6.640469999999999706e-02
6.673664999999999459e-02
6.811306999999999778e-02
7.143557000000000379e-02
7.507510000000000572e-02
7.158161000000000385e-02
7.203895000000000437e-02
6.867855999999999961e-02
5.742012999999999978e-02
