5.581317999999999696e-02
7.779505999999999921e-02
1.481502100000000044e-01
2.583948400000000145e-01
3.772573799999999755e-01
4.487980899999999829e-01
4.987983699999999909e-01
5.160347800000000262e-01
4.988670099999999996e-01
4.660872200000000243e-01
4.612003299999999917e-01
3.166768600000000045e-01
2.498330500000000010e-01
1.723228699999999891e-01
9.489227000000000078e-02
8.592062000000000310e-02
8.461588999999999916e-02
8.498198999999999337e-02
9.651911000000000518e-02
1.054040100000000063e-01
1.457825600000000055e-01
1.875121299999999991e-01
1.734149500000000121e-01
1.313200900000000004e-01
1.414842600000000006e-01
1.213676300000000041e-01
1.180283099999999974e-01
9.078149000000000635e-02
1.032184399999999946e-01
9.366030000000000189e-02
8.242325999999999819e-02
8.819991000000000636e-02
8.276190999999999409e-02
7.402620000000000033e-02
7.708914999999999518e-02
7.129596000000000544e-02
8.437965000000000049e-02
9.219455999999999485e-02
8.607373000000000107e-02
6.891780000000000128e-02
6.884231000000000378e-02
7.847313999999999679e-02
1.022653599999999996e-01
9.074084999999999790e-02
7.193752000000000479e-02
6.756336999999999759e-02
7.889633999999999536e-02
8.535959999999999381e-02
8.915347999999999329e-02
1.101146800000000064e-01
8.596513000000000071e-02
8.277138000000000551e-02
6.980873999999999413e-02
7.833376999999999701e-02
9.293917999999999624e-02
9.120169000000000192e-02
8.818939000000000639e-02
7.222333000000000225e-02
7.044988000000000639e-02
7.366409999999999625e-02
7.747213999999999490e-02
7.073150999999999744e-02
9.258885000000000032e-02
6.339996000000000520e-02
