5.704092000000000190e-02
8.035905999999999605e-02
6.784869000000000316e-02
6.597058999999999562e-02
6.528773000000000215e-02
6.602526000000000228e-02
6.547026999999999708e-02
6.690334000000000558e-02
6.647559000000000107e-02
6.860381999999999592e-02
6.666072000000000664e-02
6.639525999999999761e-02
6.751653000000000515e-02
7.150230000000000474e-02
7.307009000000000420e-02
6.688130999999999937e-02
6.654438999999999493e-02
6.514224000000000403e-02
6.515332000000000068e-02
6.671633999999999898e-02
6.703747999999999652e-02
7.069337000000000537e-02
6.859511000000000081e-02
6.911607999999999641e-02
7.270709000000000199e-02
7.647049000000000207e-02
7.174817000000000000e-02
7.247639000000000165e-02
7.505406000000000577e-02
8.243406999999999818e-02
7.802913999999999684e-02
7.355030999999999375e-02
7.662104999999999611e-02
7.040965999999999891e-02
6.829643000000000519e-02
7.060835999999999502e-02
7.792491000000000001e-02
8.387972000000000483e-02
8.242739999999999789e-02
8.553906999999999483e-02
9.419147999999999410e-02
1.021712000000000037e-01
8.905963999999999547e-02
7.833685999999999428e-02
7.399920000000000109e-02
9.909518999999999966e-02
1.203139299999999995e-01
1.453360900000000011e-01
2.067872699999999953e-01
2.228545700000000018e-01
2.581267099999999814e-01
2.524620599999999881e-01
2.329441200000000045e-01
2.391299500000000078e-01
1.719469899999999940e-01
1.106330600000000053e-01
7.861779000000000683e-02
7.658181000000000016e-02
6.968805000000000138e-02
6.532749999999999668e-02
7.198158999999999808e-02
7.774055000000000548e-02
7.525563999999999865e-02
5.725449999999999984e-02
