7.491957999999999951e-02
1.180845600000000051e-01
1.247367300000000040e-01
7.594805000000000306e-02
8.294395000000000240e-02
9.517283999999999466e-02
1.611754099999999912e-01
3.247408299999999803e-01
3.365219799999999983e-01
4.288737499999999980e-01
5.247531500000000015e-01
4.697714399999999846e-01
4.210525199999999857e-01
3.382115399999999772e-01
1.795576700000000026e-01
1.395425799999999994e-01
1.184957600000000055e-01
8.802503999999999884e-02
7.343869999999999565e-02
8.698954000000000408e-02
9.236891999999999325e-02
9.452314000000000549e-02
1.279781299999999955e-01
1.403341700000000081e-01
1.959534900000000079e-01
1.809724000000000055e-01
1.288048199999999865e-01
8.348704999999999321e-02
9.360678000000000054e-02
7.887653000000000025e-02
8.684922999999999949e-02
9.289131999999999945e-02
8.716285000000000005e-02
8.751349999999999407e-02
9.334420999999999691e-02
8.477595000000000269e-02
7.674255000000000659e-02
8.737048000000000036e-02
9.259207999999999328e-02
7.928084999999999993e-02
7.350974999999999870e-02
7.834370000000000223e-02
7.839105999999999852e-02
8.647283999999999526e-02
8.094986999999999322e-02
8.166384999999999617e-02
7.169206000000000190e-02
6.906600000000000239e-02
7.059234999999999816e-02
7.838939000000000323e-02
9.016923999999999773e-02
9.698516000000000081e-02
8.470745999999999831e-02
6.749391999999999892e-02
6.697517999999999527e-02
8.740391999999999606e-02
8.906914000000000498e-02
7.551771000000000178e-02
8.719673999999999481e-02
8.639146000000000325e-02
6.842647000000000312e-02
7.535843999999999876e-02
8.021831999999999574e-02
5.790657999999999916e-02
