5.641498000000000346e-02
7.523430999999999869e-02
7.335948999999999942e-02
6.842389999999999584e-02
6.417999000000000620e-02
6.857892000000000154e-02
6.758065000000000599e-02
7.060184999999999378e-02
6.809088000000000640e-02
7.094717000000000384e-02
7.037483999999999407e-02
6.667673999999999823e-02
6.629050999999999694e-02
6.895054000000000460e-02
7.629242999999999442e-02
7.284491999999999357e-02
7.031911000000000411e-02
6.692671999999999510e-02
6.740701000000000331e-02
6.686063999999999896e-02
7.008878999999999804e-02
6.867368999999999557e-02
6.953487999999999336e-02
7.002395000000000147e-02
7.407647000000000537e-02
8.405862999999999530e-02
9.394756999999999414e-02
7.606775999999999816e-02
7.184358999999999884e-02
6.817534999999999568e-02
7.056484999999999841e-02
7.942443000000000419e-02
9.057995000000000629e-02
9.408507000000000675e-02
9.447916000000000647e-02
1.083206800000000025e-01
1.059183300000000050e-01
1.152117000000000002e-01
9.141934999999999645e-02
7.280569000000000623e-02
7.620615000000000028e-02
1.119548300000000052e-01
1.689263900000000096e-01
2.080336999999999881e-01
2.289673799999999981e-01
2.246250200000000086e-01
2.112111200000000022e-01
1.934605100000000022e-01
1.552096599999999993e-01
1.024816699999999969e-01
8.139944999999999820e-02
8.093577999999999883e-02
7.181690000000000296e-02
7.217049999999999854e-02
7.990110999999999741e-02
7.755724999999999425e-02
7.769956000000000085e-02
8.460682999999999399e-02
8.252339999999999676e-02
1.019646099999999972e-01
9.836540000000000561e-02
8.554377000000000508e-02
7.888683999999999974e-02
5.713221000000000271e-02
