5.744848999999999789e-02
8.556431999999999927e-02
1.047169200000000050e-01
7.318950999999999929e-02
7.742359000000000047e-02
8.706005999999999467e-02
8.746689000000000547e-02
1.193493300000000035e-01
1.158870000000000039e-01
1.126115000000000033e-01
9.358996999999999455e-02
9.031348999999999627e-02
6.568280999999999425e-02
7.975074999999999525e-02
1.018618800000000019e-01
1.329673700000000014e-01
1.660848699999999956e-01
1.085633299999999996e-01
9.142092000000000274e-02
1.369228200000000006e-01
1.857967500000000105e-01
1.662150799999999873e-01
1.034028000000000030e-01
7.326755999999999547e-02
9.382886999999999478e-02
1.682953699999999997e-01
3.448592699999999955e-01
4.378788800000000259e-01
5.314674999999999816e-01
4.399165500000000173e-01
3.722782399999999825e-01
3.191954499999999917e-01
2.644260199999999839e-01
1.522089799999999937e-01
9.444181999999999577e-02
7.399371999999999894e-02
8.419445000000000401e-02
9.275144000000000444e-02
8.865462000000000342e-02
9.984057000000000348e-02
1.423684199999999955e-01
1.250052799999999964e-01
1.642899800000000021e-01
1.144239400000000018e-01
9.107511000000000079e-02
7.403648000000000173e-02
7.392456000000000027e-02
7.414969000000000421e-02
7.456957999999999642e-02
8.830678000000000138e-02
9.393964999999999954e-02
8.472672000000000536e-02
8.140480999999999412e-02
8.953875000000000028e-02
7.049437999999999538e-02
7.251370999999999511e-02
7.010666000000000120e-02
7.180042000000000368e-02
7.608729999999999660e-02
8.352489000000000441e-02
9.113543000000000338e-02
8.530857000000000023e-02
6.848761000000000432e-02
6.151373000000000257e-02
