6.843617000000000450e-02
8.449094999999999522e-02
6.794343999999999384e-02
6.742790999999999368e-02
7.147978000000000665e-02
7.722613000000000394e-02
7.300196999999999936e-02
7.609992999999999619e-02
6.960681000000000507e-02
7.314943999999999613e-02
7.041743000000000308e-02
9.287573999999999830e-02
1.159451999999999983e-01
1.133639300000000016e-01
1.029463399999999973e-01
9.504236000000000628e-02
6.876561999999999952e-02
7.521801000000000181e-02
8.723604999999999554e-02
9.375920999999999561e-02
9.549241999999999453e-02
9.441633000000000664e-02
1.246561999999999948e-01
1.237899199999999977e-01
1.182873799999999975e-01
1.067511500000000030e-01
8.642130000000000645e-02
8.181177000000000588e-02
9.612603999999999593e-02
1.899542399999999964e-01
2.782965299999999864e-01
3.660005299999999906e-01
3.787024600000000185e-01
4.143419899999999934e-01
2.898770600000000197e-01
2.531893800000000194e-01
1.899125299999999961e-01
1.173151500000000069e-01
7.391488999999999698e-02
6.728916999999999538e-02
9.077665999999999513e-02
9.037111999999999923e-02
1.153009700000000026e-01
1.333885599999999894e-01
1.401608900000000102e-01
1.281314899999999868e-01
1.172634399999999966e-01
1.386960100000000085e-01
1.044846999999999998e-01
7.290262999999999605e-02
7.432809999999999417e-02
7.230796999999999919e-02
8.343209000000000042e-02
8.071963000000000055e-02
1.062249100000000057e-01
1.053958700000000026e-01
9.954878999999999811e-02
9.277855999999999603e-02
9.314799999999999469e-02
9.228817999999999744e-02
8.021111999999999687e-02
9.172934000000000643e-02
8.522332000000000518e-02
5.768021999999999733e-02
