5.938384000000000024e-02
7.877365999999999535e-02
1.114586899999999992e-01
8.110457999999999557e-02
7.987294999999999812e-02
7.932003999999999444e-02
7.572128000000000192e-02
9.369977000000000167e-02
1.013919900000000013e-01
1.043096899999999966e-01
9.434164000000000438e-02
8.329380000000000117e-02
7.302812000000000192e-02
7.353511999999999549e-02
8.713124999999999343e-02
1.028007300000000068e-01
1.253077099999999888e-01
8.425929000000000058e-02
8.952145000000000241e-02
1.117642199999999975e-01
1.397374999999999867e-01
1.330923300000000087e-01
1.086724800000000019e-01
8.192992999999999804e-02
7.678189000000000541e-02
1.253906499999999924e-01
2.019261900000000054e-01
3.347313699999999725e-01
4.153459400000000246e-01
3.903731400000000074e-01
3.866563399999999873e-01
3.210838999999999777e-01
2.494519500000000056e-01
1.440675700000000059e-01
9.482981000000000049e-02
7.109946000000000321e-02
7.578608000000000566e-02
8.258624999999999994e-02
9.472034999999999483e-02
9.713204000000000282e-02
1.268861699999999926e-01
1.205262500000000014e-01
1.432834699999999961e-01
1.107125500000000068e-01
1.120416899999999993e-01
7.949887999999999399e-02
7.124890999999999863e-02
7.223730000000000429e-02
7.340309999999999890e-02
8.372691000000000161e-02
1.033888599999999991e-01
8.400667000000000550e-02
8.159832999999999670e-02
8.503336000000000228e-02
7.013476000000000432e-02
7.329389000000000043e-02
7.283649000000000373e-02
6.922124000000000332e-02
7.200713999999999726e-02
7.800121000000000138e-02
8.759828999999999533e-02
8.038138999999999701e-02
6.504669999999999896e-02
6.261189000000000338e-02
