6.043338999999999656e-02
7.841212000000000182e-02
7.626552999999999805e-02
8.740027999999999686e-02
8.841140999999999583e-02
8.319785000000000375e-02
7.061333000000000193e-02
6.385483000000000131e-02
6.812147999999999815e-02
8.304612000000000105e-02
8.779169000000000556e-02
9.121095999999999371e-02
7.310513999999999901e-02
7.238150000000000139e-02
8.272148000000000001e-02
7.776297999999999544e-02
9.642299000000000009e-02
9.242305000000000659e-02
7.768904000000000087e-02
6.884026999999999508e-02
7.567952999999999486e-02
8.781163000000000163e-02
8.576878999999999753e-02
7.988755000000000162e-02
7.048856000000000566e-02
7.071568000000000298e-02
8.012154000000000498e-02
8.445215999999999834e-02
8.393519000000000674e-02
8.048463999999999618e-02
8.784334000000000586e-02
7.793724000000000485e-02
8.726275999999999478e-02
9.580953000000000386e-02
8.896220000000000516e-02
7.405965999999999938e-02
7.974206999999999823e-02
8.674598000000000031e-02
8.679393999999999998e-02
8.033361999999999448e-02
8.367713999999999708e-02
9.941801000000000110e-02
9.959911999999999932e-02
1.016244099999999984e-01
9.251147999999999316e-02
7.544984999999999886e-02
7.145534000000000607e-02
8.343654999999999822e-02
1.032986899999999986e-01
1.647073799999999866e-01
2.467342600000000108e-01
2.651284300000000260e-01
2.793151700000000015e-01
2.753749799999999914e-01
2.297536599999999984e-01
1.593373999999999902e-01
1.187721199999999949e-01
1.095096900000000067e-01
9.451460999999999890e-02
7.285964000000000329e-02
7.360835000000000294e-02
8.661713999999999525e-02
8.049454000000000331e-02
5.527901999999999816e-02
