5.689381000000000299e-02
7.306761999999999979e-02
7.825635000000000230e-02
7.561365000000000447e-02
6.905582000000000387e-02
7.149531000000000636e-02
6.877585999999999422e-02
7.483658999999999450e-02
7.575656000000000057e-02
7.879674999999999874e-02
7.537488999999999995e-02
6.706156000000000617e-02
6.801765999999999368e-02
7.147138999999999576e-02
7.607461000000000084e-02
8.456963000000000674e-02
8.351970000000000227e-02
7.193404000000000464e-02
7.174344000000000554e-02
8.794035000000000046e-02
1.027593599999999940e-01
9.817526000000000030e-02
8.495060999999999585e-02
7.536677999999999433e-02
6.705289000000000388e-02
8.046499999999999486e-02
1.292229599999999978e-01
1.678665300000000138e-01
1.869021499999999891e-01
1.620571299999999937e-01
1.738204499999999875e-01
1.561766900000000069e-01
1.243549600000000005e-01
9.068606999999999363e-02
7.010624000000000022e-02
7.560645000000000560e-02
7.569396000000000457e-02
7.311718000000000384e-02
6.982628000000000446e-02
8.210936000000000623e-02
8.221083999999999337e-02
8.714705999999999841e-02
1.015507699999999985e-01
7.600674999999999792e-02
8.802179000000000253e-02
7.238488999999999340e-02
6.919743000000000421e-02
7.128966999999999943e-02
7.613997999999999600e-02
7.081572999999999340e-02
7.375760000000000649e-02
7.050560999999999634e-02
6.868324000000000651e-02
7.484622999999999970e-02
6.927795999999999954e-02
7.661133000000000526e-02
7.136802000000000423e-02
6.594413000000000358e-02
6.694068000000000240e-02
7.038932999999999995e-02
7.521261999999999392e-02
7.264872999999999470e-02
6.903985999999999457e-02
5.541676000000000241e-02
