6.561056999999999306e-02
1.087005600000000016e-01
1.241429299999999986e-01
1.601216900000000110e-01
1.280412099999999886e-01
9.373604000000000658e-02
8.991382000000000541e-02
6.906592000000000287e-02
8.044990999999999948e-02
1.029273799999999989e-01
9.596673000000000009e-02
8.472557000000000005e-02
1.336666300000000085e-01
1.193458099999999966e-01
1.285684099999999941e-01
1.129458200000000023e-01
1.205357999999999985e-01
1.188011399999999995e-01
8.249346999999999930e-02
6.806587000000000054e-02
8.936884000000000494e-02
1.572123800000000127e-01
2.459479099999999918e-01
2.659072900000000184e-01
3.313420100000000201e-01
3.610004199999999885e-01
3.235565699999999878e-01
2.488240999999999925e-01
2.089655300000000104e-01
1.153370799999999946e-01
9.292686999999999475e-02
7.494426999999999339e-02
7.451335000000000597e-02
7.944220000000000448e-02
7.868812999999999502e-02
9.762347999999999859e-02
9.101455999999999436e-02
1.520002199999999914e-01
1.656550900000000048e-01
1.098331699999999939e-01
9.010450999999999877e-02
7.870149999999999368e-02
7.085463000000000178e-02
8.352571999999999774e-02
8.746853999999999740e-02
9.034184000000000658e-02
6.836320999999999370e-02
8.739188999999999985e-02
7.938304999999999667e-02
7.375036000000000092e-02
7.485227999999999327e-02
6.628828000000000498e-02
6.829396999999999551e-02
6.965166000000000412e-02
7.688042999999999960e-02
7.748462000000000405e-02
7.013163999999999509e-02
6.695695999999999593e-02
6.898229999999999640e-02
7.002556000000000058e-02
7.206281000000000492e-02
7.021499999999999964e-02
8.138544000000000334e-02
5.770270000000000260e-02
