7.221734000000000486e-02
1.287483100000000047e-01
2.549786600000000236e-01
3.643389599999999895e-01
4.793073500000000209e-01
4.945681399999999894e-01
5.257028299999999543e-01
5.077136799999999450e-01
4.793435300000000177e-01
4.323727199999999882e-01
3.910494099999999862e-01
2.514534900000000017e-01
1.764296399999999987e-01
1.068955699999999953e-01
1.070620099999999991e-01
9.909682000000000213e-02
1.040206000000000047e-01
1.433820899999999898e-01
1.566239700000000012e-01
1.422954100000000111e-01
1.688653800000000094e-01
1.785594699999999979e-01
1.289635399999999876e-01
8.897821000000000202e-02
7.953736999999999613e-02
7.632046000000000663e-02
8.870794999999999375e-02
9.969181000000000570e-02
1.031267899999999960e-01
9.147162999999999822e-02
6.940767999999999938e-02
7.849266000000000576e-02
8.287165999999999977e-02
7.353806000000000231e-02
6.947562000000000182e-02
7.812384999999999469e-02
8.096673000000000064e-02
8.934925000000000506e-02
8.526601000000000319e-02
9.437320000000000431e-02
8.194611000000000256e-02
8.498685999999999741e-02
8.582824999999999482e-02
7.910599000000000103e-02
7.440929999999999767e-02
9.116071000000000590e-02
1.002218799999999993e-01
1.010031200000000018e-01
8.334498999999999380e-02
7.479516999999999416e-02
6.904322999999999710e-02
7.348034999999999983e-02
9.178090999999999333e-02
1.067314699999999950e-01
1.069344799999999984e-01
8.120518000000000181e-02
7.739477999999999636e-02
9.385530999999999735e-02
9.495175000000000143e-02
8.617386999999999964e-02
9.170140000000000235e-02
7.116693000000000324e-02
8.756576000000000637e-02
6.274854000000000542e-02
