5.433011000000000090e-02
6.561907000000000156e-02
6.448863000000000512e-02
6.679799999999999627e-02
6.792167999999999817e-02
6.760642999999999514e-02
6.535130999999999579e-02
6.246875999999999818e-02
6.298586999999999936e-02
6.357582999999999984e-02
6.641160999999999592e-02
6.632494999999999363e-02
6.555634999999999935e-02
6.597401999999999433e-02
6.623800999999999994e-02
6.654234000000000537e-02
6.609051999999999982e-02
6.451766999999999919e-02
6.883543999999999774e-02
6.888605999999999896e-02
7.684900999999999538e-02
7.520875000000000477e-02
7.397141000000000133e-02
7.509599999999999609e-02
6.851127999999999385e-02
6.829623999999999417e-02
7.287077999999999611e-02
7.722922000000000120e-02
7.522022999999999904e-02
8.361641999999999686e-02
9.313810999999999618e-02
9.371614999999999807e-02
1.040721500000000022e-01
8.922185000000000532e-02
7.645799999999999819e-02
7.084793000000000340e-02
7.228101000000000664e-02
7.878008999999999706e-02
1.197347599999999956e-01
1.627950200000000125e-01
2.148702399999999901e-01
2.816024999999999778e-01
2.820298099999999919e-01
2.630357999999999863e-01
2.029447400000000123e-01
1.287362999999999980e-01
9.065048000000000550e-02
9.552141000000000104e-02
6.681394000000000222e-02
6.669250999999999652e-02
7.186454000000000453e-02
7.521123000000000391e-02
8.614800000000000235e-02
1.161822200000000027e-01
1.129304299999999983e-01
1.776963000000000015e-01
1.529230299999999876e-01
1.148922400000000066e-01
9.788183999999999774e-02
1.063338999999999951e-01
9.207754999999999412e-02
7.592351999999999435e-02
7.325906000000000085e-02
5.787736000000000269e-02
