5.956021000000000232e-02
8.119698000000000193e-02
1.129521400000000064e-01
8.498580999999999497e-02
8.576876999999999418e-02
7.995679999999999454e-02
8.268828999999999763e-02
9.344816999999999707e-02
1.028512300000000018e-01
1.164594399999999974e-01
9.912240999999999413e-02
9.098203000000000540e-02
7.068032999999999955e-02
7.258277999999999952e-02
8.224396000000000484e-02
1.126034000000000063e-01
1.115955700000000050e-01
9.051212999999999620e-02
8.671866000000000296e-02
1.208787699999999965e-01
1.447751200000000071e-01
1.373145100000000007e-01
1.085593200000000008e-01
8.454084000000000598e-02
7.607690000000000285e-02
1.125343699999999947e-01
2.150032100000000002e-01
3.406930599999999920e-01
4.200601900000000000e-01
3.915764099999999859e-01
3.702425400000000089e-01
3.126882300000000114e-01
2.419476399999999916e-01
1.478407200000000088e-01
8.785300000000000054e-02
6.875952000000000452e-02
7.259772000000000447e-02
7.670665000000000122e-02
8.916232000000000324e-02
9.957465000000000066e-02
1.171200599999999981e-01
1.170229099999999939e-01
1.378186000000000133e-01
1.092181299999999966e-01
1.209883100000000017e-01
8.909538999999999653e-02
7.379362000000000421e-02
7.084355999999999987e-02
7.330899999999999916e-02
9.024861000000000688e-02
1.024367800000000051e-01
8.961842000000000419e-02
7.940505999999999953e-02
8.506510999999999934e-02
6.905998000000000692e-02
7.705220000000000125e-02
7.304004999999999526e-02
7.378819000000000350e-02
7.409050000000000358e-02
7.502280999999999533e-02
9.030610999999999500e-02
7.677103999999999873e-02
6.711248000000000213e-02
6.208846999999999977e-02
