6.460051999999999461e-02
1.101775799999999972e-01
1.215785100000000007e-01
1.251685200000000053e-01
1.025176000000000004e-01
1.472897200000000129e-01
1.640811899999999879e-01
1.377849899999999961e-01
1.289621900000000043e-01
8.967176000000000313e-02
9.763835999999999349e-02
7.999343000000000425e-02
1.416496499999999881e-01
2.366989999999999927e-01
3.424762199999999979e-01
3.976886600000000271e-01
4.438245599999999791e-01
4.016325800000000168e-01
3.397101499999999885e-01
2.808628699999999867e-01
2.089820199999999906e-01
1.197160000000000030e-01
8.858684000000000003e-02
7.737330000000000596e-02
7.668978999999999380e-02
8.439707000000000459e-02
1.064998100000000003e-01
1.185266799999999954e-01
1.295640000000000125e-01
1.804346099999999953e-01
1.788973700000000000e-01
1.318858699999999884e-01
1.129663199999999951e-01
9.252575999999999856e-02
9.391984000000000443e-02
9.433779000000000470e-02
9.052749000000000212e-02
7.892797000000000007e-02
7.323533999999999600e-02
8.413215999999999750e-02
8.387079999999999536e-02
7.891650000000000054e-02
7.010302999999999674e-02
6.858741000000000143e-02
6.799755000000000382e-02
7.317099000000000519e-02
7.605354000000000281e-02
7.925699999999999412e-02
7.747945000000000526e-02
8.677758000000000693e-02
9.967763999999999791e-02
9.756852000000000580e-02
8.085103999999999902e-02
7.276615999999999640e-02
6.973936999999999498e-02
7.519889999999999908e-02
7.914374000000000409e-02
8.322003999999999513e-02
8.744786000000000226e-02
8.431181999999999566e-02
6.418801000000000367e-02
6.830305000000000404e-02
7.445459000000000105e-02
6.112158000000000174e-02
