7.025322999999999984e-02
1.163195800000000057e-01
1.314156700000000122e-01
1.277151900000000062e-01
1.212321100000000040e-01
1.532254999999999867e-01
1.561244099999999912e-01
1.586060699999999879e-01
1.467820300000000078e-01
1.521200199999999947e-01
1.013611100000000043e-01
8.712193999999999494e-02
1.437182999999999933e-01
2.358699900000000016e-01
3.563951799999999781e-01
4.640276999999999874e-01
5.333654300000000292e-01
4.985574799999999973e-01
4.365788999999999920e-01
3.558075099999999935e-01
2.856969799999999893e-01
1.600431700000000124e-01
1.002703199999999961e-01
8.403248000000000661e-02
7.719072000000000433e-02
9.518496999999999375e-02
1.119390600000000069e-01
1.274983899999999892e-01
1.344922500000000076e-01
2.038204499999999864e-01
2.204113799999999901e-01
1.679456699999999914e-01
1.499905400000000055e-01
1.052516500000000021e-01
9.722266000000000241e-02
1.125091800000000003e-01
1.057235400000000047e-01
8.476166000000000256e-02
8.071743000000000667e-02
9.239988000000000368e-02
9.162436000000000191e-02
9.205484999999999363e-02
7.421545000000000225e-02
7.154061999999999921e-02
7.231297999999999893e-02
8.225351999999999664e-02
8.425757999999999859e-02
8.718642000000000059e-02
8.138612000000000624e-02
9.208294000000000201e-02
1.249975299999999956e-01
1.124625100000000016e-01
1.009293599999999957e-01
8.276387000000000327e-02
7.058048000000000100e-02
7.715954999999999342e-02
8.596420999999999923e-02
9.446925999999999934e-02
1.078559899999999988e-01
8.731252999999999931e-02
7.033005000000000506e-02
7.277334000000000580e-02
7.487133999999999456e-02
6.785755999999999732e-02
