5.502442999999999917e-02
7.509412000000000031e-02
6.547015999999999947e-02
6.678138999999999603e-02
7.297043999999999753e-02
7.610727000000000464e-02
7.603633999999999393e-02
7.350423999999999847e-02
6.960793999999999315e-02
7.007969999999999478e-02
7.484588999999999825e-02
6.927771000000000623e-02
7.283193999999999779e-02
7.416793000000000691e-02
7.388556000000000290e-02
6.959901999999999755e-02
8.405284999999999840e-02
1.009561499999999945e-01
9.064867000000000063e-02
8.542929999999999968e-02
7.955996999999999375e-02
7.356437000000000392e-02
9.383002999999999483e-02
1.107630500000000018e-01
1.135034600000000005e-01
1.198700399999999971e-01
1.043310199999999965e-01
1.311902899999999872e-01
1.300937699999999975e-01
1.187304200000000032e-01
1.045899299999999976e-01
7.613654000000000255e-02
8.807845000000000257e-02
1.313166000000000055e-01
2.089381999999999906e-01
3.019034600000000124e-01
4.205811600000000094e-01
4.415738300000000005e-01
4.705628499999999770e-01
3.771224000000000243e-01
2.400501999999999914e-01
1.799813799999999964e-01
1.309165999999999941e-01
1.064411799999999964e-01
7.308169999999999944e-02
7.119032000000000138e-02
7.781105000000000660e-02
8.038478000000000290e-02
1.020958899999999947e-01
1.085475500000000065e-01
1.429827800000000038e-01
1.682311099999999893e-01
1.314331099999999919e-01
1.164704599999999979e-01
1.070878499999999983e-01
1.012224800000000036e-01
9.512518000000000362e-02
9.087539000000000033e-02
7.632508000000000348e-02
8.051809999999999523e-02
8.484263999999999695e-02
8.627537000000000400e-02
9.689253000000000449e-02
5.680124000000000284e-02
