6.496773999999999605e-02
2.912180999999999798e-01
3.517128500000000213e-01
3.599391599999999802e-01
3.240278699999999956e-01
3.238831500000000085e-01
2.647924700000000020e-01
1.689015799999999956e-01
1.065001399999999931e-01
9.082431000000000532e-02
8.245947000000000693e-02
7.481318000000000690e-02
7.391266999999999976e-02
8.917134000000000171e-02
1.055350699999999947e-01
1.288526200000000010e-01
1.297494899999999951e-01
1.610257900000000020e-01
1.444474000000000036e-01
1.131251000000000062e-01
1.012395499999999976e-01
8.797671999999999437e-02
8.439678000000000457e-02
8.357275000000000120e-02
9.140320000000000389e-02
9.479753999999999958e-02
7.069005999999999901e-02
7.440887000000000195e-02
7.885459999999999692e-02
8.056910000000000460e-02
7.159600000000000686e-02
7.576939000000000590e-02
7.749346999999999486e-02
6.968886999999999998e-02
7.057481000000000171e-02
6.738687999999999623e-02
6.889604000000000561e-02
7.623449000000000197e-02
8.181969000000000047e-02
7.312146999999999397e-02
6.448338000000000680e-02
7.409327000000000274e-02
8.536895999999999374e-02
9.454869000000000467e-02
9.629943000000000530e-02
7.748198000000000585e-02
6.812079000000000051e-02
7.096101999999999965e-02
7.484746999999999928e-02
7.618482999999999505e-02
7.481677000000000466e-02
7.475276000000000143e-02
6.726028000000000562e-02
6.715150999999999759e-02
7.055504999999999416e-02
7.614458999999999811e-02
7.507756000000000152e-02
7.351174000000000597e-02
7.309612000000000054e-02
6.809112000000000497e-02
6.738339999999999608e-02
7.992059999999999442e-02
6.781157999999999630e-02
5.710052999999999657e-02
