5.596103999999999662e-02
7.428147999999999695e-02
8.393707000000000251e-02
7.678047999999999818e-02
7.041239000000000525e-02
7.069915999999999701e-02
6.632453000000000654e-02
6.984331000000000567e-02
6.715820000000000123e-02
7.388949999999999685e-02
7.562293999999999961e-02
7.105134999999999923e-02
6.798651000000000000e-02
6.808272999999999409e-02
7.522389999999999632e-02
7.916526999999999592e-02
7.766037000000000634e-02
6.718755999999999340e-02
6.561216999999999744e-02
6.969034999999999813e-02
7.087984999999999425e-02
7.171829000000000398e-02
7.362364000000000408e-02
7.261228999999999600e-02
7.987331999999999765e-02
9.127617999999999843e-02
1.053899499999999961e-01
1.040501900000000007e-01
8.200752999999999515e-02
7.558115999999999446e-02
8.520450999999999719e-02
8.144875999999999505e-02
9.025186000000000319e-02
1.022235799999999944e-01
1.087010399999999988e-01
1.298889099999999963e-01
1.403178900000000007e-01
1.415247799999999889e-01
8.940062000000000009e-02
7.947777999999999787e-02
7.006112000000000450e-02
1.040121799999999957e-01
1.833536299999999897e-01
2.801379600000000192e-01
2.955907899999999922e-01
3.063848299999999969e-01
2.911775999999999809e-01
2.436730599999999969e-01
1.981409500000000101e-01
1.091640100000000058e-01
7.849488000000000298e-02
1.061675599999999942e-01
9.106706999999999996e-02
8.999277999999999444e-02
1.207377000000000034e-01
1.258455199999999885e-01
9.405914999999999415e-02
9.897380000000000067e-02
9.564446999999999532e-02
1.063864800000000055e-01
1.385010299999999972e-01
1.175706700000000021e-01
8.562253000000000225e-02
6.375740000000000574e-02
