5.588027999999999745e-02
7.107847999999999944e-02
7.962044999999999539e-02
8.383746000000000254e-02
7.943131000000000497e-02
8.116352999999999762e-02
6.864393000000000578e-02
6.535934999999999662e-02
6.796069000000000415e-02
7.046631999999999896e-02
8.533556000000000474e-02
8.521739999999999871e-02
7.971918999999999533e-02
8.057904999999999929e-02
7.477440999999999949e-02
8.932073000000000096e-02
9.245217999999999492e-02
6.833904999999999841e-02
6.474464000000000607e-02
7.002166999999999419e-02
6.959236000000000588e-02
7.374521000000000548e-02
8.278679999999999373e-02
7.399379000000000373e-02
8.921687999999999841e-02
9.569824000000000386e-02
1.064233799999999980e-01
1.082124899999999945e-01
8.956305999999999989e-02
9.264711000000000474e-02
7.529706999999999373e-02
7.837500999999999496e-02
8.269614000000000131e-02
8.298427999999999360e-02
9.489799999999999625e-02
9.228825999999999696e-02
8.113802000000000514e-02
1.037659100000000029e-01
1.136146900000000043e-01
1.041337199999999991e-01
9.646108000000000460e-02
8.154894999999999505e-02
1.114100400000000018e-01
1.459973200000000138e-01
1.734841799999999878e-01
2.421360599999999863e-01
2.763028100000000098e-01
2.368926600000000049e-01
2.290171400000000079e-01
1.646696900000000074e-01
1.402365600000000101e-01
1.280720999999999943e-01
9.332029999999999492e-02
8.702585999999999655e-02
6.904143999999999559e-02
7.131471000000000338e-02
7.297014999999999751e-02
7.324693999999999650e-02
7.882174999999999598e-02
8.466806000000000332e-02
8.466801999999999662e-02
8.566687000000000607e-02
7.557838000000000056e-02
5.483576999999999896e-02
