6.158326000000000078e-02
1.106705800000000045e-01
1.193728599999999973e-01
1.162192600000000048e-01
1.631109299999999873e-01
1.703679300000000008e-01
1.310629399999999889e-01
9.552372000000000640e-02
7.913145000000000595e-02
9.030916999999999417e-02
9.928939000000000514e-02
1.957808699999999957e-01
3.200602200000000064e-01
3.619022399999999862e-01
3.912993699999999797e-01
4.035512199999999883e-01
3.973653600000000008e-01
3.140975500000000031e-01
2.046917699999999951e-01
1.192031699999999972e-01
8.756076999999999610e-02
7.354428999999999828e-02
7.976178000000000434e-02
8.280186000000000490e-02
9.369486999999999954e-02
9.851769000000000498e-02
1.400692900000000130e-01
1.587023100000000131e-01
1.465426099999999898e-01
1.279498299999999866e-01
1.281817399999999885e-01
8.927345000000000419e-02
8.732040000000000635e-02
1.002697899999999975e-01
1.020522100000000043e-01
1.074414399999999992e-01
9.757717999999999947e-02
7.063253999999999366e-02
7.956019000000000285e-02
8.116463999999999623e-02
8.163647999999999738e-02
6.996062000000000114e-02
6.929923999999999806e-02
7.647882000000000291e-02
7.279297999999999325e-02
6.906334999999999558e-02
7.652907000000000459e-02
9.092748999999999970e-02
8.958307999999999549e-02
1.008175199999999938e-01
9.547326000000000423e-02
7.740233000000000529e-02
6.817969000000000113e-02
7.281561000000000283e-02
8.358780000000000376e-02
8.646668000000000409e-02
9.183257000000000225e-02
8.064184000000000629e-02
7.067209000000000685e-02
7.347819999999999352e-02
7.629342000000000068e-02
7.161720000000000586e-02
8.075496999999999537e-02
5.873748000000000163e-02
