6.314388999999999419e-02
8.501353000000000382e-02
7.224890999999999952e-02
7.335846999999999507e-02
6.920437999999999590e-02
7.326169999999999904e-02
7.871414000000000188e-02
7.736819999999999808e-02
7.806546000000000318e-02
6.892650000000000166e-02
6.819071000000000160e-02
6.707269999999999899e-02
7.053918000000000688e-02
8.399644000000000554e-02
8.047864000000000406e-02
7.188337999999999672e-02
6.937227999999999450e-02
9.074519999999999809e-02
9.961420999999999470e-02
1.093148199999999931e-01
1.137388299999999991e-01
9.138329000000000590e-02
7.949760999999999633e-02
7.560904000000000236e-02
9.360984999999999445e-02
1.002526700000000021e-01
9.684792000000000400e-02
1.057862599999999931e-01
1.050531499999999979e-01
1.158657700000000068e-01
1.256874799999999903e-01
1.227665200000000040e-01
1.135328599999999993e-01
1.018453500000000012e-01
1.462611299999999892e-01
2.211285699999999965e-01
3.126390299999999844e-01
4.060077400000000059e-01
4.559592000000000089e-01
3.827526900000000065e-01
3.101056500000000105e-01
2.527944400000000091e-01
1.928787399999999930e-01
1.384287600000000118e-01
7.366029999999999800e-02
7.147122000000000197e-02
7.400445999999999414e-02
8.140703999999999996e-02
9.245865000000000333e-02
1.225230199999999964e-01
1.388679600000000125e-01
1.844640100000000116e-01
1.722751399999999933e-01
1.330316199999999893e-01
9.398950999999999834e-02
8.358941999999999761e-02
8.690982999999999348e-02
8.475330999999999837e-02
7.573008999999999991e-02
8.921769000000000227e-02
8.653326000000000073e-02
8.902047999999999905e-02
8.810685999999999518e-02
5.572614000000000040e-02
