6.699101999999999835e-02
8.051582999999999657e-02
6.974320999999999993e-02
6.631167999999999785e-02
6.830704999999999416e-02
6.841766000000000514e-02
6.566574000000000022e-02
6.740693999999999853e-02
7.199331999999999954e-02
6.901082000000000050e-02
6.823070000000000523e-02
6.637174999999999325e-02
7.650906999999999847e-02
8.346646000000000620e-02
7.661574000000000162e-02
6.749294999999999600e-02
6.528875000000000650e-02
6.540561000000000291e-02
6.849080000000000445e-02
7.315212000000000103e-02
6.744735000000000313e-02
7.005881999999999388e-02
6.986427000000000609e-02
7.142486000000000668e-02
7.898956000000000033e-02
7.691428000000000154e-02
7.118048999999999904e-02
7.489487999999999701e-02
7.863567000000000473e-02
8.523864999999999914e-02
8.547875000000000612e-02
7.400289000000000172e-02
7.688833000000000473e-02
6.770315999999999834e-02
6.808751999999999860e-02
7.815711000000000186e-02
8.760234999999999550e-02
8.587208999999999814e-02
8.402671999999999919e-02
8.413131999999999555e-02
9.452473000000000125e-02
1.083116499999999954e-01
8.531640000000000057e-02
7.710261999999999671e-02
7.653422999999999476e-02
9.016377999999999893e-02
1.255611199999999983e-01
1.310775100000000082e-01
1.652164600000000094e-01
1.850407400000000091e-01
1.905139499999999875e-01
1.899954199999999982e-01
1.685787599999999942e-01
1.478238699999999961e-01
1.127795899999999990e-01
8.998973999999999862e-02
7.759161000000000530e-02
6.870632000000000128e-02
6.766426000000000385e-02
6.732802999999999705e-02
6.618941999999999881e-02
6.947596000000000327e-02
7.041058999999999513e-02
5.548030999999999796e-02
