6.855585000000000151e-02
1.904109099999999888e-01
2.086639399999999922e-01
2.046378299999999928e-01
1.937667999999999890e-01
1.914323699999999906e-01
1.808106999999999909e-01
1.292021600000000103e-01
1.004162499999999986e-01
8.762717000000000422e-02
8.293277999999999761e-02
7.138993000000000422e-02
7.591420000000000112e-02
7.834918000000000438e-02
7.600184999999999580e-02
8.262741999999999309e-02
8.493630000000000624e-02
1.044027399999999939e-01
9.718271000000000548e-02
8.524531000000000469e-02
8.684514999999999596e-02
8.449416999999999345e-02
7.637285000000000601e-02
7.350814999999999433e-02
7.210556999999999384e-02
7.298132999999999704e-02
6.684946999999999417e-02
7.154489999999999461e-02
7.251402999999999321e-02
7.556991999999999876e-02
6.936309999999999698e-02
6.673503999999999547e-02
6.847933000000000492e-02
6.621786999999999812e-02
6.579474000000000433e-02
6.875804000000000638e-02
6.587123999999999757e-02
6.818583000000000283e-02
7.149289000000000338e-02
7.133248999999999840e-02
6.587339999999999862e-02
7.083253000000000466e-02
7.123533999999999422e-02
7.467912999999999635e-02
8.062239000000000211e-02
8.016388000000000680e-02
7.026707000000000092e-02
6.957876999999999812e-02
6.745552000000000492e-02
6.768815000000000248e-02
7.325597000000000358e-02
7.746158999999999684e-02
7.284206000000000014e-02
7.188977000000000561e-02
7.243723000000000523e-02
7.489811000000000385e-02
7.882327999999999557e-02
8.387015000000000442e-02
8.906369999999999565e-02
7.159711000000000547e-02
6.693527000000000504e-02
7.011064999999999658e-02
6.558680000000000065e-02
6.127073000000000241e-02
