5.035184999999999661e-02
6.756953999999999738e-02
7.709246000000000154e-02
8.626151999999999431e-02
9.631038000000000099e-02
1.084052199999999966e-01
6.798487999999999754e-02
6.768290999999999891e-02
6.862978999999999608e-02
7.017212000000000449e-02
7.489832999999999907e-02
8.372612000000000110e-02
7.406472000000000055e-02
6.817847999999999964e-02
6.898250999999999689e-02
7.269027000000000127e-02
7.509675999999999851e-02
7.153523999999999994e-02
7.512185000000000390e-02
8.282061999999999757e-02
1.003280299999999986e-01
9.182975000000000165e-02
8.204242999999999952e-02
7.688725000000000420e-02
6.545671999999999602e-02
6.552524999999999322e-02
6.804287000000000529e-02
7.261557999999999902e-02
7.011651000000000689e-02
7.158208000000000626e-02
7.025412000000000323e-02
7.606738999999999862e-02
8.221942999999999613e-02
8.491379000000000288e-02
7.308652999999999678e-02
7.056107000000000351e-02
7.746053999999999440e-02
8.550784999999999636e-02
1.123953599999999997e-01
1.313885999999999943e-01
1.425566799999999912e-01
1.441147500000000137e-01
1.210911399999999999e-01
1.221069399999999971e-01
1.119793000000000038e-01
1.047535700000000042e-01
9.480478000000000516e-02
9.551308000000000020e-02
7.353447999999999929e-02
6.637954999999999550e-02
7.716262000000000121e-02
7.513348999999999722e-02
8.521048999999999984e-02
1.177940700000000007e-01
1.124232000000000009e-01
1.426742699999999919e-01
1.167869299999999971e-01
9.308088000000000473e-02
8.346982000000000013e-02
8.035087000000000479e-02
7.224017000000000632e-02
6.631771000000000194e-02
6.738183000000000367e-02
5.476319000000000325e-02
