5.064579000000000303e-02
9.369610999999999912e-02
6.631494000000000277e-02
6.752096000000000486e-02
7.037485000000000268e-02
7.201712999999999865e-02
7.298517000000000199e-02
6.824376000000000053e-02
6.934435999999999378e-02
8.038325999999999805e-02
7.133578999999999615e-02
8.375411000000000661e-02
1.050869900000000051e-01
9.962720999999999383e-02
1.069839399999999996e-01
7.621456000000000064e-02
7.309939999999999494e-02
6.971887999999999697e-02
7.786424000000000123e-02
8.471341000000000288e-02
8.703336999999999879e-02
9.616191999999999795e-02
1.110236400000000068e-01
1.274810600000000071e-01
1.201339099999999965e-01
1.023625299999999932e-01
7.995718000000000270e-02
9.043238000000000665e-02
1.188940500000000011e-01
2.092489899999999958e-01
2.712495600000000007e-01
3.241583100000000051e-01
3.115970800000000263e-01
3.081969600000000198e-01
2.003876599999999952e-01
1.550583100000000047e-01
1.235475199999999940e-01
7.544415000000000149e-02
6.701273000000000646e-02
7.316161000000000192e-02
7.671424999999999772e-02
9.421488999999999558e-02
1.049627699999999969e-01
1.150148700000000052e-01
1.115454599999999991e-01
1.098773900000000053e-01
9.733870000000000022e-02
8.893075000000000285e-02
8.036996000000000417e-02
6.919715999999999367e-02
7.870236999999999372e-02
7.438440999999999803e-02
7.493487000000000064e-02
7.946475999999999540e-02
8.097883000000000164e-02
8.868885999999999437e-02
8.250917000000000667e-02
8.119924000000000586e-02
7.072423999999999378e-02
8.371618000000000115e-02
8.124625000000000596e-02
8.250599000000000127e-02
7.545150000000000468e-02
5.734929999999999889e-02
