5.106411000000000283e-02
6.683707999999999316e-02
6.403193999999999553e-02
6.378201000000000009e-02
6.590351999999999322e-02
7.062443999999999666e-02
6.451787000000000494e-02
6.564367999999999592e-02
6.343310000000000615e-02
6.540132999999999364e-02
6.599256000000000566e-02
6.465663000000000660e-02
6.581376999999999367e-02
6.688415000000000332e-02
7.018797000000000230e-02
6.650148000000000170e-02
6.487811000000000272e-02
6.440347999999999906e-02
6.473325000000000606e-02
6.562571000000000376e-02
6.737007999999999885e-02
6.708764000000000394e-02
6.844691999999999443e-02
7.448216000000000558e-02
7.084103999999999401e-02
7.171692999999999818e-02
7.146747999999999990e-02
6.625106000000000050e-02
6.562149000000000454e-02
6.649921999999999778e-02
6.983946000000000598e-02
7.387025999999999315e-02
8.925557000000000629e-02
7.877009999999999568e-02
8.057535999999999865e-02
8.782449000000000505e-02
8.226535999999999571e-02
7.978462000000000054e-02
7.820211000000000523e-02
7.863483999999999752e-02
9.443042999999999576e-02
1.390685000000000116e-01
2.007577000000000111e-01
2.356121200000000082e-01
2.351393099999999903e-01
2.138477300000000136e-01
1.989365499999999898e-01
1.684071299999999882e-01
1.176748299999999942e-01
8.049626999999999477e-02
7.530257999999999396e-02
7.385582000000000258e-02
7.160769999999999635e-02
7.959592999999999530e-02
1.130977499999999969e-01
1.275651200000000041e-01
1.150810099999999975e-01
1.126592800000000005e-01
1.115343000000000029e-01
1.288830499999999990e-01
1.207997600000000060e-01
9.722999000000000225e-02
7.875448000000000170e-02
5.849084999999999701e-02
