6.837738000000000149e-02
1.323475500000000082e-01
1.646957199999999899e-01
1.587533999999999890e-01
1.289203499999999891e-01
8.791337000000000457e-02
7.014924000000000159e-02
6.683704000000000034e-02
8.797676999999999581e-02
1.164149200000000051e-01
1.035020799999999963e-01
9.710410999999999349e-02
1.044776099999999985e-01
1.321057999999999955e-01
1.840088800000000135e-01
1.713486300000000018e-01
1.573654999999999915e-01
1.126508499999999968e-01
7.503403000000000156e-02
7.399329000000000323e-02
1.579035199999999917e-01
2.976757600000000115e-01
3.792424200000000245e-01
3.731282100000000157e-01
3.662313200000000268e-01
3.624435100000000243e-01
3.324689000000000116e-01
2.102912799999999971e-01
1.377225499999999991e-01
8.656023000000000189e-02
7.652924999999999311e-02
8.043063000000000295e-02
7.853854999999999864e-02
9.304489000000000509e-02
1.256416700000000108e-01
1.326545799999999942e-01
1.416664300000000098e-01
1.872428499999999885e-01
1.536340900000000009e-01
9.663043999999999800e-02
7.700598999999999639e-02
8.468555999999999306e-02
7.904695999999999945e-02
7.876808000000000420e-02
9.919780999999999738e-02
9.906658999999999604e-02
7.617714000000000429e-02
8.174056999999999851e-02
7.996902000000000177e-02
7.385714000000000168e-02
7.587499999999999800e-02
8.726551000000000446e-02
7.398726999999999387e-02
8.004390000000000116e-02
7.803250000000000464e-02
7.657255999999999785e-02
6.907844999999999958e-02
8.987836999999999910e-02
1.148518500000000053e-01
1.128264400000000001e-01
9.487442000000000097e-02
7.857240999999999531e-02
6.908314999999999595e-02
5.876172000000000339e-02
