5.700366999999999934e-02
6.857981999999999967e-02
6.606310999999999434e-02
6.751640000000000419e-02
6.938722999999999419e-02
7.439229999999999454e-02
6.725486999999999438e-02
6.471673999999999483e-02
6.792346000000000494e-02
6.664370000000000016e-02
7.011457999999999580e-02
7.215910999999999853e-02
7.727106999999999726e-02
8.185968999999999884e-02
7.357371999999999523e-02
7.403468000000000548e-02
7.246701999999999311e-02
6.828781999999999908e-02
6.975307999999999509e-02
7.318014000000000463e-02
6.695613000000000259e-02
6.781259000000000592e-02
7.348372000000000237e-02
7.340705000000000147e-02
7.834713000000000094e-02
7.518518000000000423e-02
7.193502999999999703e-02
8.432876000000000261e-02
8.142275000000000207e-02
8.681126999999999594e-02
7.545791999999999777e-02
6.442146999999999457e-02
6.879786000000000235e-02
7.674216000000000371e-02
8.402225000000000665e-02
8.811312999999999784e-02
8.464394999999999558e-02
8.696579999999999588e-02
1.037682699999999958e-01
1.049782600000000038e-01
1.074029999999999985e-01
8.521077999999999986e-02
8.028606000000000631e-02
9.164548000000000139e-02
1.173782300000000001e-01
1.785208100000000020e-01
2.506092799999999898e-01
2.803884099999999768e-01
2.800681300000000262e-01
2.327956700000000101e-01
2.385207000000000022e-01
2.318534100000000098e-01
1.524350600000000111e-01
1.410440400000000094e-01
8.285845999999999489e-02
7.650696999999999359e-02
7.567756000000000483e-02
7.008952999999999711e-02
8.278779999999999473e-02
8.374144999999999506e-02
9.143838999999999440e-02
9.261526999999999954e-02
9.115112999999999688e-02
5.728358000000000061e-02
