6.541566000000000047e-02
8.415839999999999432e-02
6.547293999999999337e-02
6.989470999999999878e-02
7.307550000000000157e-02
7.805893999999999333e-02
8.087469999999999382e-02
6.964826999999999824e-02
7.324070000000000580e-02
7.828577000000000452e-02
7.855676000000000325e-02
9.650759999999999894e-02
1.156257499999999994e-01
1.147603100000000043e-01
1.042916700000000030e-01
8.030934000000000683e-02
8.191434000000000215e-02
7.815278000000000502e-02
9.287283999999999817e-02
9.395183999999999480e-02
9.847862999999999756e-02
9.789963999999999611e-02
1.188685300000000000e-01
1.371835899999999941e-01
1.214021200000000023e-01
1.085936799999999980e-01
8.053858999999999324e-02
8.562583999999999473e-02
1.515249300000000021e-01
2.533216799999999935e-01
3.085710099999999789e-01
3.419200800000000151e-01
3.752713200000000193e-01
3.882632300000000147e-01
2.881945399999999990e-01
2.412404400000000004e-01
1.665909399999999929e-01
1.003196300000000069e-01
1.070846500000000034e-01
1.027046100000000017e-01
1.201940299999999934e-01
1.027759399999999962e-01
1.070868100000000045e-01
1.637148700000000123e-01
1.777716300000000138e-01
1.183473699999999934e-01
1.077909400000000018e-01
1.034800699999999934e-01
9.304505000000000414e-02
8.220660999999999941e-02
8.207042999999999977e-02
7.640002999999999378e-02
8.450267000000000195e-02
8.918943000000000010e-02
8.046155000000000668e-02
1.002635600000000016e-01
9.634420000000000484e-02
7.460308999999999691e-02
7.493584999999999829e-02
8.235075000000000034e-02
8.704681000000000224e-02
8.197118000000000460e-02
8.551000000000000267e-02
5.844421999999999812e-02
