5.059697999999999973e-02
7.866607000000000460e-02
7.190024999999999888e-02
7.090074999999999850e-02
7.846213999999999966e-02
9.886994999999999811e-02
7.822239000000000275e-02
7.242284999999999695e-02
6.691787000000000429e-02
6.563839999999999952e-02
6.834091000000000471e-02
7.172183000000000030e-02
7.661500999999999728e-02
7.465336000000000194e-02
7.657915999999999335e-02
6.867059000000000357e-02
6.857117999999999547e-02
6.895247000000000182e-02
7.488087000000000215e-02
7.684589000000000003e-02
8.672227999999999881e-02
8.513629000000000335e-02
8.394144000000000605e-02
1.098512700000000009e-01
8.518668000000000073e-02
7.646205000000000362e-02
7.462336999999999443e-02
7.437051999999999552e-02
7.870441999999999716e-02
9.099451000000000067e-02
9.168424999999999492e-02
1.031531700000000024e-01
1.369568399999999964e-01
1.312914599999999987e-01
1.155866400000000044e-01
1.063420499999999935e-01
8.305308000000000135e-02
8.507159000000000248e-02
1.195527799999999974e-01
1.732346399999999953e-01
2.369395499999999988e-01
3.285584400000000072e-01
3.363717199999999852e-01
3.044216000000000144e-01
2.463029899999999994e-01
1.881700500000000054e-01
1.313025999999999915e-01
1.077082500000000054e-01
8.060357999999999412e-02
7.247156000000000431e-02
7.889169000000000043e-02
7.907706000000000457e-02
8.386435000000000417e-02
1.021064599999999961e-01
1.252819599999999978e-01
1.617576900000000095e-01
1.703784600000000093e-01
1.384039200000000136e-01
1.237560699999999958e-01
1.079682599999999965e-01
1.011380899999999999e-01
7.892654000000000336e-02
7.012361000000000288e-02
5.664372000000000157e-02
