8.051331000000000460e-02
1.614983999999999864e-01
8.515155000000000640e-02
8.782806999999999420e-02
1.547026200000000129e-01
1.911200999999999872e-01
2.825476199999999993e-01
3.943252600000000108e-01
4.346483899999999956e-01
4.635043699999999989e-01
4.779614500000000099e-01
4.114041600000000187e-01
3.765564299999999975e-01
3.169680500000000012e-01
1.661793599999999982e-01
1.160340499999999997e-01
1.008005099999999959e-01
7.859789999999999832e-02
8.422665000000000013e-02
1.035945699999999969e-01
1.141824500000000048e-01
1.294126700000000074e-01
1.670169699999999868e-01
1.737885200000000019e-01
2.056411999999999962e-01
1.946352100000000029e-01
1.340973199999999921e-01
8.636997999999999898e-02
8.798646000000000245e-02
8.073373000000000355e-02
9.132990000000000552e-02
8.514220000000000121e-02
7.804788999999999477e-02
8.600700999999999485e-02
8.225504000000000149e-02
7.772515000000000673e-02
7.483207000000000053e-02
8.217557999999999807e-02
8.260541000000000411e-02
7.567675999999999570e-02
6.734163999999999428e-02
7.520266999999999924e-02
8.212352000000000540e-02
8.714139999999999386e-02
7.946593000000000406e-02
7.646414999999999462e-02
7.051430000000000198e-02
6.763043000000000526e-02
7.112412999999999375e-02
8.581801999999999486e-02
8.770464999999999511e-02
8.577076999999999618e-02
7.543869000000000269e-02
6.594279999999999586e-02
7.022494999999999432e-02
8.440010000000000567e-02
8.068699999999999484e-02
7.228049999999999753e-02
7.606675000000000242e-02
7.547278999999999793e-02
6.698286000000000517e-02
7.499335000000000029e-02
8.076553000000000204e-02
5.845928999999999709e-02
