5.513437000000000199e-02
6.867185000000000650e-02
6.800433000000000172e-02
7.369936000000000542e-02
7.412979999999999570e-02
8.143975000000000519e-02
8.591519000000000239e-02
7.658789000000000569e-02
7.484022999999999370e-02
6.919380999999999449e-02
7.846448999999999785e-02
7.861891999999999492e-02
7.505417999999999812e-02
7.868788000000000171e-02
6.834650999999999921e-02
7.094883000000000439e-02
8.000324999999999798e-02
7.989019999999999455e-02
8.313571999999999629e-02
7.599612000000000034e-02
7.420045999999999586e-02
6.912458000000000491e-02
7.812969000000000164e-02
8.708617999999999915e-02
7.011916999999999456e-02
8.273555000000000492e-02
7.540964000000000000e-02
9.237781000000000464e-02
9.277167999999999526e-02
7.478458000000000327e-02
7.737739000000000422e-02
9.278751000000000360e-02
7.592463000000000684e-02
1.141789599999999960e-01
1.019386099999999989e-01
1.042414599999999941e-01
8.208862999999999577e-02
7.081927999999999834e-02
9.979322999999999666e-02
9.991273000000000515e-02
9.442214999999999636e-02
8.578802000000000649e-02
1.106778300000000048e-01
1.669865700000000008e-01
1.547448499999999894e-01
9.454294000000000586e-02
8.811491000000000462e-02
7.723704000000000680e-02
1.025438999999999934e-01
1.767261800000000105e-01
2.718871199999999821e-01
2.992166299999999834e-01
3.283268799999999876e-01
3.261719299999999988e-01
3.633507200000000159e-01
2.663995900000000194e-01
2.072082000000000090e-01
1.587904099999999930e-01
1.470519899999999935e-01
1.073596899999999937e-01
8.953848000000000362e-02
8.183880000000000321e-02
6.846739000000000297e-02
5.968009999999999982e-02
