5.638898999999999995e-02
6.989446000000000547e-02
6.609582999999999431e-02
6.468203000000000147e-02
6.824344999999999717e-02
7.079109999999999570e-02
6.743095999999999812e-02
6.866078999999999932e-02
6.964982000000000117e-02
7.420335999999999599e-02
8.159136000000000166e-02
8.468522000000000549e-02
9.525139000000000522e-02
8.128290999999999988e-02
7.365597999999999590e-02
6.602500000000000036e-02
7.047921000000000047e-02
7.586017000000000454e-02
1.017263399999999984e-01
1.185233799999999976e-01
1.325338299999999914e-01
1.441223600000000049e-01
1.310653400000000024e-01
1.193232500000000057e-01
9.051794000000000506e-02
8.658575000000000299e-02
7.216682000000000652e-02
6.988170000000000492e-02
6.915235999999999605e-02
6.969400000000000595e-02
6.868767000000000622e-02
7.851972000000000118e-02
8.113871999999999751e-02
8.820066999999999491e-02
9.870131000000000043e-02
7.699838000000000515e-02
8.578109000000000428e-02
7.743002999999999691e-02
7.491085999999999578e-02
7.227036000000000571e-02
7.262240000000000362e-02
7.253102000000000160e-02
7.115261000000000502e-02
6.917723000000000622e-02
6.479277999999999427e-02
6.811095999999999817e-02
6.758305000000000562e-02
6.869440000000000268e-02
6.777821000000000540e-02
6.890989000000000142e-02
7.208866999999999359e-02
7.456522000000000150e-02
6.863054999999999850e-02
6.870250999999999442e-02
7.262601999999999947e-02
7.382967000000000002e-02
7.754531000000000618e-02
7.506292000000000519e-02
8.447554999999999648e-02
7.906375999999999682e-02
6.795004999999999795e-02
6.731740999999999420e-02
6.690219999999999501e-02
5.376816999999999708e-02
