5.440719000000000111e-02
6.713075000000000292e-02
6.624333999999999778e-02
6.476215999999999917e-02
6.476521000000000361e-02
7.256442000000000447e-02
7.097206000000000348e-02
6.865915999999999686e-02
7.271751999999999383e-02
6.702368000000000214e-02
6.766974000000000600e-02
6.511110000000000508e-02
6.689098000000000266e-02
7.149117000000000666e-02
6.968739000000000183e-02
6.881052000000000002e-02
6.705938000000000176e-02
6.626250999999999669e-02
6.655643999999999449e-02
7.031484999999999819e-02
7.109698000000000406e-02
6.744635999999999687e-02
6.980171999999999766e-02
6.715704999999999592e-02
6.604429000000000549e-02
7.068019999999999858e-02
6.822749999999999648e-02
6.937150999999999734e-02
6.755360000000000531e-02
6.662841999999999376e-02
6.771573999999999649e-02
6.686417000000000055e-02
6.732947999999999711e-02
6.655445000000000111e-02
6.787951999999999875e-02
7.125214000000000547e-02
6.873366999999999671e-02
7.128656999999999355e-02
6.939373000000000069e-02
6.663794000000000661e-02
6.478598000000000690e-02
6.514706000000000663e-02
6.978270000000000306e-02
7.432323999999999875e-02
7.831483999999999668e-02
7.594570999999999961e-02
7.609000999999999959e-02
8.036073000000000521e-02
6.992246000000000572e-02
6.810981000000000674e-02
7.008330999999999589e-02
7.067574999999999552e-02
7.636258999999999408e-02
8.677184000000000286e-02
1.225316699999999953e-01
1.247625099999999931e-01
1.340209099999999931e-01
1.457486199999999954e-01
1.539995700000000023e-01
1.428193399999999891e-01
1.093693800000000022e-01
9.446838000000000457e-02
7.979949999999999544e-02
5.598757000000000039e-02
