5.197874999999999718e-02
6.446013999999999911e-02
6.431528000000000245e-02
6.326104000000000449e-02
6.479964000000000557e-02
6.614986000000000477e-02
6.410649000000000208e-02
6.347896999999999568e-02
6.364901000000000586e-02
6.477673000000000458e-02
6.696504000000000345e-02
6.369505000000000305e-02
6.512979000000000684e-02
6.605405000000000304e-02
6.631629999999999470e-02
6.739602000000000093e-02
7.028571000000000124e-02
6.397298999999999347e-02
6.372086000000000416e-02
6.381710999999999634e-02
6.456642999999999410e-02
6.674805999999999795e-02
6.798548000000000091e-02
6.711741999999999708e-02
7.034635999999999667e-02
7.347478000000000342e-02
7.612228999999999524e-02
7.672257999999999856e-02
7.200383999999999951e-02
7.205345999999999973e-02
6.673880999999999564e-02
6.678309999999999802e-02
7.615748999999999436e-02
7.665123999999999549e-02
7.624337999999999949e-02
8.318578000000000083e-02
8.268979999999999386e-02
9.240766999999999731e-02
1.009836199999999962e-01
9.293898999999999910e-02
8.133144000000000484e-02
6.986507000000000134e-02
8.844451999999999869e-02
1.285402499999999948e-01
1.695801899999999918e-01
2.431822899999999954e-01
2.750096599999999891e-01
2.830923499999999926e-01
2.742028799999999822e-01
1.974997500000000017e-01
1.829690800000000062e-01
1.801981599999999961e-01
1.092113200000000006e-01
1.070173700000000006e-01
6.855448000000000097e-02
7.497632999999999381e-02
7.927260999999999336e-02
8.114920999999999940e-02
9.030141999999999336e-02
1.118818699999999944e-01
1.149835800000000019e-01
1.190013399999999971e-01
9.731834000000000318e-02
6.075909000000000171e-02
