7.987893999999999550e-02
1.632121699999999898e-01
1.095476199999999983e-01
8.627010000000000234e-02
7.827285999999999966e-02
7.991352000000000178e-02
1.429089000000000054e-01
2.629293200000000219e-01
3.439541799999999983e-01
4.346971199999999924e-01
4.440710500000000227e-01
4.243263299999999738e-01
4.288546999999999776e-01
3.642818299999999732e-01
2.517165800000000231e-01
1.949619900000000017e-01
1.598967599999999989e-01
9.427124000000000614e-02
7.235840999999999801e-02
7.433434999999999349e-02
8.191795000000000326e-02
7.895083999999999436e-02
9.839623000000000119e-02
1.084266100000000066e-01
1.300671999999999939e-01
1.316750799999999999e-01
1.099245799999999940e-01
7.435685999999999685e-02
7.253389999999999838e-02
7.456891000000000214e-02
8.692590000000000039e-02
8.314651000000000680e-02
8.045752000000000459e-02
8.926621999999999335e-02
8.186197000000000612e-02
8.273534000000000443e-02
7.233837999999999380e-02
7.454465000000000396e-02
7.498143999999999643e-02
7.324500000000000455e-02
6.516339999999999633e-02
6.637347000000000385e-02
6.627344000000000290e-02
7.090143999999999613e-02
7.026498999999999939e-02
7.135262000000000548e-02
6.814878000000000602e-02
6.627563000000000204e-02
6.504965000000000053e-02
6.755110999999999755e-02
7.176362000000000019e-02
7.056988000000000150e-02
7.152588999999999475e-02
6.705490000000000061e-02
6.674881000000000564e-02
6.674504000000000548e-02
6.538148000000000570e-02
6.550089000000000605e-02
7.178613000000000355e-02
7.302288999999999308e-02
6.929607999999999601e-02
6.748711000000000293e-02
6.228498999999999841e-02
5.484357000000000121e-02
