6.983778000000000208e-02
1.413264700000000096e-01
1.353099600000000069e-01
1.310641600000000129e-01
9.616201000000000609e-02
7.784570999999999852e-02
6.962277999999999523e-02
8.126174999999999371e-02
1.068013700000000066e-01
1.263004199999999966e-01
9.660570000000000268e-02
8.999044999999999961e-02
1.292841700000000038e-01
1.559491899999999875e-01
1.820224400000000076e-01
1.328896400000000033e-01
1.127458399999999999e-01
8.462179999999999702e-02
8.385336000000000178e-02
1.265793000000000057e-01
2.434993099999999966e-01
3.820160599999999906e-01
4.066763500000000198e-01
3.949564700000000039e-01
3.627332999999999807e-01
3.176203699999999852e-01
2.532259199999999932e-01
1.497263500000000080e-01
8.772741000000000566e-02
6.949924999999999853e-02
7.766539999999999555e-02
8.271425999999999779e-02
8.262150999999999523e-02
1.212081700000000040e-01
1.575052000000000119e-01
1.457558599999999871e-01
1.455475999999999992e-01
1.520244299999999882e-01
1.086724500000000038e-01
8.820527999999999702e-02
8.651677000000000672e-02
9.252821999999999436e-02
8.100886999999999671e-02
7.051311000000000384e-02
8.161087999999999676e-02
8.568341999999999625e-02
7.572871000000000463e-02
7.162111000000000172e-02
7.380973000000000395e-02
6.978674999999999462e-02
8.591983000000000259e-02
9.545618000000000158e-02
7.718866000000000616e-02
7.191696999999999673e-02
7.175041000000000058e-02
7.345490999999999826e-02
7.201820000000000443e-02
8.643074000000000590e-02
1.214732399999999962e-01
1.166554300000000044e-01
8.165551000000000059e-02
7.106010999999999578e-02
6.267306999999999739e-02
5.801680000000000031e-02
