5.608823000000000281e-02
6.873572999999999489e-02
6.903294999999999570e-02
7.086172999999999778e-02
7.015161000000000313e-02
6.994501999999999664e-02
6.530092999999999315e-02
6.572284000000000459e-02
6.839731000000000283e-02
6.750380999999999743e-02
6.965213000000000654e-02
7.158006000000000091e-02
6.893778999999999879e-02
6.822321000000000635e-02
6.833300999999999958e-02
7.116888999999999854e-02
6.845257000000000425e-02
6.859018999999999533e-02
6.900480999999999976e-02
7.406574000000000491e-02
8.268712000000000284e-02
8.118825000000000347e-02
7.696002000000000398e-02
6.635377000000000636e-02
6.438876000000000321e-02
6.833384000000000680e-02
7.309980000000000644e-02
7.836284000000000305e-02
7.438706999999999958e-02
7.387886999999999926e-02
7.757580999999999505e-02
7.855078999999999534e-02
8.397269000000000261e-02
7.375929000000000513e-02
7.121877000000000069e-02
7.557088000000000694e-02
9.387497999999999676e-02
1.059901800000000033e-01
1.718716499999999869e-01
1.695509900000000125e-01
1.613903799999999999e-01
1.726610500000000104e-01
1.653829099999999941e-01
1.259328999999999865e-01
8.304301999999999517e-02
6.771873000000000475e-02
6.720540999999999321e-02
7.004652000000000100e-02
7.082349000000000283e-02
7.097080999999999529e-02
8.091217000000000548e-02
9.797016999999999531e-02
1.087489499999999970e-01
1.034735400000000027e-01
1.205946100000000049e-01
1.149550800000000012e-01
1.259736700000000098e-01
7.491781999999999608e-02
7.560345000000000260e-02
7.349738000000000104e-02
7.286488000000000687e-02
7.994445999999999497e-02
7.643257000000000523e-02
5.465369999999999950e-02
