5.325491000000000252e-02
7.551347999999999394e-02
9.743087999999999749e-02
1.011079800000000001e-01
1.231070199999999976e-01
1.264834900000000040e-01
1.069764299999999974e-01
1.186167800000000050e-01
1.683093200000000123e-01
2.091456200000000043e-01
1.938139100000000059e-01
1.396109799999999956e-01
7.685282000000000224e-02
8.382921000000000122e-02
1.170065500000000008e-01
1.965473600000000043e-01
3.028121599999999969e-01
3.273760399999999793e-01
4.020081799999999927e-01
4.437899599999999833e-01
4.019267300000000098e-01
3.292286400000000168e-01
2.170353999999999894e-01
1.624749000000000054e-01
8.263626999999999778e-02
7.108067999999999331e-02
7.360704999999999332e-02
7.333731000000000277e-02
8.914979000000000653e-02
1.269104500000000080e-01
1.432047200000000076e-01
1.435337100000000088e-01
1.726377299999999892e-01
1.376751400000000014e-01
1.287961300000000087e-01
9.579638000000000042e-02
7.561753000000000224e-02
8.717529000000000250e-02
9.512397000000000213e-02
9.806652000000000424e-02
8.174330999999999958e-02
8.344807999999999393e-02
7.698628000000000415e-02
7.962434999999999652e-02
7.032141999999999560e-02
7.321155000000000024e-02
7.329831000000000540e-02
7.517925999999999775e-02
7.300476000000000187e-02
7.409230999999999456e-02
8.830939000000000150e-02
9.970618000000000536e-02
9.898502000000000689e-02
9.385538000000000214e-02
8.032303000000000359e-02
7.879144999999999899e-02
6.927450999999999748e-02
7.601423000000000207e-02
7.818277999999999339e-02
7.206690000000000318e-02
8.146696999999999966e-02
9.418192999999999704e-02
7.851769000000000109e-02
5.992847999999999925e-02
