5.352686000000000249e-02
6.991733999999999449e-02
6.768994999999999873e-02
6.487816999999999890e-02
7.406326000000000576e-02
7.611511999999999445e-02
7.088092999999999477e-02
7.066058000000000061e-02
7.047027000000000152e-02
7.434251999999999527e-02
7.761215000000000475e-02
8.165044999999999942e-02
7.637691000000000618e-02
7.292469999999999508e-02
6.649554000000000575e-02
6.651181000000000454e-02
6.901158000000000292e-02
6.836533999999999667e-02
8.535183999999999827e-02
9.883717000000000197e-02
1.062410399999999949e-01
1.163626100000000052e-01
1.087373600000000051e-01
1.003756499999999968e-01
9.268907999999999314e-02
7.824337000000000653e-02
7.336655999999999733e-02
6.880901999999999852e-02
6.955693999999999766e-02
7.221299000000000468e-02
7.252754000000000145e-02
7.935937999999999326e-02
8.778695000000000248e-02
8.858795999999999338e-02
1.036599700000000041e-01
7.451866000000000045e-02
8.072598999999999747e-02
7.603807999999999401e-02
7.505997000000000363e-02
7.586719000000000102e-02
7.605815000000000492e-02
7.666225999999999596e-02
8.179972000000000631e-02
7.160988000000000075e-02
6.662513999999999936e-02
7.037203999999999682e-02
7.003655000000000297e-02
6.900393999999999972e-02
6.711482000000000558e-02
7.019719000000000653e-02
6.867315000000000225e-02
7.686384000000000272e-02
6.904040999999999650e-02
6.780247999999999831e-02
7.142010000000000025e-02
7.460321999999999787e-02
7.501512000000000457e-02
7.704387000000000041e-02
8.566060999999999814e-02
7.792817000000000494e-02
6.786852000000000162e-02
6.832749000000000461e-02
7.317811999999999928e-02
5.384847999999999718e-02
