5.289579999999999976e-02
7.824101999999999446e-02
6.559769000000000017e-02
6.895903000000000449e-02
6.598708999999999825e-02
7.223177999999999543e-02
6.886119000000000268e-02
6.531059000000000170e-02
6.953077000000000563e-02
6.850373999999999353e-02
7.304740999999999318e-02
7.895501000000000602e-02
8.900007999999999531e-02
8.810792000000000623e-02
9.022971000000000463e-02
7.719528999999999974e-02
7.035510000000000375e-02
6.687174999999999370e-02
8.027077000000000517e-02
8.061840000000000672e-02
7.887631999999999977e-02
7.936743000000000270e-02
8.603407000000000415e-02
8.761615999999999849e-02
8.268744999999999568e-02
8.331162000000000289e-02
7.612605000000000066e-02
7.033546999999999716e-02
7.474530000000000063e-02
1.158936500000000008e-01
1.669645499999999894e-01
1.796527499999999999e-01
1.928640299999999919e-01
1.830660400000000132e-01
1.341133899999999990e-01
1.321550200000000119e-01
1.301998199999999939e-01
1.100147699999999978e-01
1.019832799999999956e-01
8.218512000000000040e-02
7.264215000000000255e-02
8.165766000000000691e-02
8.483725000000000294e-02
9.420771000000000006e-02
9.598278000000000365e-02
1.087197300000000005e-01
1.044894900000000043e-01
1.194634499999999988e-01
9.798384000000000260e-02
8.546368999999999494e-02
6.940234000000000680e-02
7.188360000000000583e-02
6.894625999999999533e-02
7.298163000000000566e-02
8.734951999999999994e-02
8.128657000000000243e-02
8.763848999999999945e-02
9.949539999999999773e-02
9.306454000000000115e-02
7.679497999999999880e-02
6.875739000000000156e-02
7.476679999999999437e-02
7.525634999999999963e-02
5.598854999999999804e-02
