5.358469999999999900e-02
7.367643999999999582e-02
6.913271999999999473e-02
7.185668000000000610e-02
7.252393999999999508e-02
6.895005999999999358e-02
6.573020999999999725e-02
6.421567000000000247e-02
6.544780999999999516e-02
6.676703999999999972e-02
7.166970999999999759e-02
6.894809000000000354e-02
6.717040000000000510e-02
6.698830000000000062e-02
6.774122999999999950e-02
6.766030000000000655e-02
7.121787999999999730e-02
6.825024999999999842e-02
6.611037000000000163e-02
6.441465999999999859e-02
6.521420999999999468e-02
7.044884999999999342e-02
7.187130999999999381e-02
6.833886000000000127e-02
6.602547000000000277e-02
6.565116999999999481e-02
6.763102000000000003e-02
7.191024000000000027e-02
7.086713999999999514e-02
6.758715999999999335e-02
6.612323999999999979e-02
6.588943999999999357e-02
6.736438999999999622e-02
7.174487000000000225e-02
7.035987000000000491e-02
6.635852000000000417e-02
6.422092999999999552e-02
6.605210000000000248e-02
7.181097999999999648e-02
6.943011000000000321e-02
6.602125999999999828e-02
7.347555000000000058e-02
8.224766000000000021e-02
9.375263999999999820e-02
9.457161000000000040e-02
7.431648000000000420e-02
7.029106000000000243e-02
7.078626999999999836e-02
8.431039999999999368e-02
1.108852300000000013e-01
1.464595800000000059e-01
1.653630600000000062e-01
1.860441599999999862e-01
2.240282899999999910e-01
2.418145499999999892e-01
2.094965599999999983e-01
1.750801200000000057e-01
1.365048100000000042e-01
1.259996399999999961e-01
9.230003999999999986e-02
7.859025999999999512e-02
7.453416000000000208e-02
7.195759999999999657e-02
5.940908999999999773e-02
