7.736503000000000130e-02
1.556991299999999911e-01
1.922524999999999928e-01
1.707612699999999928e-01
1.596090500000000023e-01
1.012030200000000046e-01
7.569625000000000659e-02
7.556999999999999829e-02
9.409235999999999989e-02
1.333079000000000069e-01
9.884334999999999649e-02
9.236368999999999829e-02
1.318120499999999862e-01
1.539954699999999954e-01
2.160030199999999900e-01
2.032440299999999922e-01
1.658878199999999914e-01
1.477805199999999985e-01
8.086606000000000349e-02
9.268444000000000682e-02
1.749642299999999984e-01
3.992037800000000081e-01
4.575376800000000022e-01
4.569975099999999957e-01
4.741731900000000222e-01
4.569379399999999869e-01
3.857879599999999853e-01
2.537379900000000243e-01
1.860928199999999921e-01
9.918652999999999498e-02
9.081119999999999470e-02
7.615950999999999971e-02
8.344413000000000524e-02
9.738236000000000114e-02
1.375633900000000076e-01
1.697732200000000025e-01
1.752082000000000084e-01
2.367728100000000002e-01
1.958096500000000018e-01
1.326699600000000034e-01
9.081865000000000077e-02
8.158550999999999997e-02
8.446407999999999694e-02
8.228451000000000515e-02
1.126964000000000021e-01
1.143860899999999958e-01
7.718031000000000197e-02
9.400000000000000022e-02
9.640282000000000018e-02
8.801688000000000567e-02
8.557602000000000264e-02
7.470918999999999477e-02
7.312082000000000304e-02
8.558582000000000689e-02
1.013660799999999973e-01
8.245215000000000183e-02
7.554365999999999859e-02
8.151402000000000647e-02
1.166010299999999944e-01
1.106627099999999975e-01
9.408312000000000619e-02
9.426341000000000581e-02
8.795851999999999837e-02
5.954365999999999826e-02
