1.120184199999999936e-01
2.633267899999999773e-01
3.201161000000000145e-01
3.279895500000000186e-01
3.109397899999999937e-01
3.172969800000000062e-01
2.714805900000000216e-01
1.813211999999999879e-01
1.153615000000000057e-01
8.754844999999999988e-02
8.049335999999999991e-02
7.992525000000000324e-02
8.151796000000000042e-02
8.984298000000000284e-02
1.101071799999999989e-01
1.126719699999999963e-01
1.152152399999999965e-01
1.492629600000000001e-01
1.309864199999999923e-01
1.033904900000000016e-01
9.193426000000000375e-02
8.732447999999999599e-02
8.583815000000000195e-02
8.166043000000000607e-02
8.632299000000000222e-02
8.871969999999999856e-02
7.033691000000000249e-02
7.139932000000000223e-02
7.318958999999999882e-02
8.031249999999999500e-02
7.066350000000000409e-02
7.520625999999999700e-02
7.612576000000000065e-02
6.918681000000000136e-02
7.327005999999999797e-02
7.184097000000000399e-02
6.946771999999999669e-02
7.602082000000000284e-02
9.062159999999999660e-02
8.307551000000000518e-02
6.885993999999999449e-02
7.803922000000000636e-02
9.142935000000000645e-02
8.842601999999999407e-02
9.790110999999999952e-02
7.952803999999999429e-02
6.783224999999999671e-02
6.921589000000000214e-02
7.440299999999999692e-02
7.242469999999999464e-02
7.215217999999999632e-02
7.464339999999999864e-02
6.907929999999999626e-02
6.646723000000000214e-02
7.225449000000000455e-02
7.623802999999999830e-02
7.210294000000000425e-02
7.007995000000000196e-02
7.225383999999999973e-02
6.690896999999999817e-02
6.708806999999999965e-02
7.222721000000000002e-02
7.032547000000000104e-02
5.775572999999999818e-02
