6.456230999999999776e-02
8.181196000000000301e-02
6.800364999999999882e-02
6.589121000000000561e-02
7.780051999999999801e-02
8.035812999999999984e-02
7.732877999999999974e-02
6.990654000000000312e-02
7.039660999999999835e-02
8.503805000000000391e-02
8.507567000000000601e-02
1.045795699999999967e-01
1.231302499999999966e-01
1.090234199999999959e-01
9.205248000000000597e-02
7.736118000000000161e-02
7.494873999999999981e-02
7.613947000000000076e-02
8.337566000000000421e-02
7.986311999999999578e-02
8.530558000000000585e-02
1.017069899999999971e-01
1.472026100000000115e-01
1.392107499999999942e-01
1.261722399999999911e-01
1.075080100000000011e-01
7.381047000000000302e-02
8.009956999999999494e-02
1.718700099999999897e-01
2.805046999999999957e-01
3.444667200000000040e-01
3.921296899999999752e-01
3.574087300000000078e-01
3.216899899999999812e-01
2.505112899999999976e-01
2.204479900000000103e-01
2.164355099999999976e-01
1.111472500000000030e-01
1.019760100000000058e-01
9.442250000000000643e-02
1.008132600000000018e-01
1.021923099999999945e-01
1.390151199999999920e-01
1.307603699999999869e-01
1.417377999999999971e-01
1.156726099999999952e-01
9.390221999999999458e-02
9.988139999999999519e-02
9.155481000000000036e-02
7.752723999999999727e-02
8.457101999999999675e-02
8.440954000000000512e-02
9.587689000000000628e-02
8.507141000000000008e-02
9.189308000000000198e-02
8.740565999999999613e-02
9.455233000000000387e-02
8.503151000000000459e-02
8.382913000000000170e-02
9.204531000000000518e-02
8.951127999999999862e-02
7.560627999999999793e-02
9.303572999999999704e-02
5.652468000000000076e-02
