5.454304000000000097e-02
6.801753000000000660e-02
8.353077999999999892e-02
8.908417000000000419e-02
9.358333000000000623e-02
9.142205999999999944e-02
7.291772000000000531e-02
6.502884000000000442e-02
6.638966999999999785e-02
8.858259999999999745e-02
1.129479699999999948e-01
8.333148999999999418e-02
7.388042999999999694e-02
8.752500000000000557e-02
8.434400999999999704e-02
1.101772899999999972e-01
1.125763600000000003e-01
1.122349500000000000e-01
7.837349000000000399e-02
6.673524000000000123e-02
7.258027999999999702e-02
8.312007000000000423e-02
1.001465700000000042e-01
1.003469200000000061e-01
8.736853999999999454e-02
1.152154999999999985e-01
1.788519199999999976e-01
2.642443800000000009e-01
1.863607899999999984e-01
1.289527699999999943e-01
7.539397999999999933e-02
8.247200999999999838e-02
1.660534999999999928e-01
3.130173700000000170e-01
3.269122199999999756e-01
4.163494099999999754e-01
4.348564699999999950e-01
4.002781799999999834e-01
3.361930000000000196e-01
1.880408399999999869e-01
9.884239999999999693e-02
7.006569999999999465e-02
6.932895000000000030e-02
6.708836999999999440e-02
8.134481999999999824e-02
9.312368999999999508e-02
1.328061500000000117e-01
1.727150399999999864e-01
1.247697400000000040e-01
1.542745799999999945e-01
1.265509599999999901e-01
1.406783000000000061e-01
7.387256999999999851e-02
8.536037000000000485e-02
9.556436000000000097e-02
1.070992699999999964e-01
9.657105000000000550e-02
1.071964700000000020e-01
1.016887699999999978e-01
8.809896999999999867e-02
1.035950000000000065e-01
1.065163499999999958e-01
9.945152000000000159e-02
5.800074999999999675e-02
