5.412912000000000279e-02
7.434098999999999569e-02
7.775498999999999605e-02
7.514561999999999631e-02
7.934365999999999641e-02
8.615211000000000396e-02
7.692725000000000257e-02
7.483934999999999893e-02
8.248943999999999721e-02
9.169842999999999744e-02
8.650333000000000327e-02
1.110123999999999972e-01
1.012833199999999961e-01
9.969082999999999417e-02
1.044673700000000038e-01
7.367147999999999752e-02
8.247503999999999946e-02
7.809043999999999708e-02
8.080160999999999594e-02
8.049541000000000335e-02
8.984451000000000243e-02
1.096242999999999940e-01
1.444110999999999867e-01
1.553959799999999891e-01
1.119040300000000016e-01
9.545546000000000586e-02
7.912539999999999851e-02
1.035947400000000046e-01
1.977206200000000136e-01
2.520668799999999932e-01
2.788900400000000057e-01
3.167160500000000267e-01
3.344466099999999775e-01
3.172680099999999892e-01
2.104182500000000011e-01
1.823283300000000107e-01
1.342019700000000038e-01
9.138535999999999881e-02
8.370695000000000219e-02
9.143811999999999773e-02
8.111728999999999468e-02
1.000404000000000015e-01
1.065121900000000066e-01
1.027686299999999997e-01
1.205974699999999983e-01
1.070572699999999960e-01
9.000735999999999459e-02
9.221147000000000371e-02
7.833486000000000615e-02
6.470418999999999476e-02
6.993839000000000306e-02
7.174302999999999930e-02
6.753792999999999602e-02
6.929915000000000380e-02
7.701350999999999336e-02
7.363223000000000684e-02
9.107350999999999641e-02
8.555606000000000322e-02
7.423572000000000504e-02
7.147396000000000305e-02
6.625733999999999790e-02
6.799553999999999321e-02
7.456034000000000272e-02
5.542152000000000189e-02
