7.457428000000000667e-02
1.135672499999999946e-01
1.220949100000000009e-01
1.250271099999999969e-01
1.316858200000000090e-01
2.177248999999999990e-01
1.593278599999999878e-01
8.579862000000000599e-02
8.933203000000000671e-02
7.518914999999999627e-02
9.164925999999999628e-02
2.087561199999999895e-01
3.282538099999999792e-01
4.500818600000000003e-01
4.288490099999999750e-01
4.977848799999999851e-01
4.969614399999999765e-01
4.007875900000000269e-01
2.849849799999999989e-01
1.540319599999999955e-01
1.007811900000000066e-01
9.621865999999999752e-02
7.657424000000000175e-02
8.164043999999999468e-02
9.827363999999999544e-02
9.304223999999999828e-02
1.433055699999999932e-01
2.015259699999999987e-01
1.854771100000000006e-01
1.687212700000000065e-01
1.729244400000000126e-01
1.227678700000000012e-01
1.180573699999999948e-01
1.173895100000000025e-01
1.039590499999999973e-01
1.302410699999999866e-01
1.118795199999999962e-01
7.407105999999999413e-02
8.361419000000000490e-02
8.429087999999999858e-02
9.211089000000000082e-02
7.236170999999999576e-02
7.310927999999999871e-02
7.824826000000000004e-02
7.782970000000000166e-02
6.759982999999999964e-02
6.970336000000000587e-02
9.765888000000000346e-02
1.136546400000000012e-01
1.135194999999999954e-01
1.013660799999999973e-01
7.573820000000000552e-02
7.092669000000000057e-02
7.398361999999999994e-02
8.828018999999999450e-02
8.685595000000000121e-02
9.775329000000000657e-02
8.067536999999999625e-02
7.430815999999999810e-02
7.648886000000000573e-02
8.314227000000000423e-02
7.621877999999999986e-02
8.885505000000000486e-02
6.274132000000000320e-02
