5.038352000000000108e-02
1.165083700000000000e-01
2.400422500000000126e-01
3.325273100000000204e-01
3.648497499999999727e-01
3.918047199999999952e-01
4.247841500000000270e-01
3.342553400000000119e-01
2.833406600000000219e-01
2.524168199999999862e-01
2.426750400000000085e-01
1.332471799999999928e-01
9.618627000000000427e-02
7.904373000000000649e-02
8.392383000000000481e-02
8.806303999999999521e-02
1.005169800000000058e-01
1.234125199999999978e-01
1.442660799999999910e-01
1.362740699999999971e-01
1.700624799999999881e-01
1.686951700000000054e-01
1.113814699999999963e-01
8.348170000000000590e-02
7.528880000000000294e-02
7.473688000000000553e-02
8.208079000000000069e-02
8.860416999999999599e-02
8.816767000000000354e-02
9.892663000000000151e-02
7.697360999999999787e-02
7.089901999999999316e-02
7.259986999999999691e-02
7.423944999999999850e-02
7.087140999999999580e-02
8.073808999999999847e-02
7.964380000000000071e-02
7.984795999999999561e-02
7.994856000000000185e-02
9.535008000000000372e-02
8.228481999999999463e-02
8.439760999999999791e-02
8.394548999999999761e-02
7.960915999999999826e-02
8.110899000000000580e-02
9.194497000000000086e-02
8.898469000000000517e-02
8.414046000000000025e-02
7.460569999999999702e-02
6.839315999999999451e-02
6.560375999999999708e-02
7.728385999999999589e-02
8.392697000000000351e-02
9.165320999999999885e-02
9.304005999999999388e-02
8.063842000000000232e-02
8.069276000000000226e-02
9.465953000000000561e-02
9.884392000000000178e-02
8.585750000000000326e-02
8.910521999999999887e-02
6.934885999999999828e-02
7.516701000000000632e-02
6.268558999999999937e-02
