5.607178000000000162e-02
6.908622999999999847e-02
6.716141000000000472e-02
6.740770999999999569e-02
6.570873000000000685e-02
6.895286000000000470e-02
6.559792000000000400e-02
6.684568999999999928e-02
6.879383000000000026e-02
6.716719000000000162e-02
7.133245000000000557e-02
6.782692999999999361e-02
6.600984999999999492e-02
6.536253000000000202e-02
6.564908999999999328e-02
6.667568000000000106e-02
6.633970000000000145e-02
6.965367000000000086e-02
7.064666999999999475e-02
7.698908000000000140e-02
9.174970000000000347e-02
8.056580000000000685e-02
7.635329999999999895e-02
6.566961999999999799e-02
7.102893999999999874e-02
7.842127999999999599e-02
8.406312000000000506e-02
8.588194000000000383e-02
7.514838999999999547e-02
7.683173000000000086e-02
8.923465999999999343e-02
1.055176899999999973e-01
1.062088300000000041e-01
7.828169000000000100e-02
7.659905000000000186e-02
1.049106600000000028e-01
1.706463199999999902e-01
2.347733100000000128e-01
2.991544899999999951e-01
2.520710500000000187e-01
2.099315800000000065e-01
1.672813300000000059e-01
1.369318099999999871e-01
9.239662999999999349e-02
6.710017999999999538e-02
6.998791999999999514e-02
6.959476000000000551e-02
6.803610000000000213e-02
7.046992000000000533e-02
7.215686999999999796e-02
8.442357999999999807e-02
1.023725000000000052e-01
1.039675600000000005e-01
1.016661299999999934e-01
9.650383999999999352e-02
8.728895999999999877e-02
8.281446000000000640e-02
7.055943000000000631e-02
7.534282000000000479e-02
7.631957999999999798e-02
6.881054000000000337e-02
7.541918999999999706e-02
7.807448999999999639e-02
5.573349999999999832e-02
