5.978533999999999932e-02
8.027198000000000666e-02
7.618384000000000267e-02
8.514731000000000383e-02
1.061402300000000021e-01
1.326245500000000077e-01
9.328873999999999500e-02
8.043024999999999480e-02
6.950191999999999481e-02
6.735834999999999739e-02
7.394333999999999629e-02
9.618814000000000530e-02
9.993576999999999322e-02
8.205474999999999575e-02
7.839762000000000119e-02
6.829100999999999921e-02
7.193660999999999806e-02
7.409443999999999753e-02
8.395471999999999657e-02
8.161799999999999611e-02
1.055983199999999955e-01
1.119631299999999940e-01
1.016398200000000057e-01
1.376833500000000099e-01
1.011761699999999958e-01
8.848087000000000313e-02
7.924889000000000239e-02
9.740324000000000204e-02
8.781983999999999624e-02
9.039743999999999557e-02
9.433721999999999941e-02
1.368101999999999929e-01
1.800697400000000059e-01
1.404082000000000108e-01
1.174816500000000069e-01
1.207478699999999933e-01
1.025197199999999947e-01
9.394246000000000540e-02
1.762875499999999873e-01
2.717958100000000266e-01
3.628871699999999811e-01
4.838814100000000118e-01
5.207054599999999533e-01
4.893547599999999997e-01
4.018234900000000054e-01
3.306429699999999805e-01
2.556654500000000163e-01
1.749911899999999909e-01
1.060413500000000064e-01
8.835946999999999552e-02
9.287452999999999681e-02
7.961894999999999389e-02
1.052076700000000031e-01
1.763453799999999960e-01
1.982321900000000026e-01
2.619931999999999817e-01
2.443144899999999953e-01
1.659114499999999881e-01
1.562065900000000063e-01
1.517336499999999977e-01
1.442143600000000137e-01
9.128862000000000088e-02
8.665767000000000608e-02
6.456091999999999387e-02
