5.393072000000000144e-02
6.731014000000000441e-02
6.606054999999999566e-02
6.940039000000000624e-02
7.491211999999999871e-02
7.837471000000000021e-02
8.976599999999999857e-02
8.179591999999999419e-02
7.605974000000000068e-02
6.740061999999999443e-02
6.737350999999999757e-02
6.943141999999999370e-02
7.565363999999999423e-02
7.671327999999999481e-02
7.142458999999999614e-02
7.036728000000000427e-02
7.429942000000000490e-02
7.422805000000000375e-02
7.788659000000000554e-02
8.324922999999999351e-02
8.085660999999999543e-02
6.702608000000000177e-02
7.884808000000000094e-02
8.706838999999999551e-02
7.837112000000000245e-02
9.830954000000000081e-02
7.963467000000000462e-02
8.744591999999999643e-02
7.892354000000000036e-02
7.090762000000000453e-02
7.996683999999999737e-02
8.252133999999999858e-02
7.982635000000000425e-02
9.363812999999999998e-02
1.228563000000000016e-01
1.167759599999999981e-01
8.395595999999999615e-02
8.109339999999999604e-02
8.206484000000000001e-02
8.606987000000000665e-02
8.695113999999999621e-02
8.186398999999999759e-02
1.032035699999999945e-01
1.212772099999999964e-01
1.512183699999999908e-01
1.295505200000000023e-01
1.300276200000000104e-01
1.325818599999999958e-01
8.845458000000000487e-02
1.055563199999999952e-01
1.778392299999999870e-01
1.952686499999999881e-01
2.868190099999999854e-01
3.171613200000000243e-01
3.824438499999999741e-01
3.352105000000000223e-01
3.146099700000000166e-01
2.991036200000000145e-01
2.716489699999999896e-01
2.284372199999999964e-01
1.526142699999999963e-01
1.000412600000000068e-01
7.461695999999999607e-02
6.063547999999999855e-02
