5.611831999999999931e-02
7.881886999999999921e-02
8.398674999999999891e-02
8.097701000000000204e-02
8.112779999999999991e-02
8.681740999999999764e-02
7.357753999999999683e-02
6.912688000000000166e-02
6.827076999999999452e-02
8.015827999999999842e-02
9.233806999999999432e-02
8.669501999999999764e-02
7.786716999999999944e-02
8.112365000000000548e-02
7.861018999999999646e-02
9.964302999999999355e-02
9.294070000000000109e-02
7.056648999999999561e-02
6.353013999999999883e-02
6.803280000000000438e-02
6.983158000000000420e-02
7.641043000000000140e-02
9.288232999999999906e-02
8.684082999999999386e-02
1.010663299999999959e-01
1.167040800000000017e-01
1.261213399999999984e-01
9.820059999999999900e-02
8.726683000000000356e-02
8.685724999999999696e-02
7.790313999999999572e-02
1.180233100000000063e-01
1.363944300000000109e-01
1.172788699999999934e-01
1.332306299999999888e-01
1.560078400000000087e-01
1.637879799999999997e-01
1.941808800000000002e-01
1.662724600000000108e-01
1.392740199999999984e-01
8.572722000000000675e-02
9.968836000000000364e-02
3.220667799999999970e-01
4.062721400000000038e-01
4.187357400000000229e-01
4.656292200000000103e-01
4.340233800000000142e-01
4.153017999999999987e-01
3.503709400000000196e-01
2.131187300000000062e-01
1.713470099999999940e-01
1.639040700000000128e-01
1.058241800000000038e-01
8.890863999999999712e-02
7.617712000000000094e-02
7.717111000000000109e-02
9.264245999999999592e-02
1.172493700000000055e-01
1.357713299999999956e-01
1.870662999999999909e-01
1.982961900000000111e-01
1.499763899999999872e-01
1.267874099999999893e-01
6.337848000000000093e-02
