5.306063999999999919e-02
6.588130000000000375e-02
6.443952000000000013e-02
6.868148999999999782e-02
6.755590999999999680e-02
7.066174999999999540e-02
6.784184000000000048e-02
6.452613000000000099e-02
6.401614999999999389e-02
6.587656999999999541e-02
6.973943999999999976e-02
6.899909999999999377e-02
6.730244999999999977e-02
6.739259999999999695e-02
6.761401000000000217e-02
6.693095999999999768e-02
6.863500000000000156e-02
6.742795999999999512e-02
6.961035000000000139e-02
6.636240000000000194e-02
6.629292000000000518e-02
6.665250000000000341e-02
7.004710000000000103e-02
6.864317999999999809e-02
6.603562999999999794e-02
6.744804999999999551e-02
6.695486999999999966e-02
6.938128999999999824e-02
6.896905999999999870e-02
6.665176999999999907e-02
6.805123999999999895e-02
6.872356999999999772e-02
6.888310999999999740e-02
6.863250999999999380e-02
6.930108000000000101e-02
6.893944999999999934e-02
6.378944000000000281e-02
6.631963999999999915e-02
7.087907999999999709e-02
7.041640999999999873e-02
6.958456000000000363e-02
7.254430000000000600e-02
7.935045999999999766e-02
8.158471000000000473e-02
8.383835000000000592e-02
7.868703000000000503e-02
7.503640999999999783e-02
7.149455999999999867e-02
7.007020999999999389e-02
7.694349999999999801e-02
9.853986000000000689e-02
1.092574999999999935e-01
1.244299400000000028e-01
1.490330199999999883e-01
1.700132299999999874e-01
1.543574799999999914e-01
1.549202799999999935e-01
1.321975599999999917e-01
1.109559900000000043e-01
8.730433999999999417e-02
7.765553000000000039e-02
7.099885999999999697e-02
6.639050999999999980e-02
5.470558999999999839e-02
