5.907056000000000112e-02
8.171655999999999365e-02
7.440837999999999619e-02
7.717084000000000443e-02
9.249261999999999762e-02
9.823494000000000670e-02
1.163146899999999984e-01
1.141855900000000035e-01
1.073427200000000026e-01
7.908684000000000547e-02
7.480101999999999585e-02
6.823758000000000601e-02
7.799380999999999675e-02
9.160171999999999759e-02
1.140661500000000050e-01
1.243057500000000065e-01
1.059667799999999965e-01
9.485351000000000199e-02
1.097550500000000068e-01
1.538278899999999949e-01
1.735715899999999978e-01
9.216209999999999680e-02
7.711874000000000506e-02
1.029010900000000006e-01
1.638776999999999873e-01
2.786813399999999996e-01
3.745997500000000091e-01
3.870074700000000201e-01
3.963107499999999894e-01
2.841928000000000232e-01
2.086234100000000091e-01
1.473889600000000133e-01
1.104437000000000058e-01
7.467495999999999856e-02
7.467938999999999827e-02
8.123547999999999880e-02
8.240788000000000280e-02
9.892130000000000367e-02
1.276115899999999970e-01
1.187623000000000012e-01
1.296707500000000013e-01
1.209231600000000018e-01
9.979668999999999346e-02
7.484809000000000601e-02
6.665666000000000646e-02
7.132217999999999891e-02
7.461877000000000093e-02
8.312532999999999728e-02
7.414879000000000608e-02
7.647189999999999543e-02
7.512145000000000628e-02
7.174377999999999311e-02
7.276507000000000114e-02
7.320609000000000144e-02
7.472721000000000224e-02
6.883412999999999338e-02
6.636053000000000091e-02
6.861270999999999343e-02
6.859896999999999523e-02
6.962474000000000440e-02
6.566002999999999423e-02
7.029662000000000410e-02
7.478704999999999381e-02
5.653621999999999814e-02
