5.290351000000000081e-02
6.941242999999999719e-02
7.319475999999999760e-02
8.482264999999999944e-02
9.887049000000000532e-02
8.590436999999999379e-02
7.710648000000000502e-02
6.813760000000000649e-02
6.605123999999999718e-02
8.126627999999999630e-02
9.947459000000000162e-02
7.529919999999999669e-02
7.747397999999999785e-02
8.226389000000000618e-02
8.429631999999999403e-02
1.010810800000000037e-01
1.115232699999999938e-01
1.096710600000000008e-01
7.863420000000000132e-02
6.858960000000000057e-02
6.993243999999999849e-02
8.246344999999999370e-02
9.960384999999999378e-02
1.140565500000000065e-01
9.890408000000000532e-02
9.255636000000000418e-02
1.103320200000000029e-01
1.279010899999999951e-01
1.179875299999999932e-01
8.305189000000000321e-02
8.044872000000000134e-02
8.902089000000000529e-02
1.319292599999999926e-01
2.105130600000000018e-01
1.955598600000000020e-01
2.302995899999999985e-01
2.174173600000000040e-01
1.723275599999999907e-01
2.292074699999999965e-01
1.759360100000000038e-01
9.694007000000000318e-02
7.045197999999999738e-02
6.919611000000000511e-02
7.333398000000000694e-02
8.341426000000000396e-02
8.372570999999999486e-02
1.207267000000000062e-01
1.065937799999999991e-01
9.865295000000000314e-02
1.543221300000000018e-01
1.392611400000000055e-01
1.364493499999999970e-01
8.686657000000000406e-02
9.009683999999999748e-02
8.551013000000000364e-02
9.208350999999999342e-02
8.494746000000000241e-02
8.761512000000000466e-02
8.756669999999999732e-02
7.832569000000000337e-02
8.310866999999999560e-02
9.602549999999999975e-02
9.171651000000000109e-02
5.899391999999999830e-02
