5.485931000000000141e-02
7.622436000000000489e-02
7.616554999999999853e-02
8.471766999999999492e-02
8.350510999999999351e-02
7.640226999999999435e-02
6.545164000000000537e-02
6.789931999999999912e-02
7.078065000000000051e-02
7.606693000000000482e-02
8.942339000000000537e-02
7.182892000000000443e-02
7.291240000000000221e-02
9.714596000000000342e-02
1.141380699999999943e-01
1.406071499999999863e-01
9.211645999999999723e-02
8.518132999999999955e-02
7.123090999999999451e-02
7.955520000000000647e-02
8.248513000000000372e-02
9.760847999999999747e-02
1.059875299999999965e-01
1.074993999999999950e-01
1.151427399999999934e-01
1.387820999999999916e-01
1.701739300000000010e-01
1.703439200000000098e-01
1.032194000000000028e-01
8.089989999999999681e-02
1.139145500000000033e-01
1.782261099999999931e-01
2.362259499999999901e-01
3.732304000000000177e-01
3.351752800000000199e-01
3.597551600000000183e-01
3.492121100000000200e-01
2.288350899999999910e-01
1.570209599999999872e-01
8.206979999999999831e-02
6.778832999999999387e-02
7.124796999999999381e-02
7.423111000000000292e-02
7.021381999999999624e-02
8.699416000000000093e-02
1.084307500000000063e-01
1.227908199999999950e-01
1.351135400000000042e-01
1.016778500000000002e-01
1.032888400000000068e-01
9.106672000000000378e-02
9.909510000000000540e-02
7.480950999999999573e-02
8.999632999999999938e-02
9.282743999999999718e-02
8.595424999999999593e-02
9.358341000000000576e-02
1.050370600000000015e-01
1.204138200000000047e-01
9.042806000000000455e-02
9.185053999999999441e-02
9.956856999999999513e-02
7.281277999999999362e-02
5.917537999999999965e-02
