5.425064000000000275e-02
7.229069999999999940e-02
6.861274000000000539e-02
7.195198999999999345e-02
7.469430000000000514e-02
7.396637999999999824e-02
6.449907000000000556e-02
6.945724000000000342e-02
7.691269000000000577e-02
8.475852999999999859e-02
7.745605999999999325e-02
8.413458999999999521e-02
7.911176000000000319e-02
6.623247999999999636e-02
6.958047000000000537e-02
8.383923000000000070e-02
8.158324000000000131e-02
7.233528999999999654e-02
6.823555000000000592e-02
6.740735000000000476e-02
7.098319000000000156e-02
8.933931000000000511e-02
1.055977300000000008e-01
7.139289000000000052e-02
6.783899999999999653e-02
6.744748000000000410e-02
8.231520000000000503e-02
8.143894999999999607e-02
7.796880999999999950e-02
7.500727000000000089e-02
6.663979000000000430e-02
7.255428999999999351e-02
7.863544000000000089e-02
7.765735999999999473e-02
6.851202000000000680e-02
7.452562000000000075e-02
7.955534000000000217e-02
8.558641000000000165e-02
8.888677999999999857e-02
7.905305999999999444e-02
6.629535999999999762e-02
6.895474999999999521e-02
8.186762000000000206e-02
8.466622999999999510e-02
9.203727999999999909e-02
1.032314000000000009e-01
1.031786400000000020e-01
1.296128800000000136e-01
1.283355499999999927e-01
1.292537699999999901e-01
1.008471600000000051e-01
1.013954900000000048e-01
7.352425999999999406e-02
9.264324000000000170e-02
1.823293300000000117e-01
2.268385400000000052e-01
2.892085300000000192e-01
3.068369599999999919e-01
3.396063999999999750e-01
3.566146499999999775e-01
3.527744700000000067e-01
3.442788999999999988e-01
2.603939800000000249e-01
6.070111999999999730e-02
