6.376895000000000480e-02
8.189955000000000152e-02
6.948943000000000481e-02
6.982702999999999827e-02
6.684220000000000439e-02
6.919367999999999352e-02
7.501217999999999775e-02
7.417329000000000283e-02
7.629041000000000294e-02
6.955105000000000315e-02
7.167975000000000041e-02
6.710507999999999751e-02
7.320949999999999680e-02
8.189538000000000373e-02
8.450322999999999862e-02
7.146318000000000115e-02
7.093771999999999578e-02
9.058977000000000002e-02
8.770762000000000003e-02
9.360648000000000579e-02
9.348953999999999598e-02
7.600049999999999861e-02
8.426810999999999330e-02
9.772284000000000526e-02
1.040797799999999967e-01
9.574388999999999816e-02
9.260585000000000344e-02
1.149362200000000056e-01
1.309141400000000122e-01
1.574356100000000036e-01
1.346653399999999945e-01
1.329619400000000007e-01
1.040249500000000049e-01
8.362909000000000315e-02
1.212089300000000064e-01
1.918473800000000118e-01
2.851939499999999739e-01
3.682865499999999903e-01
4.601466100000000115e-01
4.035148900000000149e-01
2.737008000000000218e-01
2.046715600000000024e-01
1.232703299999999974e-01
1.013911900000000060e-01
7.142903999999999920e-02
7.140146999999999466e-02
7.874908999999999382e-02
9.057387999999999550e-02
9.089777999999999747e-02
1.419567300000000032e-01
1.433502399999999899e-01
1.776203399999999877e-01
1.629236300000000137e-01
1.514415299999999909e-01
1.114698900000000020e-01
1.009871100000000049e-01
9.509246999999999839e-02
1.023986300000000044e-01
7.528474000000000277e-02
8.547132999999999814e-02
9.294797000000000475e-02
9.209889999999999743e-02
1.194279399999999963e-01
5.858000000000000013e-02
