5.091716000000000297e-02
6.743899999999999895e-02
7.479984000000000632e-02
7.605193999999999843e-02
7.389221999999999457e-02
8.011074999999999446e-02
6.714111000000000384e-02
6.450298999999999616e-02
6.538143000000000427e-02
7.003072000000000463e-02
8.136134999999999895e-02
8.183809000000000222e-02
7.177189999999999959e-02
7.897384000000000348e-02
6.817418999999999563e-02
8.240733000000000086e-02
8.429496000000000211e-02
7.099642999999999926e-02
6.561377000000000181e-02
6.877980000000000205e-02
6.771895999999999471e-02
6.811609999999999887e-02
8.194139000000000284e-02
7.088099000000000482e-02
7.978702000000000016e-02
9.204212999999999978e-02
1.004686099999999999e-01
1.032030399999999959e-01
8.813661000000000412e-02
9.157895000000000618e-02
7.581770999999999650e-02
7.395548000000000399e-02
9.305541999999999980e-02
1.011448300000000050e-01
1.009173899999999957e-01
1.138594299999999976e-01
1.074407299999999982e-01
1.202314399999999950e-01
1.308179299999999989e-01
1.171790399999999982e-01
9.654340000000000144e-02
8.002560000000000229e-02
1.091647800000000029e-01
1.536551399999999956e-01
2.190546200000000054e-01
2.862730600000000236e-01
3.283775400000000233e-01
3.538104899999999775e-01
3.296320999999999835e-01
2.506763900000000267e-01
2.134471099999999955e-01
2.238964300000000074e-01
1.235586300000000026e-01
1.225958800000000043e-01
7.123546000000000045e-02
7.023250000000000326e-02
8.310792000000000179e-02
8.203839000000000270e-02
9.042532999999999821e-02
1.015475700000000037e-01
1.099421500000000024e-01
1.049229200000000028e-01
9.662469999999999393e-02
5.925017999999999951e-02
