5.490807999999999800e-02
6.761034000000000488e-02
6.521736000000000200e-02
6.930500000000000549e-02
7.434754000000000362e-02
8.445254000000000649e-02
9.491122000000000447e-02
9.210566000000000586e-02
9.110959999999999892e-02
6.926382000000000372e-02
7.083725999999999912e-02
7.523704000000000502e-02
7.689654999999999407e-02
7.436336999999999808e-02
7.370548999999999851e-02
7.138864999999999794e-02
7.378579999999999861e-02
7.922186999999999979e-02
8.836771000000000209e-02
9.511203000000000018e-02
8.594137000000000304e-02
7.191968999999999446e-02
7.891035000000000410e-02
8.737725000000000353e-02
8.635030000000000483e-02
9.686944000000000110e-02
7.635851000000000444e-02
8.414802999999999866e-02
7.357075000000000420e-02
7.017236000000000307e-02
7.456667999999999630e-02
7.884315000000000073e-02
7.520013000000000392e-02
8.658288000000000095e-02
1.105682899999999996e-01
1.027572300000000050e-01
7.061401999999999957e-02
7.631954000000000515e-02
7.974968999999999808e-02
8.671800000000000341e-02
8.949219999999999398e-02
8.364122000000000223e-02
9.229080000000000616e-02
1.089345099999999983e-01
1.232581100000000041e-01
1.211572699999999975e-01
1.411699100000000096e-01
1.216855300000000001e-01
8.337648999999999755e-02
9.056514000000000231e-02
1.339140400000000120e-01
1.489915099999999937e-01
2.431082599999999927e-01
3.010236000000000023e-01
3.522655399999999881e-01
3.533158299999999974e-01
3.159482499999999860e-01
2.717657099999999937e-01
2.228816399999999920e-01
1.928626099999999899e-01
1.431571799999999950e-01
1.290227300000000021e-01
6.956919999999999771e-02
6.263781000000000210e-02
