8.149733000000000671e-02
1.908997000000000055e-01
2.479197099999999876e-01
2.775540400000000019e-01
2.667060499999999723e-01
2.815075499999999953e-01
2.562562800000000029e-01
1.994434099999999876e-01
1.477842500000000059e-01
1.120374900000000035e-01
9.638238999999999834e-02
7.264078999999999675e-02
7.524135999999999325e-02
7.685496999999999468e-02
7.614841999999999445e-02
8.325686000000000198e-02
8.968755999999999950e-02
1.070053200000000010e-01
1.026736300000000018e-01
8.790720000000000478e-02
8.862723999999999602e-02
8.132100999999999913e-02
7.487544000000000144e-02
6.876527999999999807e-02
7.039679999999999549e-02
7.373773000000000133e-02
6.945738999999999386e-02
7.058491000000000071e-02
7.160896999999999402e-02
7.574135999999999369e-02
6.916397000000000517e-02
7.092275000000000662e-02
6.987936000000000147e-02
6.751166000000000111e-02
6.884189000000000280e-02
6.597593999999999681e-02
6.596512000000000209e-02
6.817834999999999868e-02
7.340889000000000442e-02
8.131072999999999773e-02
7.159400999999999959e-02
7.439616999999999758e-02
7.233831999999999762e-02
7.722969000000000361e-02
9.195556000000000563e-02
9.291249000000000036e-02
7.609837999999999325e-02
7.107768999999999893e-02
6.853647999999999685e-02
7.120756000000000308e-02
7.264497999999999789e-02
7.827778999999999987e-02
8.334012000000000364e-02
8.171855999999999565e-02
7.588040000000000063e-02
7.032591000000000536e-02
7.121028999999999554e-02
8.811476999999999504e-02
9.135005000000000208e-02
7.652341999999999478e-02
7.649127000000000010e-02
6.596187000000000578e-02
6.741511999999999505e-02
5.927845000000000336e-02
