5.711792999999999731e-02
7.066321000000000407e-02
6.874431999999999765e-02
6.903650000000000064e-02
6.989170999999999578e-02
7.032333000000000334e-02
6.539311999999999903e-02
6.437787000000000370e-02
6.374185999999999741e-02
7.007265999999999495e-02
7.174933000000000005e-02
6.984843000000000302e-02
6.619269999999999321e-02
6.787516999999999856e-02
6.638210999999999418e-02
6.684104999999999908e-02
7.197174000000000627e-02
6.991319000000000006e-02
6.808522999999999659e-02
6.335636000000000045e-02
6.705558000000000352e-02
7.118892999999999749e-02
6.975799000000000583e-02
6.542926000000000297e-02
6.539308000000000620e-02
6.713115999999999528e-02
7.232178000000000218e-02
7.988760999999999779e-02
8.021770000000000289e-02
6.961457000000000062e-02
7.725497000000000614e-02
8.365728999999999527e-02
8.787704999999999822e-02
7.662926999999999933e-02
7.611005999999999327e-02
7.213575999999999322e-02
7.764527000000000234e-02
8.777301999999999327e-02
9.340397000000000283e-02
7.593674000000000257e-02
7.641117000000000048e-02
1.011341099999999993e-01
1.092275899999999994e-01
1.069886899999999974e-01
1.108660999999999952e-01
8.239058999999999966e-02
7.941499000000000474e-02
8.843057000000000001e-02
1.309208000000000038e-01
1.971738199999999996e-01
2.719016699999999842e-01
2.898584599999999845e-01
3.272976899999999745e-01
3.390189699999999751e-01
3.494268700000000005e-01
2.469336699999999940e-01
2.004138199999999925e-01
1.533844900000000122e-01
1.099555599999999939e-01
9.233711999999999476e-02
7.509061000000000208e-02
7.916412999999999922e-02
7.981976999999999822e-02
6.190989000000000214e-02
