5.578066000000000274e-02
6.958652999999999367e-02
6.601387000000000227e-02
6.675464999999999871e-02
6.604582999999999982e-02
7.055118999999999974e-02
7.071106000000000613e-02
7.159340999999999622e-02
6.951053999999999566e-02
6.763246000000000535e-02
6.731504000000000654e-02
6.564725000000000421e-02
6.648869000000000307e-02
6.788853999999999722e-02
6.736809000000000547e-02
6.665398999999999630e-02
6.708957000000000115e-02
6.936166000000000553e-02
7.144101999999999397e-02
7.648452999999999502e-02
8.254446999999999479e-02
7.510422999999999405e-02
6.796165999999999319e-02
6.420776000000000261e-02
6.618108999999999797e-02
7.713512999999999620e-02
7.511094000000000104e-02
7.616612000000000382e-02
7.089834000000000414e-02
7.294818000000000136e-02
8.114992999999999512e-02
8.191858000000000473e-02
8.256995000000000307e-02
6.808169999999999500e-02
7.382998999999999812e-02
8.133118999999999765e-02
9.564061000000000090e-02
1.232611799999999980e-01
1.591144399999999959e-01
1.386559300000000106e-01
1.120245400000000058e-01
9.147871000000000474e-02
8.301685999999999788e-02
7.954592000000000607e-02
6.500264000000000042e-02
6.565434000000000547e-02
6.662556999999999507e-02
6.641452000000000466e-02
6.831097999999999337e-02
6.736330000000000096e-02
7.917045999999999806e-02
8.626602999999999355e-02
8.254910000000000025e-02
8.535007000000000010e-02
7.850690999999999919e-02
7.822871000000000685e-02
7.212989999999999680e-02
6.899731000000000614e-02
6.950504000000000404e-02
6.825726000000000016e-02
6.667934999999999834e-02
7.211402000000000090e-02
7.150185000000000568e-02
5.370037999999999895e-02
