9.923904000000000059e-02
2.346281299999999903e-01
2.918894599999999895e-01
3.161006599999999778e-01
3.269298099999999874e-01
3.314845000000000153e-01
3.135653700000000099e-01
2.315224600000000132e-01
1.935886300000000115e-01
1.379416099999999923e-01
1.350762799999999930e-01
8.880707000000000184e-02
8.038881999999999972e-02
7.324899999999999467e-02
8.010480999999999852e-02
9.769543999999999451e-02
1.172710500000000017e-01
1.510210499999999900e-01
1.522929500000000103e-01
1.193789100000000047e-01
1.306159500000000084e-01
1.292614300000000105e-01
9.543131000000000530e-02
8.300069999999999670e-02
8.315094000000000651e-02
8.948986999999999914e-02
7.425423999999999913e-02
7.884541999999999939e-02
8.030494999999999994e-02
8.845295999999999714e-02
7.528571000000000568e-02
6.895254000000000660e-02
7.441064000000000012e-02
7.135255999999999543e-02
7.140589999999999438e-02
7.392329999999999735e-02
6.869743000000000377e-02
7.304251000000000493e-02
8.604343000000000408e-02
9.138760999999999413e-02
7.583193000000000572e-02
8.180523000000000655e-02
7.396925999999999501e-02
8.118433999999999373e-02
9.264081999999999872e-02
9.064302000000000470e-02
7.557162000000000601e-02
7.105767999999999807e-02
6.775530000000000441e-02
6.922809000000000601e-02
7.233652999999999611e-02
7.722255999999999565e-02
7.803907000000000205e-02
7.723483999999999905e-02
7.499008000000000063e-02
7.247810999999999837e-02
7.499026000000000303e-02
8.680506000000000333e-02
8.597142000000000672e-02
7.511666000000000176e-02
7.165327999999999975e-02
6.787508000000000430e-02
6.738689000000000484e-02
5.745008000000000059e-02
