5.443063000000000068e-02
7.325692000000000315e-02
8.279765999999999515e-02
7.928870000000000362e-02
8.316080000000000694e-02
8.345537999999999568e-02
7.657158999999999494e-02
7.739519000000000259e-02
8.669672000000000489e-02
8.285177000000000513e-02
8.544540000000000468e-02
6.816220000000000612e-02
6.657459000000000293e-02
8.034658000000000078e-02
9.526706999999999537e-02
1.046919399999999972e-01
1.177704400000000040e-01
1.189549000000000023e-01
1.319946600000000136e-01
1.426130999999999927e-01
1.361803600000000003e-01
1.096898500000000054e-01
9.374543000000000459e-02
8.176959999999999784e-02
6.603934999999999667e-02
7.049793999999999505e-02
6.819888999999999812e-02
6.819559000000000037e-02
7.426278000000000046e-02
9.458200999999999414e-02
1.021359000000000017e-01
9.027760999999999425e-02
9.436379999999999768e-02
9.274722000000000521e-02
8.282490000000000685e-02
7.516839000000000159e-02
6.645392999999999439e-02
7.581918999999999464e-02
7.327939999999999454e-02
8.090068000000000259e-02
6.952606000000000064e-02
7.596039000000000263e-02
7.361321999999999310e-02
7.256716000000000555e-02
6.888305000000000122e-02
6.917752000000000623e-02
6.996753000000000000e-02
6.997820999999999902e-02
6.639805999999999486e-02
7.003850000000000353e-02
7.257297000000000053e-02
7.778366999999999920e-02
7.659966999999999471e-02
7.573728999999999878e-02
7.356867999999999741e-02
7.013036000000000270e-02
6.868849000000000482e-02
7.108868999999999605e-02
6.959403000000000117e-02
6.820018999999999387e-02
6.936084000000000693e-02
7.605267999999999751e-02
6.754430000000000156e-02
5.679429999999999895e-02
