1.446180800000000100e-01
2.834711699999999945e-01
3.861411799999999728e-01
4.356272800000000056e-01
4.316327899999999884e-01
4.077344199999999863e-01
3.339197600000000099e-01
2.487710999999999950e-01
2.043661300000000069e-01
1.554632800000000092e-01
1.375849700000000009e-01
8.685798999999999603e-02
7.716001999999999583e-02
7.749116000000000337e-02
8.544585000000000374e-02
1.043642300000000023e-01
1.189210099999999937e-01
1.576043099999999975e-01
1.455106899999999981e-01
1.125179500000000055e-01
1.143092099999999944e-01
9.997303999999999913e-02
8.277315000000000367e-02
7.883424999999999461e-02
7.795699999999999852e-02
8.698293999999999471e-02
7.046982999999999719e-02
7.346672999999999398e-02
7.456923000000000024e-02
8.084636000000000600e-02
6.962202000000000668e-02
6.816503999999999619e-02
6.736978000000000411e-02
6.702424999999999355e-02
6.658809999999999729e-02
7.010792999999999886e-02
6.626635000000000164e-02
7.080008000000000135e-02
7.872711000000000292e-02
8.593834999999999669e-02
7.093028999999999307e-02
7.936377000000000015e-02
7.599728000000000039e-02
8.459046000000000620e-02
9.467483000000000148e-02
9.153145999999999505e-02
7.150684000000000207e-02
6.920982999999999996e-02
6.882452999999999488e-02
6.835209999999999897e-02
7.074189999999999645e-02
7.806699000000000277e-02
7.735237000000000362e-02
7.400460999999999845e-02
7.283509000000000511e-02
7.220326999999999995e-02
7.684167000000000081e-02
8.439038000000000095e-02
8.357383999999999646e-02
7.299846999999999586e-02
6.871602000000000265e-02
6.852078000000000335e-02
6.314158000000000270e-02
5.920564999999999856e-02
