5.273810000000000303e-02
7.825068000000000301e-02
8.885895000000000599e-02
8.194843000000000266e-02
8.873583999999999639e-02
8.570460000000000578e-02
7.083140999999999743e-02
7.236539999999999639e-02
8.026455000000000395e-02
1.025054799999999960e-01
9.036787999999999765e-02
1.016216600000000025e-01
8.760676000000000574e-02
7.911091000000000650e-02
7.974929000000000046e-02
8.522013999999999978e-02
1.027667699999999934e-01
8.751884000000000052e-02
8.159510000000000374e-02
8.462176999999999893e-02
1.022520600000000057e-01
1.242851199999999989e-01
1.236153700000000022e-01
1.044290100000000027e-01
8.719387000000000665e-02
8.099122000000000265e-02
1.123435599999999951e-01
1.523856700000000008e-01
2.950594100000000219e-01
3.283480699999999919e-01
3.521735999999999756e-01
3.677970199999999745e-01
3.323730200000000190e-01
2.545484900000000161e-01
1.374979600000000024e-01
1.054105699999999951e-01
8.189022999999999441e-02
7.018119999999999914e-02
7.432247000000000159e-02
8.250109999999999388e-02
1.021032099999999998e-01
1.128068299999999968e-01
1.351671100000000070e-01
1.370979499999999962e-01
1.354236799999999907e-01
1.011115900000000012e-01
7.935169000000000250e-02
6.981458000000000108e-02
7.609788000000000663e-02
7.772537000000000196e-02
9.149841000000000224e-02
8.720935999999999966e-02
7.930563000000000196e-02
8.733533999999999742e-02
7.937631000000000547e-02
8.500636999999999777e-02
8.061144000000000642e-02
7.698328999999999589e-02
7.517100999999999644e-02
7.943058999999999537e-02
1.001541100000000045e-01
7.894056000000000684e-02
7.033715999999999580e-02
5.855023000000000172e-02
