6.366634000000000182e-02
9.649075999999999487e-02
1.154243900000000017e-01
1.175376499999999935e-01
1.244905500000000054e-01
1.379802800000000107e-01
1.413883900000000027e-01
1.233838599999999980e-01
1.212820599999999971e-01
1.285467000000000137e-01
1.402333099999999999e-01
1.119189800000000012e-01
8.836771999999999683e-02
7.375102000000000046e-02
6.979670999999999792e-02
6.811030999999999336e-02
7.197691000000000505e-02
8.060868999999999673e-02
8.590250000000000663e-02
7.937491000000000685e-02
8.470544000000000684e-02
8.694604000000000221e-02
7.618938999999999573e-02
6.680927999999999867e-02
6.587806000000000217e-02
6.603045000000000442e-02
6.790796999999999806e-02
6.805163999999999658e-02
7.090989999999999793e-02
6.955290000000000084e-02
6.633521000000000556e-02
6.703786999999999940e-02
6.696436000000000055e-02
6.784332999999999336e-02
6.519049999999999845e-02
6.774510999999999727e-02
6.820025999999999866e-02
6.967532999999999366e-02
7.005135999999999308e-02
7.082468000000000097e-02
6.738344000000000278e-02
6.961712000000000455e-02
7.517127999999999310e-02
6.911084000000000671e-02
6.616051000000000570e-02
7.435406999999999433e-02
7.465689999999999826e-02
7.454713000000000311e-02
7.026538000000000228e-02
7.131012999999999935e-02
6.818493000000000470e-02
6.843009999999999371e-02
7.866578999999999933e-02
8.814542999999999684e-02
8.526630999999999794e-02
7.791486000000000245e-02
7.570469000000000503e-02
7.613776999999999351e-02
7.716048999999999825e-02
7.003339000000000092e-02
7.607052999999999732e-02
7.217569999999999542e-02
7.160466000000000053e-02
5.905045999999999906e-02
