6.305760000000000531e-02
8.495774999999999855e-02
7.936065999999999954e-02
1.455055799999999955e-01
2.488238799999999973e-01
3.483239699999999828e-01
4.610370699999999933e-01
5.565979500000000080e-01
5.663184500000000288e-01
5.728214999999999835e-01
5.857741800000000332e-01
4.836958900000000172e-01
4.230769600000000019e-01
2.647937200000000102e-01
1.429433400000000021e-01
9.525126999999999899e-02
9.369666999999999579e-02
7.459939999999999627e-02
7.758507000000000597e-02
9.557830999999999966e-02
1.074660300000000041e-01
1.264052800000000087e-01
1.255200800000000061e-01
1.061360499999999957e-01
1.140369499999999980e-01
9.294297999999999449e-02
8.497836000000000278e-02
7.335152000000000339e-02
7.348995999999999307e-02
6.988427999999999307e-02
7.359214999999999507e-02
7.211190000000000655e-02
6.738120999999999694e-02
6.808717000000000241e-02
6.835436000000000289e-02
6.655400000000000205e-02
7.024444999999999995e-02
7.489666000000000379e-02
7.445116999999999707e-02
6.741489999999999982e-02
6.460449000000000053e-02
6.841893000000000280e-02
7.644881000000000593e-02
7.809391999999999723e-02
7.040407999999999389e-02
6.602487999999999413e-02
6.641653000000000140e-02
6.709295999999999316e-02
7.150072999999999845e-02
8.335149000000000030e-02
8.158521999999999996e-02
7.363105999999999818e-02
6.549881000000000453e-02
6.824473000000000344e-02
7.093396999999999897e-02
8.087793000000000065e-02
7.948252999999999568e-02
6.603245000000000642e-02
6.680748999999999715e-02
6.705893999999999744e-02
6.577384999999999482e-02
6.988245999999999347e-02
7.904526000000000607e-02
5.630103000000000191e-02
