5.136634999999999812e-02
6.789233000000000073e-02
6.740501000000000131e-02
6.846987000000000212e-02
7.198477000000000348e-02
8.744229000000000585e-02
9.985713000000000228e-02
9.157435999999999354e-02
9.202965000000000451e-02
7.351570000000000327e-02
6.817852000000000634e-02
6.906128999999999740e-02
7.799789000000000028e-02
8.303251999999999855e-02
7.359699000000000102e-02
7.461186000000000207e-02
6.786330999999999614e-02
7.349788000000000154e-02
7.962117000000000500e-02
8.738521000000000483e-02
8.463228999999999891e-02
7.201051999999999453e-02
7.646332999999999602e-02
9.587431999999999899e-02
8.058426999999999951e-02
1.018900900000000026e-01
8.221662000000000414e-02
7.801273999999999709e-02
7.183978000000000586e-02
7.822017000000000553e-02
8.325543000000000526e-02
7.679584999999999884e-02
7.315628000000000408e-02
8.768979000000000357e-02
1.108925000000000050e-01
1.005219700000000022e-01
7.354354000000000446e-02
8.868882000000000154e-02
9.047378999999999838e-02
8.880219000000000307e-02
8.152257000000000253e-02
7.935638999999999887e-02
9.477088000000000179e-02
1.250100899999999904e-01
1.553576299999999966e-01
1.393193000000000070e-01
1.495510200000000067e-01
1.475452600000000114e-01
1.040681400000000034e-01
9.761767999999999834e-02
1.217798799999999931e-01
1.445845099999999994e-01
2.534790000000000099e-01
3.195499500000000270e-01
3.856355200000000094e-01
3.717758400000000241e-01
3.982718000000000091e-01
3.575112200000000184e-01
3.321636600000000272e-01
2.870498899999999742e-01
1.786055900000000085e-01
1.237666199999999939e-01
7.485189999999999899e-02
6.680703999999999809e-02
