6.193052999999999753e-02
9.507087999999999650e-02
7.349279999999999702e-02
7.785815999999999570e-02
9.152772000000000685e-02
9.644187999999999372e-02
8.638371999999999717e-02
8.419234999999999913e-02
9.621068000000000675e-02
7.533882999999999552e-02
7.704344999999999943e-02
8.882387999999999395e-02
1.080485699999999966e-01
1.193464000000000053e-01
9.602218999999999338e-02
8.233224999999999572e-02
8.280281000000000446e-02
7.614218000000000375e-02
8.469686999999999355e-02
1.031396700000000027e-01
6.968185000000000351e-02
7.440621000000000040e-02
9.829496000000000067e-02
1.113738299999999931e-01
1.398684099999999986e-01
1.431289000000000033e-01
9.872570999999999430e-02
1.180764299999999961e-01
1.192377099999999968e-01
1.747830999999999968e-01
1.285544600000000093e-01
7.101242000000000665e-02
7.616016000000000452e-02
9.296770000000000034e-02
1.043886299999999961e-01
1.172073399999999932e-01
1.274580100000000105e-01
1.318783500000000053e-01
1.560882799999999959e-01
1.675339499999999870e-01
1.766048199999999957e-01
1.575970800000000005e-01
1.214757100000000006e-01
1.049501699999999954e-01
1.379656300000000058e-01
2.027702899999999919e-01
3.253358900000000165e-01
3.839117599999999908e-01
4.154049799999999792e-01
3.665373599999999787e-01
3.719751800000000164e-01
3.449287100000000272e-01
2.539073199999999919e-01
2.154239300000000135e-01
1.134254799999999952e-01
8.788461000000000189e-02
7.486046999999999840e-02
7.828314999999999579e-02
7.845499999999999696e-02
9.264197000000000404e-02
9.620620000000000560e-02
9.611179999999999723e-02
9.066494999999999416e-02
6.207564000000000137e-02
