5.384948999999999986e-02
7.914334000000000646e-02
7.048205999999999916e-02
7.371832999999999858e-02
6.979167999999999483e-02
7.505842000000000069e-02
7.809357000000000104e-02
8.001645000000000285e-02
8.069257000000000513e-02
7.112018000000000506e-02
6.987575999999999510e-02
6.823049000000000475e-02
6.871172000000000391e-02
6.975154999999999550e-02
7.157671000000000172e-02
6.738752000000000630e-02
7.210305000000000186e-02
7.408149999999999458e-02
8.831580999999999460e-02
9.976050000000000195e-02
1.081483200000000061e-01
9.966930000000000234e-02
8.069155000000000078e-02
7.222791000000000627e-02
8.320147999999999433e-02
9.088942999999999328e-02
9.091884999999999550e-02
1.003311499999999939e-01
8.101137999999999395e-02
1.026534699999999967e-01
1.163238899999999992e-01
1.084255300000000061e-01
9.798184000000000060e-02
7.323433000000000026e-02
8.237224999999999409e-02
1.449542799999999909e-01
2.523174000000000250e-01
3.638168900000000039e-01
4.556644599999999934e-01
3.986943099999999962e-01
3.059378300000000217e-01
2.338530400000000120e-01
1.743037400000000126e-01
1.539245099999999866e-01
7.837354000000000542e-02
7.266553000000000595e-02
7.644637999999999434e-02
7.763204999999999412e-02
7.982551000000000230e-02
8.729325999999999752e-02
9.240492000000000150e-02
1.292812100000000075e-01
1.333045700000000111e-01
1.237841799999999937e-01
1.056742400000000026e-01
9.058563000000000032e-02
8.423182999999999365e-02
6.973200000000000232e-02
7.233319000000000554e-02
7.725126000000000215e-02
7.167967000000000088e-02
7.715650000000000286e-02
7.615802000000000682e-02
5.440364000000000311e-02
