5.277808999999999973e-02
8.590968000000000215e-02
7.241300999999999988e-02
6.643580999999999792e-02
7.639445999999999737e-02
9.025677999999999479e-02
7.997292000000000289e-02
7.629484999999999739e-02
6.851421000000000594e-02
6.900812000000000612e-02
6.889386999999999595e-02
6.747836999999999585e-02
7.144836000000000242e-02
7.504534000000000205e-02
8.622915000000000441e-02
7.049821000000000559e-02
6.859200000000000019e-02
6.541835999999999485e-02
7.511426999999999687e-02
7.197734000000000076e-02
7.701249000000000289e-02
6.942338000000000675e-02
7.138455999999999968e-02
9.073644999999999627e-02
8.909108000000000305e-02
9.718073000000000683e-02
9.018212000000000450e-02
6.981107000000000284e-02
7.386035000000000517e-02
7.254877999999999327e-02
8.837949000000000499e-02
1.061322199999999993e-01
1.256331699999999885e-01
1.132855799999999968e-01
1.145263200000000009e-01
1.195999199999999985e-01
1.094191100000000000e-01
9.437914999999999499e-02
7.634483999999999715e-02
8.786586999999999870e-02
1.106968100000000066e-01
1.580129100000000064e-01
2.229674799999999957e-01
2.526836100000000029e-01
2.524524300000000054e-01
2.132778600000000135e-01
1.764943200000000101e-01
1.471378799999999987e-01
1.120235200000000014e-01
7.597038000000000402e-02
6.667776999999999732e-02
7.112855999999999346e-02
7.180227000000000137e-02
6.993199999999999417e-02
8.339810999999999752e-02
9.116296000000000121e-02
8.635458000000000023e-02
8.030690999999999524e-02
8.479414999999999869e-02
9.009506999999999932e-02
9.385947000000000040e-02
7.886729000000000656e-02
7.092700000000000393e-02
5.510349999999999970e-02
