5.198977999999999933e-02
6.711567000000000227e-02
6.896499000000000379e-02
7.080601999999999729e-02
7.174418999999999935e-02
7.198408000000000584e-02
6.646425000000000249e-02
6.576961000000000612e-02
6.541911999999999727e-02
7.043109000000000175e-02
7.423636000000000124e-02
6.822920000000000373e-02
6.779976999999999532e-02
7.137219999999999676e-02
7.783349999999999991e-02
8.378033999999999482e-02
7.696978999999999627e-02
7.640790999999999555e-02
6.692251999999999923e-02
6.638349999999999806e-02
6.817628000000000577e-02
7.819170999999999760e-02
8.445345999999999409e-02
7.865859999999999519e-02
7.160152000000000183e-02
7.653658000000000683e-02
8.366500999999999799e-02
9.104049000000000169e-02
8.142794999999999894e-02
6.890931999999999613e-02
6.916738000000000053e-02
7.537296999999999747e-02
9.830052000000000234e-02
1.467547299999999999e-01
1.502152499999999946e-01
1.568612299999999904e-01
1.540455699999999928e-01
1.443262100000000103e-01
1.163563799999999954e-01
8.420925999999999412e-02
6.926068999999999976e-02
6.480255999999999517e-02
6.872786000000000173e-02
7.043557000000000290e-02
6.804736000000000118e-02
7.058459999999999734e-02
8.128776999999999531e-02
9.967737999999999599e-02
8.058658000000000488e-02
9.207869000000000470e-02
9.495199999999999474e-02
9.013218000000000618e-02
7.179035000000000277e-02
7.691923999999999984e-02
7.805692000000000186e-02
7.732068999999999748e-02
7.343193000000000636e-02
7.778778000000000081e-02
7.160207000000000377e-02
7.000607999999999831e-02
7.817098000000000102e-02
7.964565999999999313e-02
7.789857999999999505e-02
5.620984999999999870e-02
