6.779087000000000307e-02
9.917225999999999819e-02
1.374416199999999866e-01
1.325936799999999915e-01
1.121269800000000011e-01
1.531643000000000032e-01
1.475160299999999924e-01
1.632298199999999977e-01
1.947031499999999915e-01
1.339859499999999926e-01
1.253353200000000001e-01
7.592148999999999426e-02
1.155576499999999979e-01
1.823748199999999930e-01
2.714105199999999884e-01
4.048912199999999961e-01
4.844648799999999866e-01
4.413198799999999977e-01
4.064098899999999959e-01
3.485672499999999951e-01
2.776258899999999863e-01
1.835411799999999982e-01
1.040599999999999997e-01
8.451058999999999655e-02
8.093145000000000200e-02
8.400509999999999922e-02
9.204875999999999336e-02
1.101954700000000037e-01
1.082909900000000036e-01
1.703284800000000043e-01
2.076298299999999875e-01
1.326250599999999891e-01
1.339308300000000007e-01
8.980770000000000419e-02
9.051196999999999715e-02
9.479758000000000628e-02
9.355858999999999703e-02
8.145288000000000528e-02
7.878072999999999326e-02
8.844055000000000666e-02
8.414958999999999634e-02
8.226838999999999680e-02
7.139455999999999580e-02
6.968850999999999518e-02
6.661461999999999939e-02
7.740819999999999645e-02
7.651309000000000582e-02
8.396583999999999992e-02
7.381988000000000438e-02
7.903243999999999547e-02
1.085628299999999991e-01
9.937079000000000051e-02
9.179081000000000046e-02
7.868714000000000264e-02
6.987780999999999854e-02
6.896383000000000374e-02
7.680494000000000210e-02
7.952001999999999682e-02
8.805035999999999419e-02
7.731696000000000402e-02
6.730700000000000571e-02
7.402232999999999730e-02
7.044340000000000324e-02
6.147140999999999716e-02
