5.781846999999999681e-02
8.459368000000000443e-02
1.014032599999999951e-01
9.308494999999999964e-02
1.134887499999999994e-01
1.460733899999999974e-01
1.151475799999999994e-01
1.114404999999999979e-01
1.000716499999999981e-01
7.069132000000000193e-02
7.146233999999999920e-02
1.132507100000000044e-01
2.033758599999999916e-01
2.470077599999999929e-01
3.142509499999999734e-01
3.708232300000000037e-01
3.929214500000000054e-01
3.227364099999999736e-01
2.543600799999999884e-01
1.537929899999999905e-01
1.197819799999999962e-01
8.886523999999999812e-02
7.290455999999999326e-02
6.926804999999999768e-02
7.975585999999999787e-02
7.981781000000000292e-02
9.856284999999999352e-02
1.236994099999999958e-01
1.152108700000000069e-01
1.269065100000000001e-01
1.427624799999999972e-01
1.004120599999999974e-01
9.209865999999999886e-02
8.190411000000000219e-02
8.079764000000000390e-02
8.865032000000000467e-02
8.581761999999999724e-02
7.246012999999999760e-02
7.270849000000000062e-02
7.652675000000000449e-02
7.972120000000000595e-02
7.320314999999999461e-02
6.604010000000000435e-02
6.571148000000000267e-02
6.418812000000000129e-02
6.905574000000000434e-02
6.896057999999999355e-02
7.089185000000000625e-02
7.003020999999999552e-02
7.825783999999999518e-02
8.837897000000000114e-02
8.140559999999999463e-02
7.458202999999999361e-02
6.872298000000000295e-02
6.762801000000000229e-02
6.850259000000000209e-02
7.185252000000000305e-02
7.065338000000000174e-02
7.592752999999999308e-02
7.588064999999999394e-02
6.349296999999999580e-02
6.633656999999999748e-02
6.775710000000000066e-02
5.682306000000000162e-02
