5.510084999999999983e-02
7.919942000000000648e-02
9.961588000000000387e-02
9.159749000000000363e-02
8.676670999999999689e-02
1.026003199999999949e-01
9.259733000000000547e-02
9.175695000000000379e-02
1.100556800000000029e-01
1.141013699999999936e-01
1.073876799999999992e-01
7.762715000000000587e-02
7.030957000000000179e-02
8.860899999999999332e-02
1.122008300000000014e-01
1.915050000000000086e-01
2.517998799999999759e-01
2.722109899999999860e-01
2.844889500000000182e-01
2.714925999999999728e-01
2.511470000000000091e-01
1.668322200000000033e-01
1.332116600000000095e-01
1.044093900000000047e-01
6.820795999999999804e-02
6.656201999999999952e-02
6.990092000000000527e-02
7.582452000000000636e-02
8.114535999999999971e-02
1.066012499999999946e-01
1.340060200000000035e-01
1.216696599999999989e-01
1.258328400000000014e-01
1.028666099999999972e-01
1.072121199999999941e-01
8.048478000000000576e-02
7.468919000000000252e-02
7.808189999999999575e-02
8.171723000000000181e-02
9.162805000000000255e-02
7.868696000000000024e-02
8.316068000000000071e-02
7.267661000000000260e-02
7.739327999999999486e-02
6.593635999999999942e-02
6.796644999999999770e-02
7.041168000000000426e-02
7.288496999999999337e-02
6.991727999999999832e-02
6.973406999999999523e-02
7.915917999999999566e-02
8.646797000000000510e-02
8.256789000000000489e-02
7.850745000000000640e-02
7.781733000000000400e-02
7.306940000000000657e-02
6.992982000000000364e-02
7.070703999999999878e-02
6.838373000000000368e-02
6.874571999999999627e-02
7.558603999999999323e-02
7.893195999999999546e-02
7.708789000000000613e-02
5.761292999999999970e-02
