5.500949000000000116e-02
7.085621000000000280e-02
6.970220000000000582e-02
6.757709000000000632e-02
6.509795999999999638e-02
7.256292999999999771e-02
7.778124000000000149e-02
8.394050000000000122e-02
9.325659000000000032e-02
8.110402999999999363e-02
7.380296000000000078e-02
7.138666999999999929e-02
6.758276000000000561e-02
7.430805999999999523e-02
7.724631999999999332e-02
8.921236999999999917e-02
7.905916000000000332e-02
7.279183000000000181e-02
6.633268999999999971e-02
7.651576999999999684e-02
8.306260000000000032e-02
1.035100600000000010e-01
1.046314500000000008e-01
7.752958999999999545e-02
7.311180999999999930e-02
8.199494999999999700e-02
9.967188999999999910e-02
9.321010000000000406e-02
8.242051000000000238e-02
6.966311999999999505e-02
7.242709999999999426e-02
7.819523999999999919e-02
8.476891000000000287e-02
8.218651999999999902e-02
8.865947999999999884e-02
9.945249000000000450e-02
8.899828999999999379e-02
9.994316999999999784e-02
8.436913000000000051e-02
7.728662000000000032e-02
7.302885000000000626e-02
8.260892999999999708e-02
1.055555799999999961e-01
1.105129400000000039e-01
1.155734600000000029e-01
1.086786299999999983e-01
1.384005100000000044e-01
1.522599000000000036e-01
1.133298600000000045e-01
1.029573899999999959e-01
8.771471999999999603e-02
8.641791000000000056e-02
1.060709100000000044e-01
1.164450300000000049e-01
2.619323100000000015e-01
2.962593399999999821e-01
3.637251000000000234e-01
3.758596799999999738e-01
3.772984400000000127e-01
3.559685599999999894e-01
2.749350999999999878e-01
2.429793299999999934e-01
1.656072899999999903e-01
5.798985999999999724e-02
