5.287191000000000113e-02
6.620260999999999507e-02
6.583334999999999881e-02
6.540448999999999569e-02
6.523600999999999706e-02
6.496902999999999706e-02
6.373671000000000197e-02
6.333031999999999551e-02
6.497390999999999583e-02
6.601042000000000021e-02
6.742671999999999555e-02
6.628204000000000040e-02
6.426611000000000129e-02
6.659953999999999874e-02
6.879705999999999322e-02
6.514846999999999999e-02
6.833625999999999590e-02
6.680202000000000362e-02
6.559821999999999875e-02
6.477747999999999839e-02
6.516128999999999671e-02
6.868283000000000027e-02
6.769492000000000564e-02
6.373334999999999417e-02
6.381478000000000150e-02
6.489366000000000578e-02
6.611538000000000137e-02
6.799521000000000037e-02
6.827816000000000440e-02
6.580566999999999667e-02
6.789834999999999621e-02
6.606460000000000110e-02
6.979182000000000441e-02
6.679139000000000603e-02
6.597115000000000617e-02
6.392237000000000613e-02
6.538125999999999660e-02
6.742948999999999471e-02
6.856648999999999383e-02
6.596022999999999470e-02
6.383552000000000670e-02
6.752768000000000659e-02
7.040678999999999688e-02
7.044388999999999512e-02
6.823978999999999462e-02
6.457042000000000337e-02
6.536596000000000073e-02
6.686377000000000292e-02
7.137546999999999642e-02
7.651657000000000597e-02
7.963670999999999944e-02
7.644138000000000321e-02
7.298648000000000635e-02
7.463113999999999859e-02
7.325811999999999602e-02
7.089766999999999597e-02
6.704723999999999406e-02
6.588417000000000578e-02
6.626500999999999919e-02
6.684429000000000065e-02
6.332790000000000641e-02
6.436767999999999657e-02
6.410994000000000415e-02
5.278420000000000334e-02
