6.818826000000000054e-02
1.321565500000000115e-01
1.031365199999999954e-01
8.164731000000000072e-02
7.303949999999999332e-02
9.820312999999999959e-02
8.762443000000000315e-02
9.286378000000000688e-02
1.062492300000000001e-01
1.149717299999999942e-01
1.060509399999999963e-01
1.334309599999999874e-01
1.513974399999999942e-01
1.354741899999999943e-01
1.488987499999999964e-01
9.964167999999999636e-02
6.848556999999999562e-02
7.085697000000000523e-02
1.435492600000000118e-01
2.438689800000000130e-01
3.452545100000000144e-01
4.677192900000000098e-01
4.455824800000000030e-01
3.663528899999999866e-01
2.934427600000000247e-01
2.192930299999999999e-01
1.658916199999999896e-01
1.082035499999999956e-01
8.489198000000000577e-02
6.767028999999999406e-02
7.186254000000000253e-02
8.830401000000000222e-02
9.243107000000000406e-02
1.043899999999999967e-01
1.462398000000000031e-01
1.359678800000000132e-01
1.276653000000000093e-01
1.349470000000000114e-01
1.069845299999999944e-01
8.818011000000000599e-02
8.387761999999999996e-02
8.792136999999999869e-02
7.776602000000000514e-02
7.260619000000000101e-02
7.612085000000000379e-02
8.113797999999999844e-02
7.498491999999999658e-02
7.103489000000000331e-02
7.033129999999999937e-02
7.294862000000000568e-02
8.042001999999999484e-02
8.874761000000000455e-02
7.269654999999999867e-02
7.082312000000000329e-02
7.307935999999999599e-02
7.446833999999999398e-02
7.363021000000000149e-02
8.644330999999999543e-02
9.945370000000000599e-02
1.063759799999999950e-01
7.190167999999999560e-02
6.887654999999999472e-02
6.397777999999999798e-02
5.743021999999999710e-02
