5.103081000000000284e-02
8.132208000000000492e-02
1.608620400000000117e-01
2.199272200000000066e-01
3.426818799999999943e-01
3.715302100000000274e-01
4.430876100000000206e-01
4.561651600000000140e-01
4.288541699999999790e-01
3.697849799999999854e-01
3.760694299999999823e-01
2.254504999999999981e-01
1.394176000000000026e-01
1.085570099999999955e-01
8.428164999999999962e-02
7.242305999999999744e-02
7.501252999999999393e-02
7.687673999999999896e-02
8.115888000000000269e-02
8.156397999999999426e-02
9.508123000000000269e-02
9.255357999999999641e-02
9.398895999999999640e-02
8.192186999999999386e-02
8.196713999999999389e-02
8.071151000000000020e-02
8.042729999999999324e-02
7.880471000000000004e-02
9.061661999999999495e-02
7.730552000000000257e-02
7.239196000000000519e-02
6.915578000000000003e-02
6.654878999999999656e-02
6.637482999999999578e-02
6.431238000000000232e-02
6.454967999999999817e-02
6.516289999999999583e-02
6.582045999999999730e-02
6.689517000000000380e-02
6.557219000000000242e-02
6.372877000000000403e-02
6.665047000000000332e-02
6.670729999999999715e-02
6.720231999999999595e-02
6.501464999999999328e-02
6.360367999999999578e-02
6.443517999999999468e-02
6.561495000000000521e-02
6.488855999999999791e-02
6.499707000000000401e-02
6.526885000000000325e-02
6.436736999999999320e-02
6.367174999999999918e-02
6.528232000000000479e-02
6.865997999999999546e-02
6.778523999999999661e-02
6.888584000000000374e-02
6.553169000000000355e-02
6.487392000000000158e-02
6.519962999999999453e-02
6.607456999999999914e-02
6.849784000000000428e-02
7.493594000000000643e-02
5.610301000000000177e-02
