7.276604000000000405e-02
1.303007499999999930e-01
9.524087999999999998e-02
7.842053000000000218e-02
8.050767999999999813e-02
9.395849000000000562e-02
8.650850000000000206e-02
9.440179999999999405e-02
1.120040300000000044e-01
1.238412700000000033e-01
1.153747999999999996e-01
1.531818500000000083e-01
1.631782400000000022e-01
1.597338899999999895e-01
1.166178699999999985e-01
7.842380000000000184e-02
6.718108999999999886e-02
1.039435799999999938e-01
1.851040399999999975e-01
3.209066999999999892e-01
3.729937099999999783e-01
4.349685899999999883e-01
3.930863399999999785e-01
3.323913199999999901e-01
2.517030199999999995e-01
1.781192600000000015e-01
1.196473200000000014e-01
8.932360000000000300e-02
8.317652000000000378e-02
8.555371000000000503e-02
8.302616000000000163e-02
1.160990300000000058e-01
1.429274399999999889e-01
1.605864499999999917e-01
1.950417600000000085e-01
1.226089199999999962e-01
1.271073699999999973e-01
9.701481000000000687e-02
8.919760000000000189e-02
8.206275000000000375e-02
1.041640100000000013e-01
9.404829000000000661e-02
1.034945599999999993e-01
8.024642999999999360e-02
6.843844999999999790e-02
6.925813999999999582e-02
7.668255999999999684e-02
7.064280000000000559e-02
6.815904999999999880e-02
7.581780999999999937e-02
7.742353999999999903e-02
8.327437999999999507e-02
7.378063999999999456e-02
7.156026000000000054e-02
7.715695999999999666e-02
8.063011999999999957e-02
8.566152000000000488e-02
8.157718999999999387e-02
9.167135999999999341e-02
9.593659999999999688e-02
7.341441999999999413e-02
7.457835000000000159e-02
8.788787000000000682e-02
5.869292000000000259e-02
