5.461084000000000077e-02
7.471606000000000081e-02
7.310337999999999559e-02
7.162921999999999345e-02
7.158765000000000267e-02
7.352599999999999414e-02
7.434728000000000170e-02
7.819133000000000333e-02
7.767332999999999876e-02
6.901129000000000291e-02
6.906917999999999391e-02
6.725904000000000604e-02
7.114157000000000119e-02
7.160059000000000562e-02
7.342356999999999356e-02
6.907974000000000059e-02
7.203463000000000227e-02
8.782257999999999731e-02
9.307471999999999968e-02
1.033618500000000051e-01
1.074457999999999941e-01
9.169987000000000277e-02
8.003238000000000019e-02
7.597339000000000175e-02
8.938529000000000613e-02
9.282680000000000098e-02
9.698534999999999795e-02
1.026539499999999938e-01
8.351915000000000033e-02
8.860092999999999441e-02
1.111260099999999973e-01
1.119151500000000049e-01
1.122638100000000055e-01
7.923225000000000406e-02
8.640670000000000295e-02
1.181439799999999957e-01
1.462588599999999905e-01
2.008151400000000031e-01
2.553690699999999758e-01
2.155317099999999875e-01
1.659482999999999930e-01
1.400821800000000006e-01
1.147451200000000060e-01
8.167948999999999349e-02
6.652444999999999886e-02
7.161391000000000284e-02
7.175565000000000415e-02
6.929096999999999340e-02
7.012338999999999378e-02
6.996844000000000674e-02
7.798046999999999618e-02
8.869749000000000383e-02
1.000270800000000043e-01
9.725839000000000012e-02
8.091347999999999596e-02
8.238463000000000036e-02
7.321263000000000076e-02
7.085880999999999430e-02
7.070091000000000570e-02
6.992445999999999384e-02
6.973408999999999858e-02
7.428606999999999572e-02
7.618872999999999618e-02
5.401660999999999963e-02
