5.399692999999999854e-02
6.864328999999999570e-02
7.285579000000000360e-02
7.693946000000000118e-02
7.733613999999999766e-02
7.808273000000000297e-02
6.635109000000000146e-02
6.649892000000000303e-02
6.693409999999999638e-02
6.774906999999999457e-02
6.893420999999999577e-02
6.936422000000000421e-02
6.877919000000000394e-02
6.559413999999999523e-02
7.014420999999999851e-02
6.775259999999999616e-02
6.815293999999999519e-02
6.584023999999999432e-02
6.795956000000000219e-02
7.771340000000000192e-02
9.017216000000000120e-02
9.237130000000000341e-02
8.215830000000000355e-02
6.971294000000000102e-02
6.548205999999999471e-02
7.567936999999999581e-02
8.098624999999999574e-02
8.865517000000000536e-02
8.077594999999999914e-02
8.074678000000000411e-02
8.862857000000000374e-02
9.280636000000000441e-02
9.759081000000000006e-02
7.714213000000000320e-02
7.473240000000000438e-02
7.456002999999999936e-02
8.617381000000000346e-02
1.371059900000000109e-01
2.104050399999999876e-01
2.209680099999999925e-01
1.987454700000000074e-01
2.048764399999999930e-01
1.665465999999999891e-01
1.377520100000000081e-01
9.308471000000000106e-02
7.842283999999999367e-02
7.098698000000000508e-02
6.853671000000000069e-02
6.983834999999999349e-02
6.929193000000000158e-02
7.475988000000000078e-02
8.433103999999999600e-02
9.326761999999999553e-02
1.052844599999999964e-01
1.014847799999999967e-01
1.107031599999999949e-01
1.024363100000000026e-01
7.516796000000000588e-02
7.612236999999999476e-02
7.221882000000000301e-02
6.963569999999999482e-02
7.258963000000000221e-02
7.601782999999999457e-02
5.614065000000000027e-02
