5.558077000000000156e-02
6.975971000000000255e-02
6.612672999999999468e-02
7.029077000000000242e-02
6.892273999999999623e-02
6.735028999999999322e-02
6.596493999999999969e-02
6.950290000000000634e-02
7.371440999999999411e-02
7.323736000000000135e-02
7.081737999999999922e-02
7.285347999999999824e-02
6.639013000000000553e-02
6.566632999999999498e-02
6.825868000000000213e-02
8.027030999999999750e-02
7.887342999999999438e-02
7.120284999999999809e-02
6.552956999999999532e-02
6.839291000000000120e-02
6.946631999999999807e-02
8.218955000000000011e-02
8.592083999999999833e-02
6.885489999999999666e-02
6.619738999999999485e-02
6.973941999999999641e-02
8.151392999999999833e-02
7.601599000000000550e-02
7.447861000000000065e-02
6.733909000000000422e-02
6.565574999999999883e-02
6.576972000000000373e-02
7.643218999999999708e-02
7.701835999999999405e-02
7.096785999999999373e-02
7.193523999999999752e-02
7.346397999999999817e-02
9.204571999999999754e-02
8.396214999999999928e-02
7.038294999999999968e-02
6.548529000000000155e-02
7.478912999999999534e-02
8.659569000000000294e-02
8.895094000000000611e-02
8.407214999999999827e-02
8.548757999999999357e-02
9.321298999999999557e-02
1.097450900000000035e-01
1.003703900000000038e-01
9.899955000000000560e-02
8.923852000000000173e-02
8.877081000000000555e-02
9.058750000000000135e-02
1.043583899999999953e-01
1.448938399999999960e-01
1.781489599999999951e-01
2.293072600000000127e-01
2.411934599999999984e-01
2.829036699999999960e-01
2.866992099999999821e-01
2.220738800000000013e-01
2.276912600000000064e-01
1.390178400000000036e-01
5.671785000000000021e-02
