7.596324000000000132e-02
1.306597999999999926e-01
1.045698199999999939e-01
7.769929999999999892e-02
7.439861000000000391e-02
8.074111000000000482e-02
1.533953700000000031e-01
2.466215900000000016e-01
3.264570199999999867e-01
3.840656599999999754e-01
3.931294100000000125e-01
3.640262200000000115e-01
3.513428599999999791e-01
3.279116499999999990e-01
1.874937299999999973e-01
1.479355199999999870e-01
1.145567599999999936e-01
7.278808999999999974e-02
7.534533000000000202e-02
8.162843000000000182e-02
8.424716999999999623e-02
8.201767000000000085e-02
1.040314799999999956e-01
1.257123500000000005e-01
1.554503000000000135e-01
1.688897000000000037e-01
1.245931700000000031e-01
7.868708000000000646e-02
7.696102000000000498e-02
7.683271999999999324e-02
8.899522999999999462e-02
8.586156999999999817e-02
8.015131000000000339e-02
8.467594999999999983e-02
8.865715000000000401e-02
8.650803999999999438e-02
7.916734000000000271e-02
7.912257000000000318e-02
8.260923000000000571e-02
7.679163999999999435e-02
7.113767000000000007e-02
7.645551000000000430e-02
7.174606999999999513e-02
8.307825000000000626e-02
8.262782000000000460e-02
7.809029000000000664e-02
7.903546999999999656e-02
7.410366999999999649e-02
6.918963000000000196e-02
7.643582999999999628e-02
8.554535000000000611e-02
9.470779999999999477e-02
8.670400000000000329e-02
7.316623999999999350e-02
6.930244000000000681e-02
7.667069999999999441e-02
7.838499999999999635e-02
7.494629999999999348e-02
8.625396000000000452e-02
8.371597000000000066e-02
7.337138999999999467e-02
7.643535999999999386e-02
7.328842000000000689e-02
5.749466999999999772e-02
