5.485451999999999689e-02
7.768803000000000514e-02
1.327437800000000057e-01
1.981890199999999935e-01
3.539248999999999867e-01
4.162954099999999769e-01
5.172444600000000170e-01
5.454893100000000050e-01
5.590664100000000136e-01
5.543618799999999736e-01
5.384299799999999747e-01
4.083504099999999970e-01
2.879043800000000153e-01
1.987014000000000002e-01
1.049730799999999964e-01
8.358082000000000011e-02
8.366635999999999518e-02
8.581961999999999924e-02
9.224093999999999349e-02
9.889704000000000550e-02
1.178074600000000027e-01
1.623916199999999865e-01
1.324969699999999917e-01
1.060917299999999952e-01
1.036308799999999947e-01
8.833834000000000131e-02
8.727511999999999770e-02
8.274600999999999484e-02
9.493904999999999705e-02
8.545226999999999684e-02
6.979438000000000308e-02
6.966798999999999908e-02
7.287330000000000196e-02
6.900726000000000082e-02
6.911388000000000253e-02
6.743849000000000371e-02
7.802457999999999616e-02
8.695353999999999584e-02
8.280070000000000485e-02
6.889459000000000555e-02
6.915478999999999377e-02
7.820264000000000382e-02
1.011572000000000027e-01
9.198734000000000077e-02
7.390613999999999517e-02
7.089004999999999612e-02
7.685052000000000549e-02
7.718593999999999455e-02
7.644436999999999760e-02
8.789270000000000416e-02
7.858199999999999907e-02
6.949365000000000403e-02
6.741455999999999837e-02
8.363349999999999951e-02
9.184211000000000458e-02
9.453504000000000074e-02
8.868884999999999963e-02
7.013258999999999466e-02
6.725931999999999744e-02
6.812706000000000317e-02
7.571097000000000243e-02
7.414049000000000333e-02
8.778041999999999789e-02
5.752042000000000266e-02
