7.922123999999999833e-02
1.425220799999999954e-01
1.667762499999999870e-01
1.541455700000000095e-01
1.415388900000000005e-01
1.415030399999999966e-01
1.022514199999999956e-01
7.281917000000000251e-02
1.264249699999999976e-01
2.108472399999999913e-01
2.408353699999999931e-01
2.942405900000000241e-01
4.018568100000000087e-01
4.252433800000000041e-01
3.989606800000000120e-01
3.649729199999999785e-01
3.103859999999999952e-01
2.154756899999999975e-01
1.315860899999999889e-01
7.705531999999999659e-02
7.161169000000000562e-02
7.793500000000000427e-02
8.492368999999999613e-02
8.851335000000000452e-02
1.124173299999999959e-01
1.305956400000000128e-01
1.513033699999999926e-01
1.615842600000000073e-01
1.396418700000000013e-01
1.146490399999999937e-01
1.035605799999999993e-01
8.922815000000000607e-02
9.888529999999999542e-02
1.190425199999999989e-01
9.568036000000000596e-02
1.055266799999999977e-01
9.232102999999999837e-02
7.375663000000000358e-02
7.722218000000000138e-02
7.487157999999999314e-02
7.308515000000000150e-02
6.954259000000000135e-02
7.167871000000000659e-02
7.795501999999999987e-02
7.283439999999999359e-02
7.294573000000000029e-02
7.950500000000000622e-02
9.509724999999999429e-02
9.814074999999999882e-02
8.754931000000000518e-02
8.192675000000000651e-02
7.334872000000000614e-02
7.757279000000000257e-02
8.028108999999999940e-02
8.787778999999999729e-02
8.122530000000000028e-02
8.145618000000000303e-02
7.604112999999999845e-02
7.027828999999999326e-02
7.408929999999999683e-02
8.428868999999999945e-02
8.238800000000000290e-02
7.917736999999999692e-02
5.792048999999999809e-02
