5.908656000000000325e-02
6.926973000000000158e-02
6.905179000000000178e-02
6.641379999999999506e-02
6.775625000000000397e-02
7.247082000000000523e-02
7.910643000000000535e-02
8.268667999999999851e-02
8.687585999999999919e-02
7.791660000000000252e-02
7.060800000000000409e-02
6.913063999999999321e-02
6.966173999999999977e-02
7.511838999999999322e-02
7.407795999999999825e-02
7.982749000000000095e-02
7.199342999999999715e-02
6.946122999999999881e-02
6.814253000000000671e-02
7.715806000000000053e-02
7.511761000000000132e-02
7.767725000000000324e-02
7.722974999999999979e-02
7.005517999999999468e-02
7.134562999999999322e-02
8.718789000000000400e-02
8.657600999999999491e-02
7.526217999999999797e-02
6.893309000000000242e-02
6.651263999999999788e-02
6.903840999999999450e-02
6.990383000000000013e-02
7.279172000000000420e-02
7.436824999999999686e-02
7.327617999999999632e-02
7.666383000000000225e-02
7.433905000000000374e-02
8.524471999999999605e-02
7.478071000000000024e-02
7.694649000000000627e-02
7.256327999999999390e-02
7.341950999999999339e-02
8.739800000000000346e-02
9.739451000000000358e-02
1.094023999999999969e-01
1.053934700000000030e-01
1.176403800000000027e-01
1.438802499999999873e-01
1.162868400000000024e-01
8.626069000000000098e-02
7.754152000000000267e-02
8.364087000000000605e-02
1.070783399999999941e-01
1.700107600000000108e-01
2.596501999999999977e-01
2.793909900000000057e-01
3.455343499999999901e-01
3.727774899999999891e-01
3.675925400000000232e-01
3.537632499999999736e-01
2.977498499999999826e-01
2.160734699999999897e-01
1.489642599999999872e-01
6.281104999999999328e-02
