5.884533000000000125e-02
7.751436999999999911e-02
8.394574000000000480e-02
9.753029000000000559e-02
9.724770000000000636e-02
1.073531399999999997e-01
6.803918000000000466e-02
7.291348999999999747e-02
8.089818999999999483e-02
7.300275999999999987e-02
7.846437000000000550e-02
7.727999000000000673e-02
7.034820999999999436e-02
6.769669999999999854e-02
6.949027000000000676e-02
7.880478999999999956e-02
7.714324000000000181e-02
7.381245000000000167e-02
8.094991999999999466e-02
1.032228699999999944e-01
1.477868400000000026e-01
1.454406500000000046e-01
1.181432199999999932e-01
7.847582000000000169e-02
7.326636999999999733e-02
8.425312000000000079e-02
1.117433800000000033e-01
1.210786300000000065e-01
8.804819999999999314e-02
9.657037999999999733e-02
1.160787300000000050e-01
1.403867199999999926e-01
1.343577699999999875e-01
8.077879999999999783e-02
7.171436999999999951e-02
7.533798999999999357e-02
1.212653199999999959e-01
1.908572900000000128e-01
2.958021200000000017e-01
2.864871600000000185e-01
2.594191100000000083e-01
2.394432900000000031e-01
1.823485900000000048e-01
1.358766999999999892e-01
8.457897000000000332e-02
7.297483999999999915e-02
6.506583999999999979e-02
6.962498999999999771e-02
7.254749000000000614e-02
7.783787999999999818e-02
8.733504999999999741e-02
1.050414199999999965e-01
1.216966700000000068e-01
1.356532099999999963e-01
1.330988100000000118e-01
1.419270199999999871e-01
1.110549900000000062e-01
7.886421999999999877e-02
7.683421999999999474e-02
7.545448999999999906e-02
7.284160000000000634e-02
8.499423000000000394e-02
9.182680000000000009e-02
5.803716999999999904e-02
