9.570404999999999884e-02
1.361775000000000069e-01
7.832121000000000222e-02
1.465551599999999899e-01
2.557746799999999765e-01
3.498953300000000044e-01
5.283566100000000043e-01
6.276013299999999573e-01
6.401364800000000077e-01
6.729374500000000481e-01
6.887105700000000219e-01
6.263837199999999772e-01
5.726274300000000483e-01
4.541220999999999730e-01
2.530062499999999881e-01
1.428136999999999879e-01
1.156966600000000067e-01
8.359772000000000036e-02
8.220407000000000408e-02
9.785504999999999898e-02
1.157424400000000020e-01
1.428274400000000000e-01
1.659004500000000049e-01
1.587744399999999889e-01
1.902798900000000071e-01
1.558217299999999916e-01
1.244253599999999987e-01
7.654771999999999965e-02
8.519406000000000201e-02
9.959448999999999386e-02
9.033048000000000466e-02
8.033822000000000185e-02
8.323798000000000308e-02
8.041225000000000456e-02
8.709442000000000572e-02
8.406215999999999688e-02
7.951761000000000246e-02
8.447920000000000429e-02
8.404749999999999721e-02
7.191169000000000033e-02
6.542752999999999763e-02
7.301815000000000389e-02
8.077848999999999446e-02
7.769555999999999685e-02
7.740871000000000557e-02
8.086158999999999708e-02
6.911406999999999967e-02
6.596738000000000601e-02
7.028326000000000018e-02
7.872724000000000388e-02
8.307949000000000583e-02
8.435003000000000639e-02
7.640123000000000053e-02
6.973534000000000677e-02
7.197019999999999806e-02
8.326081999999999927e-02
7.962795000000000289e-02
7.029770999999999936e-02
7.305080999999999380e-02
7.178713999999999928e-02
6.593698000000000614e-02
7.186246000000000300e-02
7.862560000000000382e-02
6.093105000000000049e-02
