5.686689999999999801e-02
6.917075999999999780e-02
7.045671000000000572e-02
6.856777999999999484e-02
6.842497999999999636e-02
6.778215999999999408e-02
6.540664999999999674e-02
6.541424999999999323e-02
6.604599999999999360e-02
7.007032000000000538e-02
6.972699999999999732e-02
6.617794999999999928e-02
6.646992999999999652e-02
6.786801000000000639e-02
7.032642999999999534e-02
7.114953999999999723e-02
6.989689999999999792e-02
6.701250999999999736e-02
6.649799000000000682e-02
6.593743999999999994e-02
6.754219999999999668e-02
6.620637000000000050e-02
6.727798999999999585e-02
6.730210000000000359e-02
6.948493000000000031e-02
7.459478999999999416e-02
7.705816999999999528e-02
7.029903999999999320e-02
6.802664999999999407e-02
6.762822000000000278e-02
6.986662000000000428e-02
7.509664000000000617e-02
7.769080000000000430e-02
7.688763999999999321e-02
7.987589000000000494e-02
8.809904000000000346e-02
8.820361999999999647e-02
9.534827999999999359e-02
8.423168000000000322e-02
7.142147000000000079e-02
7.625590000000000146e-02
9.758720999999999368e-02
1.602802100000000063e-01
2.070085899999999923e-01
2.387244599999999994e-01
2.367165499999999978e-01
2.299207000000000056e-01
2.087921799999999939e-01
1.704224099999999964e-01
9.941669000000000200e-02
9.320796000000000636e-02
9.108844000000000662e-02
7.525914000000000215e-02
7.105356000000000172e-02
7.636563999999999852e-02
7.946103999999999667e-02
7.433502000000000165e-02
7.792013000000000411e-02
8.563199999999999978e-02
9.530154999999999876e-02
9.906756999999999369e-02
9.435480000000000256e-02
7.291876999999999387e-02
5.545222000000000345e-02
