5.654407000000000183e-02
8.468594000000000122e-02
8.222052000000000527e-02
7.623409000000000435e-02
7.109355000000000535e-02
6.892310999999999577e-02
6.841386000000000689e-02
7.043454999999999855e-02
7.036438999999999888e-02
7.810777000000000692e-02
7.911485000000000045e-02
7.801278000000000379e-02
9.330339999999999467e-02
9.440099000000000407e-02
1.154287499999999966e-01
9.771038999999999419e-02
8.950832000000000233e-02
8.203027999999999709e-02
6.586084000000000382e-02
7.574205999999999994e-02
1.064177099999999987e-01
1.517898000000000025e-01
1.758312099999999878e-01
1.585601000000000094e-01
1.617362200000000139e-01
1.624230899999999922e-01
1.406493000000000049e-01
9.719898999999999900e-02
8.362809999999999688e-02
6.715976999999999364e-02
6.691885999999999668e-02
6.980564999999999687e-02
7.017505000000000270e-02
7.322451000000000654e-02
9.803019999999999790e-02
9.544500999999999680e-02
9.553248999999999769e-02
1.045268399999999959e-01
9.929802999999999547e-02
7.011314000000000435e-02
7.033237999999999990e-02
7.098184999999999911e-02
7.215083999999999387e-02
7.345759999999999790e-02
7.151306000000000329e-02
7.973531000000000368e-02
7.063432999999999518e-02
7.171039999999999359e-02
6.703502000000000072e-02
6.679143999999999359e-02
7.349060999999999788e-02
7.781628999999999630e-02
7.132591000000000625e-02
7.110766000000000309e-02
7.261467000000000616e-02
7.200584999999999625e-02
6.812261999999999484e-02
7.159927000000000652e-02
8.996244000000000463e-02
8.372746000000000355e-02
8.138662000000000674e-02
7.309870000000000256e-02
7.374653999999999932e-02
5.437770000000000103e-02
