8.022661999999999849e-02
1.673431999999999975e-01
2.343916699999999964e-01
2.908963900000000047e-01
3.187302900000000272e-01
3.462044599999999916e-01
3.558062900000000250e-01
3.003859500000000127e-01
2.368092800000000109e-01
1.909145399999999937e-01
1.765528500000000112e-01
1.254911900000000025e-01
1.121801099999999995e-01
8.464878000000000680e-02
8.952620000000000022e-02
8.607062999999999520e-02
9.139173000000000435e-02
1.158265799999999984e-01
1.193882200000000032e-01
1.115432199999999985e-01
1.555800599999999922e-01
1.500039800000000090e-01
1.101221099999999953e-01
7.953755999999999327e-02
7.471299000000000690e-02
7.361929999999999863e-02
7.443291999999999964e-02
8.209296000000000648e-02
8.494213999999999931e-02
8.674856000000000233e-02
6.878275999999999835e-02
6.714541999999999733e-02
7.133398999999999990e-02
6.957415999999999601e-02
6.833756000000000552e-02
7.195372999999999353e-02
7.149769000000000263e-02
7.483634000000000119e-02
7.809873999999999983e-02
8.376213000000000408e-02
7.792938000000000642e-02
8.103037999999999907e-02
7.725063000000000069e-02
7.028919999999999613e-02
7.288849000000000022e-02
9.030697000000000030e-02
8.549637000000000209e-02
7.537452999999999514e-02
6.969050999999999718e-02
6.763571000000000166e-02
6.671517000000000419e-02
7.885182999999999776e-02
8.799887000000000681e-02
9.535493999999999915e-02
9.064722999999999531e-02
7.305290999999999868e-02
7.319689000000000056e-02
8.926401999999999948e-02
8.992564999999999586e-02
7.668049999999999866e-02
7.790408999999999529e-02
6.862131999999999954e-02
6.604609999999999648e-02
6.092770000000000130e-02
