5.512688000000000310e-02
6.847926000000000013e-02
6.605661999999999645e-02
6.816841999999999346e-02
7.045621000000000522e-02
6.801216000000000206e-02
6.689124999999999932e-02
6.401658000000000348e-02
6.678267999999999704e-02
7.163869999999999960e-02
6.967376999999999598e-02
7.453332999999999486e-02
7.316991000000000467e-02
6.717090000000000560e-02
6.784204000000000623e-02
7.341909000000000629e-02
7.260672999999999433e-02
6.934279999999999611e-02
6.748806999999999723e-02
6.535435000000000549e-02
6.719181999999999932e-02
7.814132999999999496e-02
8.346484999999999321e-02
7.556372000000000089e-02
6.739464000000000565e-02
6.871056999999999859e-02
7.328824000000000449e-02
7.183401000000000369e-02
7.672674999999999634e-02
6.841208999999999485e-02
6.910062000000000149e-02
7.627396999999999649e-02
7.778493999999999686e-02
7.670182000000000389e-02
7.324604999999999311e-02
7.067093000000000680e-02
7.647539000000000420e-02
9.699062999999999435e-02
8.646458999999999395e-02
7.349173999999999984e-02
6.645813999999999888e-02
7.178304000000000629e-02
7.921748000000000678e-02
8.383371000000000572e-02
9.046867000000000103e-02
8.675059999999999716e-02
9.703602999999999534e-02
1.043441100000000038e-01
9.531143999999999727e-02
9.976342000000000543e-02
8.664644999999999986e-02
8.799029999999999352e-02
7.743300999999999656e-02
8.574895999999999907e-02
1.234542799999999996e-01
1.481317699999999959e-01
1.811760799999999894e-01
2.075243300000000068e-01
2.530056500000000264e-01
2.504662599999999961e-01
2.339890299999999868e-01
2.169100200000000089e-01
2.092055499999999901e-01
5.927986999999999840e-02
