8.344764000000000348e-02
1.771389100000000105e-01
2.303148700000000049e-01
2.247171699999999939e-01
2.607060399999999722e-01
2.931162099999999882e-01
2.792124699999999904e-01
2.105453899999999989e-01
1.709267800000000004e-01
1.399559999999999971e-01
1.296535900000000130e-01
8.066940999999999695e-02
7.341530000000000278e-02
7.354641000000000650e-02
7.779972999999999750e-02
8.842099000000000486e-02
1.027705099999999955e-01
1.384427699999999928e-01
1.359038100000000138e-01
1.149687199999999965e-01
1.270873999999999893e-01
1.145706999999999975e-01
9.447445000000000148e-02
7.963697999999999610e-02
7.909260999999999375e-02
8.139691000000000287e-02
7.115259999999999641e-02
7.690447999999999729e-02
7.404814999999999314e-02
8.597720000000000362e-02
6.923951000000000411e-02
6.628399000000000096e-02
6.841550000000000409e-02
6.718474000000000668e-02
6.867292999999999314e-02
6.802616000000000218e-02
6.598977999999999788e-02
6.938487999999999600e-02
7.551713000000000175e-02
8.008004999999999984e-02
7.351422999999999985e-02
7.856203999999999965e-02
6.734466000000000063e-02
7.401412000000000269e-02
8.023993000000000098e-02
8.583710999999999425e-02
7.398058000000000412e-02
6.738610000000000433e-02
6.704533999999999494e-02
6.817806999999999340e-02
6.847348999999999797e-02
7.246178999999999815e-02
7.497044999999999404e-02
7.646168999999999882e-02
7.583673000000000497e-02
7.484095999999999804e-02
7.204283000000000214e-02
7.723020999999999359e-02
7.844015999999999489e-02
6.965037000000000311e-02
6.781049000000000104e-02
6.743064999999999476e-02
6.544328000000000645e-02
5.778094999999999759e-02
