5.031569000000000319e-02
8.366974000000000633e-02
8.062260000000000260e-02
6.895635999999999433e-02
6.664544000000000024e-02
7.433423000000000114e-02
7.569165999999999395e-02
7.641580000000000594e-02
7.111692999999999487e-02
7.172929999999999584e-02
6.953325999999999951e-02
6.525132999999999628e-02
6.769854000000000149e-02
7.004385000000000472e-02
8.179097999999999924e-02
7.584024000000000321e-02
7.234983999999999860e-02
6.623415000000000552e-02
7.296231000000000244e-02
7.545643000000000489e-02
8.661504999999999899e-02
7.102092999999999601e-02
7.934736000000000566e-02
1.001835100000000034e-01
9.867837000000000136e-02
1.027921499999999988e-01
9.844113000000000169e-02
6.854409999999999670e-02
6.955300999999999845e-02
7.482389000000000401e-02
8.974980999999999931e-02
1.062760100000000041e-01
1.223659299999999978e-01
1.134013299999999946e-01
1.352666899999999950e-01
1.445094899999999905e-01
1.385013800000000073e-01
1.212339199999999950e-01
8.983385000000000675e-02
9.686077999999999355e-02
1.321060099999999959e-01
2.541345400000000199e-01
3.178499000000000185e-01
3.533733499999999750e-01
3.753246700000000269e-01
3.515220600000000251e-01
2.941212400000000060e-01
2.638810300000000164e-01
1.803634799999999927e-01
1.125219600000000042e-01
7.870246999999999660e-02
8.272079000000000237e-02
9.149462999999999346e-02
1.063038000000000038e-01
1.367976800000000048e-01
1.441228699999999863e-01
1.166822200000000032e-01
1.179581299999999944e-01
1.218043300000000023e-01
1.711859000000000020e-01
1.801044300000000098e-01
1.297831200000000018e-01
8.785015999999999659e-02
5.964650999999999981e-02
