5.360552999999999846e-02
6.888756999999999520e-02
6.717660000000000298e-02
6.686801000000000550e-02
7.277561999999999920e-02
7.590658999999999601e-02
6.829114000000000018e-02
6.667650999999999439e-02
6.690031999999999923e-02
7.357041999999999748e-02
7.422760000000000469e-02
7.461144999999999583e-02
7.662127999999999994e-02
7.378202999999999845e-02
7.520050000000000345e-02
6.844844999999999402e-02
7.148983999999999894e-02
7.301928000000000585e-02
7.495706000000000591e-02
7.181943999999999828e-02
8.003195000000000447e-02
8.953899999999999360e-02
9.157221999999999584e-02
8.277490999999999322e-02
7.619133999999999629e-02
7.073459999999999470e-02
7.268426000000000053e-02
8.843869999999999509e-02
1.120287499999999964e-01
1.432781800000000050e-01
1.750604799999999905e-01
1.700652800000000131e-01
1.718378799999999984e-01
1.769076099999999929e-01
1.283903399999999917e-01
1.016795399999999988e-01
9.235140999999999489e-02
7.358215999999999368e-02
7.218096999999999708e-02
7.137214999999999532e-02
7.143549999999999900e-02
8.247234000000000509e-02
9.107991999999999477e-02
8.202858999999999845e-02
1.008538400000000002e-01
8.723068000000000488e-02
7.242297000000000318e-02
7.366902999999999646e-02
7.212696000000000385e-02
7.034398999999999513e-02
7.531372000000000066e-02
7.128798000000000079e-02
6.922167999999999377e-02
7.074590999999999519e-02
7.680668999999999691e-02
8.186224999999999752e-02
7.226190999999999864e-02
7.029436999999999491e-02
6.717030000000000223e-02
7.321171999999999402e-02
7.482152999999999721e-02
7.130440000000000389e-02
7.039884000000000419e-02
5.397960000000000258e-02
