6.111486000000000002e-02
9.077799999999999758e-02
1.523428099999999952e-01
1.348421300000000045e-01
1.666081100000000037e-01
1.712174700000000105e-01
1.065545600000000065e-01
6.768746000000000484e-02
8.490483999999999531e-02
1.348191900000000054e-01
1.216607900000000048e-01
2.400554599999999983e-01
3.020160499999999804e-01
3.521499299999999999e-01
3.445841099999999990e-01
3.350594599999999756e-01
3.310453600000000107e-01
2.353674000000000044e-01
1.397500899999999935e-01
8.599605999999999917e-02
7.462837999999999417e-02
7.285713000000000605e-02
8.009027000000000507e-02
8.753560000000000507e-02
1.012683999999999945e-01
1.221767899999999935e-01
1.383115900000000120e-01
1.466339399999999904e-01
1.335488999999999982e-01
1.114823399999999992e-01
1.000942100000000029e-01
8.691453999999999847e-02
9.263820999999999861e-02
1.074964100000000006e-01
9.492565999999999504e-02
9.997274999999999912e-02
9.147964999999999569e-02
7.214863999999999999e-02
7.307246000000000574e-02
7.520416000000000600e-02
7.405834000000000028e-02
6.740126000000000450e-02
6.683305999999999969e-02
7.261739999999999862e-02
7.467105000000000270e-02
7.114357999999999793e-02
7.228353999999999335e-02
8.692761999999999711e-02
9.288217000000000001e-02
9.203569999999999807e-02
8.779014000000000262e-02
7.058111999999999719e-02
7.295277999999999485e-02
7.773196000000000272e-02
9.233040000000000691e-02
8.712027999999999439e-02
8.090774000000000576e-02
7.385564999999999491e-02
6.826311000000000184e-02
6.828752999999999906e-02
8.674254000000000686e-02
8.203576999999999397e-02
8.425858999999999432e-02
6.060435000000000128e-02
