5.271408000000000343e-02
7.036694999999999756e-02
6.990915999999999797e-02
7.593320000000000625e-02
7.595243000000000133e-02
7.933324999999999405e-02
7.036270000000000024e-02
6.583289999999999975e-02
6.543264999999999498e-02
6.580241000000000562e-02
6.774088000000000331e-02
6.492886000000000490e-02
6.556915000000000660e-02
6.695309000000000677e-02
6.805295000000000094e-02
6.721141999999999395e-02
7.008583000000000174e-02
6.861968000000000234e-02
6.703491000000000311e-02
6.503762000000000432e-02
6.464237999999999928e-02
6.570446000000000619e-02
6.543849000000000193e-02
6.528249999999999331e-02
6.517178999999999334e-02
6.698108999999999313e-02
6.533274999999999499e-02
6.643551000000000317e-02
6.565142999999999673e-02
6.368785999999999892e-02
6.475114999999999343e-02
6.443400999999999990e-02
6.579351999999999423e-02
6.693599000000000077e-02
6.475617999999999652e-02
6.523160999999999543e-02
6.456758999999999415e-02
6.617950000000000221e-02
6.749649000000000620e-02
6.493148999999999449e-02
6.313346000000000235e-02
6.392662000000000344e-02
6.501060999999999646e-02
6.670289000000000079e-02
6.689531999999999423e-02
6.536611000000000504e-02
6.346910000000000052e-02
6.524056000000000299e-02
6.559130999999999989e-02
6.447762999999999411e-02
6.640838999999999770e-02
6.439880000000000604e-02
6.425519000000000369e-02
6.450367999999999380e-02
6.603293000000000357e-02
6.713044999999999429e-02
6.679147000000000556e-02
6.609516000000000002e-02
6.738842000000000443e-02
6.704077999999999427e-02
6.495143000000000444e-02
6.466470000000000551e-02
6.230952000000000018e-02
5.318276999999999727e-02
