6.833002999999999993e-02
1.495473099999999889e-01
1.503799600000000070e-01
1.333753500000000036e-01
1.192512299999999997e-01
9.322748999999999620e-02
8.250105000000000632e-02
1.047511200000000031e-01
2.000602599999999898e-01
2.740235300000000151e-01
3.103163800000000028e-01
4.104884300000000152e-01
4.001708299999999774e-01
3.861595400000000233e-01
3.072318099999999941e-01
2.412238399999999949e-01
1.760214700000000132e-01
1.205126599999999937e-01
8.269851999999999759e-02
7.154393000000000558e-02
7.941958999999999824e-02
7.869076999999999322e-02
8.617160000000000097e-02
1.009852400000000039e-01
1.450410599999999994e-01
1.562107100000000026e-01
1.484854200000000068e-01
1.154316999999999982e-01
8.305363999999999802e-02
8.041982999999999771e-02
8.864560999999999968e-02
8.854483999999999966e-02
8.553692999999999713e-02
1.098737099999999994e-01
9.502963999999999856e-02
9.954736000000000140e-02
8.559772000000000214e-02
7.281055000000000166e-02
7.380585000000000617e-02
7.681635000000000546e-02
7.069757999999999598e-02
7.226630000000000553e-02
6.606565000000000354e-02
7.166635999999999840e-02
7.607310999999999934e-02
8.285686000000000440e-02
8.830454999999999555e-02
8.276962000000000208e-02
7.817118000000000677e-02
7.148846999999999841e-02
7.791407999999999667e-02
8.263579999999999537e-02
8.952775000000000316e-02
8.297234000000000553e-02
7.675609999999999378e-02
7.228020999999999752e-02
6.849048000000000636e-02
6.880775000000000086e-02
7.822856000000000254e-02
8.281805000000000416e-02
8.923061999999999661e-02
8.892540000000000167e-02
6.922540000000000637e-02
5.871010000000000117e-02
