5.615995000000000015e-02
7.707727000000000328e-02
6.559695999999999583e-02
6.812211999999999434e-02
6.882343000000000488e-02
7.432788999999999369e-02
7.020055999999999519e-02
6.867900000000000393e-02
6.886588000000000431e-02
7.306118000000000334e-02
7.142851000000000061e-02
9.192285000000000039e-02
1.024655599999999972e-01
1.003606499999999957e-01
8.661747000000000196e-02
7.797324999999999395e-02
7.591248000000000440e-02
7.574691000000000063e-02
8.181681000000000370e-02
8.124602999999999686e-02
9.059032999999999669e-02
8.549321999999999477e-02
9.476205000000000045e-02
9.973068999999999684e-02
9.905725999999999420e-02
9.483094999999999719e-02
8.354491999999999474e-02
7.005044000000000548e-02
9.219194999999999474e-02
1.384627400000000008e-01
1.835118099999999974e-01
2.019369299999999867e-01
2.389182400000000039e-01
2.422351100000000035e-01
1.543216599999999994e-01
1.438786400000000021e-01
1.284382799999999880e-01
9.504777000000000364e-02
7.395730999999999833e-02
6.702713000000000421e-02
6.456314000000000497e-02
6.943689999999999585e-02
7.685527999999999804e-02
8.546417000000000597e-02
8.500431999999999433e-02
8.318738000000000521e-02
9.411068999999999685e-02
8.671934000000000586e-02
7.715980000000000061e-02
7.290910999999999920e-02
6.831690999999999458e-02
6.935663999999999718e-02
6.919735000000000469e-02
6.812105999999999717e-02
7.565002999999999311e-02
7.600521000000000360e-02
7.452490999999999977e-02
7.816275999999999780e-02
7.681156999999999568e-02
7.577625999999999806e-02
6.914418999999999427e-02
7.015069999999999639e-02
6.883778999999999593e-02
5.538879000000000025e-02
