6.628038999999999459e-02
1.016288500000000067e-01
1.039906300000000006e-01
1.004059800000000058e-01
1.135177799999999987e-01
1.405454700000000057e-01
1.436773100000000025e-01
8.686252999999999336e-02
7.677604999999999846e-02
8.106314000000000575e-02
8.544153999999999638e-02
1.280294200000000049e-01
2.126368999999999898e-01
2.891536399999999896e-01
3.309918900000000108e-01
3.863463400000000103e-01
3.450038699999999903e-01
2.733313399999999782e-01
2.004100699999999957e-01
1.273093100000000089e-01
9.717043999999999682e-02
8.520368000000000386e-02
7.753554999999999475e-02
6.846431000000000044e-02
6.933783000000000307e-02
7.417711999999999917e-02
9.024793999999999872e-02
1.032112500000000044e-01
1.064641999999999949e-01
1.134040500000000062e-01
1.142434300000000069e-01
8.686676999999999593e-02
8.170768999999999949e-02
8.151754999999999418e-02
7.589529000000000414e-02
8.272572999999999732e-02
7.355544999999999445e-02
7.156585999999999503e-02
7.298155000000000614e-02
7.783215000000000272e-02
7.788209999999999578e-02
6.598051000000000610e-02
6.937612999999999419e-02
7.032122000000000372e-02
6.830002000000000295e-02
6.849444999999999839e-02
6.776909999999999878e-02
7.401291000000000120e-02
7.119801000000000601e-02
7.779532999999999587e-02
8.546399999999999830e-02
7.822461999999999471e-02
6.840259999999999396e-02
6.676566999999999918e-02
6.870466000000000073e-02
6.741165999999999825e-02
7.297525000000000539e-02
6.894226999999999994e-02
6.993744000000000349e-02
6.923289000000000526e-02
6.453077999999999592e-02
6.506592999999999405e-02
6.604021000000000197e-02
5.461202999999999891e-02
