7.294327999999999923e-02
1.095237000000000016e-01
1.250055599999999878e-01
1.282639999999999891e-01
1.199817400000000034e-01
1.224769099999999944e-01
1.108820100000000031e-01
1.038177799999999984e-01
8.429775999999999936e-02
7.543721999999999928e-02
7.361083999999999683e-02
6.643504999999999550e-02
6.681051000000000351e-02
7.155248999999999637e-02
7.985844000000000276e-02
8.482246000000000230e-02
8.360460000000000114e-02
8.567951999999999513e-02
7.898802000000000600e-02
7.439340999999999315e-02
7.125201000000000451e-02
6.943992999999999693e-02
6.487331000000000347e-02
6.582825999999999955e-02
6.689375999999999656e-02
7.014041000000000026e-02
6.788789000000000629e-02
6.745307999999999859e-02
6.508775999999999451e-02
6.628106999999999749e-02
6.789333000000000173e-02
6.999664999999999360e-02
6.737669999999999770e-02
6.933767999999999876e-02
6.727051000000000558e-02
6.389085999999999377e-02
6.543353000000000363e-02
6.856982000000000355e-02
7.463356000000000157e-02
7.096360999999999641e-02
6.675918999999999603e-02
7.138722000000000123e-02
7.514695000000000402e-02
7.834863000000000244e-02
8.404208999999999985e-02
7.480019999999999725e-02
6.794015000000000470e-02
6.731135000000000590e-02
6.733208000000000248e-02
6.807346999999999704e-02
7.254228999999999539e-02
7.305184000000000677e-02
6.870571999999999790e-02
7.021431999999999674e-02
6.838561999999999419e-02
7.024028000000000216e-02
7.208259999999999668e-02
8.037334999999999618e-02
7.892564000000000524e-02
6.991271999999999764e-02
6.855883000000000116e-02
6.615221999999999769e-02
6.446601999999999888e-02
5.774652000000000257e-02
