6.843072999999999517e-02
1.407005000000000061e-01
1.472239800000000043e-01
1.509172599999999975e-01
1.205292599999999992e-01
1.249917700000000020e-01
1.114038599999999934e-01
9.077648000000000661e-02
7.388712000000000057e-02
8.342212000000000238e-02
8.474416999999999367e-02
7.443711000000000078e-02
7.391024999999999678e-02
8.097815999999999348e-02
9.233934000000000586e-02
1.058018000000000014e-01
1.042965200000000037e-01
1.123496999999999968e-01
9.353997999999999480e-02
8.106916000000000122e-02
7.369262999999999508e-02
7.268570000000000586e-02
7.193798999999999333e-02
7.119780000000000553e-02
8.190919000000000672e-02
8.413020999999999694e-02
6.887846000000000246e-02
6.795326000000000144e-02
7.327063000000000326e-02
7.139019000000000614e-02
7.082679999999999532e-02
7.955948000000000186e-02
7.618668000000000662e-02
6.854665000000000064e-02
6.966642000000000667e-02
6.825530999999999959e-02
7.185358999999999496e-02
7.707110000000000349e-02
7.749957999999999847e-02
7.222623000000000237e-02
6.633002999999999816e-02
7.541762999999999939e-02
9.112807000000000546e-02
9.167372999999999494e-02
9.123483999999999761e-02
6.846219000000000610e-02
7.225370000000000403e-02
8.058289000000000424e-02
8.515918000000000099e-02
7.976940999999999893e-02
7.550349000000000643e-02
7.291868999999999434e-02
6.667576000000000058e-02
6.917004999999999681e-02
7.170374999999999666e-02
7.275391000000000497e-02
7.107212000000000252e-02
6.857480000000000520e-02
6.954243000000000230e-02
6.945431000000000521e-02
6.957320000000000171e-02
7.578392999999999935e-02
6.918952000000000435e-02
5.752618000000000315e-02
