5.878446999999999839e-02
7.269783000000000495e-02
6.897775999999999907e-02
6.557553000000000687e-02
6.510591999999999768e-02
7.279193000000000469e-02
7.676460999999999701e-02
8.170956999999999526e-02
8.371671999999999447e-02
7.885282000000000402e-02
7.126298999999999828e-02
6.542971000000000203e-02
6.739913999999999628e-02
7.207294999999999674e-02
7.028694000000000608e-02
7.664508999999999905e-02
7.028481999999999785e-02
6.826838000000000350e-02
6.778391000000000277e-02
7.168744999999999978e-02
6.862654999999999450e-02
7.372823000000000571e-02
7.531691000000000080e-02
6.782185000000000297e-02
6.285652999999999380e-02
7.598480000000000512e-02
7.450004999999999822e-02
7.699232000000000298e-02
6.947622000000000519e-02
6.613616999999999413e-02
6.845718000000000636e-02
6.658569000000000293e-02
7.123321999999999987e-02
7.642021000000000230e-02
7.232705999999999857e-02
7.671348000000000056e-02
7.160524000000000056e-02
7.665642999999999763e-02
6.913318999999999714e-02
6.940986999999999851e-02
6.569253999999999372e-02
6.791614999999999458e-02
7.373705999999999317e-02
7.906312999999999536e-02
7.881731999999999627e-02
8.024335999999999969e-02
9.027448000000000417e-02
9.761061999999999517e-02
8.320951000000000042e-02
7.912138999999999978e-02
7.523443999999999965e-02
7.885235999999999634e-02
8.831234000000000306e-02
1.150214400000000026e-01
1.722687199999999863e-01
1.923587499999999950e-01
2.033198800000000084e-01
2.155308300000000066e-01
2.065148699999999893e-01
2.140862500000000057e-01
1.766584700000000119e-01
1.609186200000000122e-01
1.063904799999999956e-01
5.709749000000000074e-02
