5.386698000000000180e-02
6.866360000000000519e-02
6.996220000000000216e-02
7.480443999999999982e-02
9.131113000000000424e-02
9.004009999999999792e-02
8.007417000000000007e-02
7.157921999999999896e-02
6.650032999999999639e-02
7.925335000000000019e-02
1.068343399999999999e-01
8.216249000000000469e-02
7.709963000000000233e-02
8.261158999999999863e-02
8.739089999999999359e-02
1.002026300000000009e-01
1.102384899999999945e-01
1.170758799999999933e-01
9.140573000000000448e-02
7.266374999999999917e-02
6.829743000000000619e-02
8.611879999999999535e-02
1.167769399999999957e-01
1.184079400000000032e-01
9.055783000000000582e-02
9.435923000000000227e-02
1.254555300000000095e-01
1.712703899999999946e-01
1.600292500000000118e-01
1.014693499999999998e-01
8.450319000000000580e-02
7.932741999999999571e-02
1.283594700000000033e-01
2.426297199999999932e-01
2.989450100000000110e-01
3.899703900000000001e-01
4.222233599999999920e-01
3.267548699999999751e-01
2.266549300000000045e-01
1.511168599999999917e-01
9.999473999999999863e-02
7.491427999999999976e-02
6.845384000000000191e-02
7.802159000000000177e-02
9.057423000000000557e-02
9.514569000000000498e-02
1.068169600000000025e-01
1.272333700000000123e-01
1.136835000000000068e-01
1.319176599999999921e-01
1.264018699999999995e-01
1.417906899999999970e-01
9.440627999999999520e-02
9.457928000000000168e-02
9.473463000000000023e-02
9.727597999999999800e-02
9.843353999999999993e-02
1.130202000000000012e-01
1.077210200000000007e-01
8.696926000000000656e-02
1.017558499999999949e-01
1.163605199999999951e-01
1.118968699999999955e-01
6.164171999999999707e-02
