6.105945000000000122e-02
3.407411900000000271e-01
2.570230099999999962e-01
2.218278099999999864e-01
1.606959599999999988e-01
1.359649199999999891e-01
1.093549099999999996e-01
8.015165000000000484e-02
7.033201000000000036e-02
7.231416999999999706e-02
7.802106999999999792e-02
8.042609000000000563e-02
9.885025999999999535e-02
1.430011200000000093e-01
1.933472800000000102e-01
1.615014399999999961e-01
1.315920100000000093e-01
1.139632200000000040e-01
9.703283999999999521e-02
8.201811000000000518e-02
8.194651000000000018e-02
8.382538000000000489e-02
7.368961999999999735e-02
6.701585000000000181e-02
6.919878999999999614e-02
7.939968000000000026e-02
8.115295000000000147e-02
7.774767999999999957e-02
7.586621000000000337e-02
7.117234000000000060e-02
7.131693999999999534e-02
7.266818999999999362e-02
7.006163999999999448e-02
6.892505000000000159e-02
7.108261000000000440e-02
7.565845999999999683e-02
7.124817999999999429e-02
7.215082999999999913e-02
6.743828999999999796e-02
6.887611999999999901e-02
7.084226000000000412e-02
7.202253000000000127e-02
7.955326999999999538e-02
7.348443999999999809e-02
7.605319000000000662e-02
7.336035000000000472e-02
7.814408000000000465e-02
8.066835999999999451e-02
7.152777000000000440e-02
7.084514000000000089e-02
6.648569999999999480e-02
6.710000000000000686e-02
7.137817999999999941e-02
7.583199000000000189e-02
7.092985000000000262e-02
7.018766999999999368e-02
6.968061000000000393e-02
7.186165999999999388e-02
7.576517000000000668e-02
6.748484999999999900e-02
7.274793999999999705e-02
7.021766999999999592e-02
6.737711000000000394e-02
5.522722000000000048e-02
