5.153111999999999970e-02
6.689891000000000587e-02
6.526666000000000412e-02
6.627547999999999773e-02
6.348541000000000600e-02
6.740904999999999814e-02
6.827941999999999345e-02
7.124262000000000650e-02
7.033401000000000236e-02
6.761677000000000659e-02
6.809282999999999308e-02
6.474117000000000066e-02
6.586279999999999912e-02
6.887680000000000191e-02
6.906901000000000013e-02
7.166727999999999987e-02
6.673100999999999339e-02
6.504788000000000237e-02
6.639757999999999771e-02
7.235157000000000393e-02
7.076196999999999349e-02
7.090699999999999781e-02
6.984274999999999511e-02
6.625520999999999494e-02
6.698832000000000397e-02
7.082333999999999852e-02
7.129546000000000494e-02
6.768797000000000008e-02
6.856610999999999956e-02
6.356145000000000544e-02
6.502465999999999802e-02
6.653989000000000431e-02
6.823211999999999333e-02
6.929382000000000597e-02
6.760040000000000493e-02
6.991930000000000367e-02
6.719050000000000022e-02
7.011488000000000442e-02
6.966195000000000026e-02
6.946987999999999774e-02
6.447630000000000028e-02
6.581251000000000462e-02
7.083704000000000389e-02
7.564402000000000625e-02
7.671284000000000436e-02
7.759755999999999598e-02
8.192779999999999507e-02
8.191297999999999635e-02
7.382943000000000144e-02
7.186960000000000570e-02
6.592019000000000351e-02
7.056859999999999522e-02
7.559794999999999709e-02
8.568214999999999859e-02
1.069523799999999997e-01
1.062989200000000051e-01
1.137658700000000050e-01
1.184041100000000069e-01
1.136727599999999977e-01
1.021918099999999940e-01
8.590285999999999755e-02
8.303457000000000199e-02
6.782259999999999678e-02
5.336856000000000239e-02
