5.484453999999999718e-02
6.691653000000000184e-02
6.689460999999999324e-02
6.500841999999999732e-02
6.743926999999999561e-02
7.223403000000000462e-02
7.512676999999999550e-02
7.633439000000000196e-02
7.788145000000000484e-02
7.211695999999999385e-02
6.790121999999999824e-02
6.568719000000000641e-02
6.635209999999999719e-02
7.076768999999999421e-02
7.224241000000000690e-02
7.396062999999999943e-02
6.901351000000000013e-02
6.740298000000000123e-02
6.640588000000000046e-02
7.339608999999999717e-02
7.406872000000000456e-02
7.386526000000000203e-02
7.307484999999999675e-02
6.816679000000000488e-02
6.601079999999999448e-02
7.351681000000000188e-02
7.189864999999999451e-02
6.956368999999999747e-02
6.850143999999999678e-02
6.571601999999999999e-02
6.897709999999999952e-02
7.010054999999999759e-02
6.981507000000000684e-02
6.999291000000000540e-02
7.131948000000000454e-02
7.360142000000000073e-02
6.897111999999999687e-02
7.062137000000000275e-02
7.006650000000000378e-02
6.906629000000000240e-02
6.675496999999999681e-02
6.783819000000000654e-02
7.140349000000000002e-02
7.988858999999999544e-02
8.247108000000000216e-02
7.923028999999999489e-02
7.990363000000000326e-02
9.202356000000000424e-02
8.648200000000000331e-02
7.507465000000000666e-02
6.813093000000000621e-02
6.963284000000000140e-02
7.828002000000000571e-02
9.425714999999999788e-02
1.308094399999999990e-01
1.312712600000000007e-01
1.512320600000000015e-01
1.645102200000000126e-01
1.771690200000000104e-01
1.848973200000000039e-01
1.421161900000000033e-01
1.171510099999999999e-01
9.213316000000000561e-02
5.588507000000000197e-02
