1.541662799999999889e-01
4.001267900000000100e-01
3.996649999999999925e-01
3.874521599999999899e-01
3.131154800000000016e-01
2.830933600000000161e-01
2.016739700000000080e-01
1.328780200000000133e-01
7.834093000000000306e-02
7.703303999999999707e-02
7.637165999999999400e-02
7.981855000000000200e-02
1.009329199999999954e-01
1.326044899999999915e-01
1.653182099999999932e-01
1.556414100000000078e-01
1.399462399999999995e-01
1.442723399999999989e-01
1.181757400000000013e-01
9.443158999999999581e-02
8.236295999999999895e-02
7.717738000000000376e-02
7.470797999999999328e-02
7.155644999999999367e-02
8.047355000000000480e-02
9.089790000000000370e-02
8.263655999999999779e-02
7.697084999999999344e-02
7.404494000000000353e-02
7.311412999999999940e-02
8.148629999999999762e-02
8.413503999999999428e-02
7.701280000000000625e-02
7.130279000000000478e-02
7.408710000000000295e-02
7.746957000000000149e-02
7.893348000000000031e-02
8.333535999999999722e-02
7.686574000000000184e-02
7.505143000000000231e-02
7.647086999999999635e-02
8.337487000000000370e-02
1.036525799999999942e-01
9.224640000000000617e-02
1.020263500000000018e-01
7.161199000000000037e-02
8.074391999999999681e-02
9.713064999999999893e-02
9.080926999999999749e-02
7.745704999999999951e-02
7.056439000000000461e-02
6.785689000000000304e-02
6.872541999999999540e-02
7.866312999999999778e-02
8.212659999999999405e-02
7.941660999999999859e-02
8.048263999999999418e-02
7.732242000000000282e-02
7.847650000000000459e-02
7.743780999999999581e-02
8.247822000000000486e-02
8.629045999999999939e-02
7.295089999999999908e-02
6.047510999999999859e-02
