5.782849999999999796e-02
8.419026999999999761e-02
6.786554999999999671e-02
7.853314999999999602e-02
9.825372999999999746e-02
1.009172599999999947e-01
1.456345000000000001e-01
1.760946200000000073e-01
1.967970699999999906e-01
2.281387900000000080e-01
2.623455199999999987e-01
2.061361200000000060e-01
1.554604300000000106e-01
1.112394599999999983e-01
7.870847999999999733e-02
7.141580999999999624e-02
7.002854999999999497e-02
7.925356999999999541e-02
8.191708999999999796e-02
8.617418999999999774e-02
9.844867000000000201e-02
1.113378800000000002e-01
1.168114499999999972e-01
1.064754400000000045e-01
1.122903100000000043e-01
9.639214999999999589e-02
9.543089999999999906e-02
8.450304999999999622e-02
9.397482000000000057e-02
8.145549000000000539e-02
8.117132999999999987e-02
7.457051000000000651e-02
7.060259000000000673e-02
7.436760000000000592e-02
7.058158000000000487e-02
6.761891999999999903e-02
7.209988000000000508e-02
7.311217000000000410e-02
7.084878999999999483e-02
6.689074000000000408e-02
6.310163000000000577e-02
6.397015000000000340e-02
6.584719999999999462e-02
6.699824999999999531e-02
6.795787000000000355e-02
6.930443999999999494e-02
6.811791999999999847e-02
6.752138000000000584e-02
6.639248000000000371e-02
7.167400000000000160e-02
7.553400000000000392e-02
7.855460999999999694e-02
7.042806999999999540e-02
6.563914999999999333e-02
6.938742999999999994e-02
8.028151000000000037e-02
8.703803000000000234e-02
7.294338000000000211e-02
7.616162999999999406e-02
7.724111999999999645e-02
6.661767999999999856e-02
7.397160999999999320e-02
8.093875000000000375e-02
6.081161999999999679e-02
