5.922058999999999657e-02
8.041011000000000686e-02
7.811402000000000623e-02
9.168590999999999547e-02
8.010467000000000282e-02
9.392770000000000286e-02
6.819458000000000464e-02
7.634385000000000476e-02
8.087162999999999990e-02
7.523952999999999891e-02
7.971340000000000370e-02
7.726297000000000026e-02
6.987599999999999367e-02
6.618957999999999786e-02
6.731067000000000300e-02
7.379386999999999752e-02
7.598170999999999398e-02
7.209179999999999755e-02
8.018227999999999467e-02
1.045232600000000067e-01
1.252829599999999988e-01
1.187061100000000036e-01
8.541118999999999795e-02
7.420578999999999370e-02
7.002827999999999831e-02
8.316170999999999980e-02
1.000289199999999934e-01
1.162008300000000049e-01
9.299422000000000244e-02
1.014533600000000063e-01
9.713718000000000352e-02
9.165555999999999703e-02
8.450459999999999916e-02
6.809985999999999817e-02
7.234976999999999381e-02
8.751799999999999857e-02
1.061066999999999982e-01
2.064115300000000097e-01
3.239951400000000148e-01
3.619002399999999842e-01
3.675921300000000169e-01
3.851504599999999723e-01
3.490216099999999821e-01
2.772012099999999757e-01
1.573218299999999958e-01
1.271520100000000097e-01
8.054123000000000532e-02
7.317406999999999384e-02
6.904106999999999605e-02
6.656647000000000258e-02
8.686789999999999790e-02
1.117297500000000027e-01
1.381737399999999893e-01
1.164259700000000036e-01
1.144841100000000000e-01
1.258668799999999866e-01
9.964961999999999431e-02
8.263863999999999932e-02
7.570217999999999392e-02
7.174329000000000123e-02
6.993035000000000223e-02
7.059484000000000592e-02
7.421635000000000038e-02
5.645195000000000074e-02
