5.575615999999999906e-02
7.966123999999999428e-02
7.312836000000000336e-02
7.816868000000000427e-02
8.202165999999999624e-02
7.991716000000000097e-02
6.833796000000000315e-02
6.554086000000000634e-02
6.654973000000000138e-02
7.953071999999999919e-02
8.614565000000000417e-02
8.587641000000000024e-02
7.034018999999999688e-02
7.048746999999999652e-02
7.763567999999999858e-02
7.619206000000000589e-02
8.664537999999999407e-02
8.228351000000000415e-02
7.662280000000000479e-02
6.614251999999999632e-02
7.527707999999999622e-02
8.559923999999999311e-02
9.475144000000000621e-02
7.755993999999999389e-02
7.141005999999999743e-02
6.957254000000000216e-02
8.208203000000000027e-02
9.308705000000000451e-02
9.936644000000000032e-02
8.170610000000000372e-02
9.170332999999999957e-02
1.052563599999999933e-01
1.273639900000000102e-01
9.870700999999999781e-02
8.557346999999999870e-02
8.732874999999999666e-02
1.058481599999999967e-01
1.282132300000000114e-01
1.364035899999999912e-01
1.030124600000000001e-01
1.023604699999999951e-01
1.251315000000000066e-01
1.391591600000000040e-01
1.729750899999999980e-01
1.604957999999999940e-01
9.544734000000000551e-02
7.474593999999999683e-02
8.698672999999999822e-02
1.760761299999999974e-01
2.540897100000000242e-01
3.674323600000000134e-01
3.773602200000000240e-01
4.125756300000000265e-01
4.269883300000000270e-01
4.122256000000000253e-01
3.264062999999999826e-01
2.021709200000000040e-01
1.377321599999999924e-01
1.070175399999999943e-01
8.554401999999999839e-02
7.136597000000000079e-02
7.485047000000000228e-02
9.215898000000000145e-02
6.420285000000000575e-02
