1.390665299999999938e-01
4.702215799999999724e-01
4.408830699999999880e-01
4.033829899999999968e-01
3.160706200000000243e-01
2.881939399999999818e-01
2.333894499999999983e-01
1.469279199999999896e-01
7.255680000000000462e-02
8.374705999999999817e-02
9.648120000000000307e-02
9.716534000000000282e-02
1.144281600000000010e-01
1.655759800000000115e-01
2.148208199999999957e-01
1.988822500000000104e-01
1.702716900000000033e-01
1.859586199999999911e-01
1.485748899999999872e-01
1.083833899999999961e-01
9.811011999999999511e-02
9.246334000000000497e-02
7.750215000000000576e-02
6.978081999999999341e-02
7.408834000000000253e-02
8.883502000000000065e-02
8.318027000000000060e-02
8.149581000000000186e-02
8.309845000000000426e-02
7.554613000000000300e-02
7.790806999999999594e-02
8.132208999999999965e-02
7.842802000000000107e-02
7.114350999999999314e-02
7.380942000000000058e-02
8.023193000000000685e-02
7.725611000000000284e-02
8.219993999999999912e-02
7.735316000000000414e-02
7.168842000000000270e-02
7.439634999999999998e-02
7.406783000000000117e-02
9.791391000000000677e-02
9.128833999999999560e-02
9.427209999999999757e-02
8.207918999999999632e-02
8.933504000000000445e-02
9.563990999999999465e-02
8.716463000000000683e-02
7.555823999999999874e-02
7.090209000000000095e-02
6.901514000000000260e-02
7.238840000000000552e-02
7.896351999999999538e-02
7.866963999999999901e-02
7.537723000000000340e-02
7.615908999999999873e-02
7.817277000000000253e-02
7.887173000000000100e-02
7.609573999999999505e-02
8.388795999999999753e-02
8.274658999999999487e-02
7.579031999999999436e-02
6.523832999999999716e-02
