7.393888999999999323e-02
1.250486700000000007e-01
1.503138099999999922e-01
1.684629800000000122e-01
1.606930500000000039e-01
1.692597600000000091e-01
1.547821500000000072e-01
1.179883300000000024e-01
9.503999999999999948e-02
8.487785999999999942e-02
7.548986000000000585e-02
6.769983000000000251e-02
7.038888000000000089e-02
7.582442000000000348e-02
7.668112000000000539e-02
7.735145999999999689e-02
8.277281000000000222e-02
9.519598999999999422e-02
9.601062000000000485e-02
8.536132999999999915e-02
8.712190999999999685e-02
9.009950999999999377e-02
8.068743000000000443e-02
7.088532999999999640e-02
6.851361999999999730e-02
7.206060999999999717e-02
6.719105999999999690e-02
7.243313999999999309e-02
7.030388999999999389e-02
7.363295999999999730e-02
6.602043999999999968e-02
6.759999999999999343e-02
7.204678999999999944e-02
6.874589000000000394e-02
7.092094999999999649e-02
6.661838000000000481e-02
6.705613000000000545e-02
6.873540000000000205e-02
7.834473000000000131e-02
8.392196000000000378e-02
7.231962000000000113e-02
7.913021000000000638e-02
7.183227999999999835e-02
8.324236000000000135e-02
8.715422999999999920e-02
8.804597999999999591e-02
7.656796000000000435e-02
7.214473999999999887e-02
6.683580999999999550e-02
6.509721000000000257e-02
6.890928999999999804e-02
7.711047999999999514e-02
7.834823000000000481e-02
7.748591999999999980e-02
7.727238000000000162e-02
6.970703999999999789e-02
6.966108000000000022e-02
8.033316000000000068e-02
8.503426000000000040e-02
7.093879999999999630e-02
6.855870999999999493e-02
6.483501999999999321e-02
6.540289000000000519e-02
5.550569000000000336e-02
