1.504610799999999970e-01
3.527771800000000235e-01
3.282731799999999978e-01
2.753090000000000259e-01
2.121841200000000038e-01
1.872422800000000109e-01
1.529200800000000138e-01
1.082358300000000051e-01
7.545593000000000439e-02
7.988976999999999884e-02
8.490406000000000342e-02
8.447227999999999681e-02
9.325933000000000139e-02
1.175379800000000002e-01
1.584892699999999877e-01
1.600709100000000107e-01
1.500625499999999890e-01
1.499959700000000062e-01
1.160479299999999936e-01
9.785373999999999461e-02
8.911323000000000161e-02
8.829708999999999475e-02
7.937665000000000692e-02
6.944161000000000084e-02
7.651080000000000381e-02
8.288281999999999594e-02
8.032512999999999459e-02
7.416053999999999702e-02
7.214278999999999831e-02
7.057720000000000660e-02
7.522484999999999589e-02
7.692227999999999566e-02
7.503057000000000476e-02
7.149724999999999830e-02
7.295198999999999434e-02
7.575170999999999988e-02
7.415723999999999927e-02
7.751178000000000234e-02
7.530702000000000229e-02
7.187443000000000304e-02
7.194166999999999923e-02
7.170977000000000601e-02
9.194861000000000006e-02
8.375958999999999488e-02
9.154125000000000456e-02
7.371216999999999353e-02
8.592360999999999749e-02
9.592776000000000081e-02
8.748709999999999820e-02
7.893012000000000639e-02
7.259620999999999436e-02
6.835301000000000571e-02
7.074824999999999864e-02
8.224293000000000575e-02
7.721068000000000375e-02
7.540320000000000356e-02
7.485034000000000132e-02
7.130764000000000546e-02
7.573921000000000125e-02
7.413222999999999341e-02
7.633516999999999386e-02
7.775614000000000137e-02
7.216076999999999908e-02
6.146487999999999952e-02
