6.283208999999999322e-02
1.011108800000000002e-01
1.378528300000000095e-01
1.651536100000000062e-01
1.586992000000000125e-01
1.713029699999999989e-01
1.614714299999999991e-01
1.333512199999999925e-01
1.249929399999999968e-01
1.216266200000000047e-01
1.220629200000000053e-01
8.354282000000000374e-02
7.815613000000000421e-02
6.998967999999999856e-02
6.558448999999999529e-02
6.608666000000000540e-02
6.697007000000000654e-02
6.967589000000000421e-02
7.830009000000000274e-02
8.028815999999999731e-02
9.170810999999999547e-02
1.028250700000000045e-01
8.768861999999999490e-02
7.601218999999999337e-02
7.103587999999999569e-02
7.126743000000000661e-02
7.549741999999999564e-02
6.961634999999999351e-02
7.311892999999999865e-02
7.724651999999999907e-02
6.901511999999999925e-02
7.158802000000000221e-02
7.055686999999999376e-02
7.108557999999999544e-02
7.046375000000000555e-02
7.185350000000000070e-02
7.454908000000000368e-02
8.174937000000000176e-02
7.747072000000000680e-02
8.032071000000000349e-02
7.249506999999999479e-02
8.241010999999999476e-02
8.871083999999999914e-02
7.239041000000000226e-02
6.990166999999999908e-02
8.247714000000000434e-02
8.622950000000000059e-02
8.634316999999999687e-02
7.860633000000000203e-02
7.920649999999999913e-02
6.601640000000000286e-02
7.126833000000000473e-02
7.924599000000000226e-02
9.505597999999999825e-02
9.030285000000000395e-02
8.463175000000000558e-02
8.035312999999999484e-02
8.195478000000000485e-02
8.048842999999999970e-02
7.702312999999999521e-02
8.068825000000000303e-02
8.092504999999999837e-02
8.754375000000000351e-02
6.218296000000000240e-02
