5.169254999999999683e-02
6.573863000000000623e-02
6.951628999999999448e-02
6.960771999999999793e-02
8.847001999999999644e-02
9.052485999999999866e-02
7.093773999999999913e-02
6.731774999999999565e-02
6.426289000000000307e-02
6.599214999999999942e-02
9.828613999999999407e-02
7.058359999999999634e-02
6.863344000000000389e-02
7.194847000000000048e-02
8.551243999999999512e-02
1.016461800000000026e-01
9.730946999999999514e-02
1.128723400000000016e-01
7.702315999999999330e-02
6.786952999999999736e-02
6.674104999999999621e-02
7.435042000000000040e-02
9.840910999999999409e-02
1.083705600000000047e-01
9.044278999999999513e-02
8.776248000000000382e-02
9.025713000000000485e-02
1.152070800000000034e-01
9.867961999999999567e-02
8.254438999999999527e-02
7.167661000000000171e-02
6.921212000000000197e-02
1.248893400000000015e-01
1.722151799999999955e-01
2.158472399999999958e-01
2.474709599999999898e-01
2.623121999999999954e-01
2.911323299999999947e-01
2.778880000000000239e-01
2.276117099999999949e-01
1.359713200000000066e-01
8.570287999999999518e-02
7.673857000000000594e-02
7.511450999999999545e-02
7.532328000000000634e-02
8.380772999999999695e-02
9.059151000000000009e-02
1.037742900000000051e-01
8.610114000000000656e-02
1.385525900000000032e-01
1.475272300000000092e-01
1.356887099999999902e-01
1.256731700000000007e-01
1.041538000000000047e-01
8.856956000000000551e-02
8.286359999999999559e-02
7.470511999999999986e-02
8.130184999999999496e-02
6.796148999999999940e-02
7.487505999999999329e-02
8.998858999999999331e-02
8.866899999999999782e-02
1.128427000000000041e-01
5.959071999999999980e-02
