6.759892000000000678e-02
8.371910000000000462e-02
7.946702999999999406e-02
7.828429000000000637e-02
7.117679000000000367e-02
7.452309000000000017e-02
7.881644999999999623e-02
8.006599000000000355e-02
8.019526000000000432e-02
6.801008000000000053e-02
6.915536999999999379e-02
6.801337999999999828e-02
7.136257999999999491e-02
7.428527000000000047e-02
7.984818000000000471e-02
7.083863999999999439e-02
7.372699000000000613e-02
9.541884999999999950e-02
1.034571400000000030e-01
1.120106099999999966e-01
1.145566300000000065e-01
9.041195000000000481e-02
8.050682000000000671e-02
7.494675000000000642e-02
8.433606999999999909e-02
9.792779999999999541e-02
9.420262999999999554e-02
9.286734000000000655e-02
9.464208999999999816e-02
1.117670500000000067e-01
1.291091099999999992e-01
1.313619000000000037e-01
1.288303600000000049e-01
8.560062999999999700e-02
1.181354099999999963e-01
1.740417800000000070e-01
2.862835799999999820e-01
3.594740300000000000e-01
4.542151099999999775e-01
4.011003100000000154e-01
2.829683700000000246e-01
2.083366799999999963e-01
1.571435800000000049e-01
1.131780500000000023e-01
6.593511000000000510e-02
7.117163999999999435e-02
7.973313999999999402e-02
9.537872000000000017e-02
1.027780600000000044e-01
1.282743100000000025e-01
1.449365599999999921e-01
1.708565200000000117e-01
1.788366100000000070e-01
1.559502200000000005e-01
1.079910599999999998e-01
9.130169000000000479e-02
9.424388999999999683e-02
9.948297999999999863e-02
7.786856999999999807e-02
9.503593999999999931e-02
8.890061999999999964e-02
8.976763000000000103e-02
1.092541699999999977e-01
5.910354000000000302e-02
