6.304418000000000522e-02
9.532372999999999541e-02
1.055502499999999982e-01
1.006083700000000025e-01
1.190646000000000065e-01
1.612571899999999947e-01
1.286930300000000138e-01
1.198670599999999975e-01
1.116616500000000012e-01
7.032892000000000310e-02
7.600023000000000195e-02
1.072279700000000058e-01
1.887505399999999944e-01
2.760973899999999981e-01
3.585745100000000130e-01
3.749331799999999770e-01
4.195811999999999875e-01
3.797155300000000233e-01
2.698471800000000198e-01
1.802256600000000097e-01
1.522342100000000087e-01
9.972815999999999625e-02
7.222204999999999597e-02
7.143768999999999814e-02
8.030951000000000062e-02
8.547016000000000335e-02
1.159234900000000040e-01
1.318132700000000102e-01
1.348676199999999936e-01
1.759283500000000111e-01
1.644696700000000122e-01
1.062609300000000034e-01
9.814586000000000143e-02
7.788953999999999323e-02
8.201696999999999460e-02
1.001033100000000009e-01
8.936254000000000419e-02
7.083991000000000593e-02
7.330204999999999360e-02
7.583107000000000042e-02
8.140369000000000077e-02
7.445801999999999976e-02
6.883946999999999983e-02
6.856312999999999991e-02
7.057863000000000331e-02
7.439258999999999455e-02
7.386144000000000043e-02
7.978836000000000261e-02
7.789749999999999452e-02
9.165898999999999575e-02
9.915268000000000692e-02
8.135663999999999396e-02
7.118077000000000432e-02
7.032248000000000665e-02
7.090583000000000302e-02
7.671282000000000101e-02
8.183938000000000323e-02
7.950450000000000572e-02
8.165095999999999465e-02
7.913834999999999620e-02
6.595640999999999310e-02
6.894314999999999471e-02
7.014167000000000318e-02
5.925816999999999890e-02
