6.433054000000000550e-02
1.318387500000000045e-01
1.173851300000000042e-01
1.030964099999999994e-01
8.534350000000000269e-02
7.485459999999999336e-02
7.942842999999999432e-02
8.662243999999999500e-02
9.209090999999999805e-02
1.026554799999999934e-01
9.208449000000000495e-02
1.018035800000000046e-01
1.222666500000000045e-01
1.238087699999999985e-01
1.577519599999999966e-01
1.244254800000000050e-01
9.441961000000000104e-02
7.861859000000000208e-02
8.684608000000000605e-02
1.322087200000000018e-01
2.176533499999999954e-01
3.081434399999999907e-01
3.422028400000000081e-01
2.947202600000000117e-01
2.667637199999999820e-01
2.405238000000000098e-01
1.703370200000000056e-01
1.128370499999999943e-01
8.233754000000000073e-02
6.940322999999999631e-02
7.785343999999999598e-02
8.649144000000000276e-02
8.787010000000000653e-02
1.106672499999999948e-01
1.344866600000000079e-01
1.218295199999999967e-01
1.317473200000000011e-01
1.271333699999999955e-01
1.097789099999999934e-01
8.467945999999999807e-02
8.834714999999999929e-02
9.188923999999999703e-02
8.363895999999999831e-02
7.312217000000000022e-02
7.776094000000000062e-02
8.009019000000000554e-02
7.570764000000000660e-02
7.121827999999999492e-02
7.166015000000000579e-02
7.270957000000000114e-02
8.362503999999999771e-02
8.692474999999999508e-02
7.605267999999999751e-02
7.069369000000000347e-02
6.925668999999999575e-02
7.253838999999999426e-02
7.386864999999999404e-02
8.527495000000000214e-02
1.116293299999999988e-01
1.011563500000000060e-01
7.884671000000000041e-02
6.814604999999999968e-02
6.590197000000000416e-02
5.729747999999999786e-02
