5.550072999999999812e-02
6.877645000000000286e-02
7.692451999999999623e-02
7.215763000000000038e-02
6.897902000000000200e-02
7.153945999999999916e-02
6.473318999999999601e-02
7.161944000000000643e-02
7.333488999999999980e-02
8.084935999999999512e-02
7.777325999999999684e-02
7.138632999999999784e-02
6.539362999999999426e-02
6.846894000000000591e-02
6.955814000000000441e-02
7.628809999999999758e-02
9.199124999999999663e-02
7.798586999999999880e-02
7.255694000000000032e-02
8.096849999999999881e-02
9.875188000000000021e-02
9.570014999999999772e-02
8.048716999999999677e-02
7.549322999999999451e-02
6.944624000000000630e-02
7.975591999999999404e-02
1.100051900000000027e-01
1.406720899999999996e-01
1.943983099999999908e-01
2.020591300000000035e-01
1.689483800000000091e-01
1.737393299999999974e-01
1.581553199999999881e-01
1.243947599999999931e-01
1.054980499999999960e-01
8.094914000000000276e-02
7.550630999999999315e-02
7.185279999999999445e-02
7.025378999999999652e-02
7.316638999999999782e-02
8.136316000000000381e-02
9.217124000000000150e-02
9.117580000000000129e-02
9.754010000000000458e-02
1.133635699999999968e-01
8.782734999999999848e-02
7.967933000000000654e-02
7.270964000000000593e-02
7.511125000000000440e-02
7.250375000000000569e-02
7.566889000000000254e-02
8.101727000000000234e-02
7.076506000000000463e-02
7.778683000000000125e-02
7.171495999999999427e-02
7.889862999999999738e-02
7.441573999999999411e-02
7.234042999999999723e-02
7.100734000000000212e-02
7.347120999999999513e-02
8.734896999999999800e-02
7.452644999999999409e-02
7.222631999999999663e-02
5.862977999999999940e-02
