1.339137599999999928e-01
3.660988499999999757e-01
3.769417400000000251e-01
3.520666100000000021e-01
2.674980800000000269e-01
2.393065100000000001e-01
1.832328300000000132e-01
1.212356200000000023e-01
9.013598999999999917e-02
8.632737999999999523e-02
8.067992000000000219e-02
8.130914999999999671e-02
1.020385999999999932e-01
1.122845100000000040e-01
1.248698800000000025e-01
1.524236800000000058e-01
1.382877399999999923e-01
1.560713900000000043e-01
1.272918000000000105e-01
1.022701599999999988e-01
7.780500999999999390e-02
6.962952000000000030e-02
7.245801000000000325e-02
7.496049000000000462e-02
7.893967000000000345e-02
8.320816000000000323e-02
7.054483999999999755e-02
7.175082000000000682e-02
7.156803999999999943e-02
7.257842000000000460e-02
7.338978000000000168e-02
7.571891999999999512e-02
7.392629000000000561e-02
6.843902999999999792e-02
7.062292000000000569e-02
6.946310999999999458e-02
7.148529000000000688e-02
7.637315000000000076e-02
7.641401999999999917e-02
7.327496000000000009e-02
6.672231000000000689e-02
7.184213000000000404e-02
8.370703000000000171e-02
8.420337999999999434e-02
8.687622999999999873e-02
7.012171000000000376e-02
6.887899000000000105e-02
7.408655999999999575e-02
7.735965000000000202e-02
7.433555000000000024e-02
7.374785000000000368e-02
7.114257999999999693e-02
6.892363999999999435e-02
6.984999000000000069e-02
7.219153999999999849e-02
7.351286999999999405e-02
7.467882000000000686e-02
7.449583999999999373e-02
7.391767999999999950e-02
6.994885000000000685e-02
7.287670000000000259e-02
7.729492000000000307e-02
7.195105000000000250e-02
5.985863000000000295e-02
