5.211568999999999924e-02
6.843910000000000271e-02
6.861664000000000652e-02
6.581808000000000103e-02
6.764857999999999982e-02
7.211294999999999511e-02
7.133979999999999488e-02
6.944636999999999338e-02
6.863014000000000614e-02
6.786277000000000281e-02
6.532875000000000487e-02
6.479242000000000334e-02
6.725707999999999687e-02
6.720502000000000420e-02
6.811841999999999897e-02
6.662961000000000578e-02
6.757834999999999537e-02
7.108369999999999966e-02
7.483217000000000341e-02
7.575909999999999589e-02
7.670562999999999687e-02
7.329778000000000682e-02
6.941084000000000143e-02
6.751741999999999466e-02
7.375091000000000285e-02
7.886584000000000649e-02
7.677367000000000219e-02
7.390083000000000069e-02
7.408805999999999725e-02
8.030165999999999693e-02
8.263186000000000142e-02
8.242339999999999389e-02
8.370903999999999845e-02
7.668734000000000661e-02
7.919916999999999929e-02
9.926345999999999781e-02
1.343955400000000078e-01
1.631170200000000015e-01
1.770405499999999910e-01
1.416467100000000090e-01
1.343306200000000117e-01
1.119894899999999971e-01
8.063138000000000249e-02
7.938149999999999373e-02
6.430650999999999728e-02
6.952461999999999531e-02
7.134749999999999426e-02
6.963468000000000435e-02
7.214014000000000537e-02
8.180263000000000118e-02
8.432272000000000378e-02
9.854282999999999793e-02
9.544919000000000320e-02
9.477766999999999442e-02
9.208908999999999845e-02
7.505093000000000181e-02
7.408202999999999316e-02
7.183417999999999748e-02
6.778154999999999597e-02
7.902277000000000606e-02
6.793393000000000348e-02
7.276066999999999951e-02
7.199353999999999476e-02
5.474665000000000087e-02
