5.656039000000000205e-02
7.347700999999999538e-02
7.321645999999999710e-02
6.956563999999999803e-02
7.028299999999999825e-02
7.445493000000000250e-02
8.087656000000000012e-02
9.005831999999999726e-02
9.500272999999999357e-02
8.874632999999999827e-02
8.176042999999999505e-02
7.404363999999999391e-02
7.019524000000000596e-02
6.921813999999999745e-02
8.046380999999999672e-02
9.335918999999999468e-02
8.077873000000000692e-02
7.345416000000000445e-02
6.678770000000000540e-02
8.109512000000000664e-02
7.571632000000000362e-02
9.089866000000000612e-02
1.116869699999999965e-01
7.115335999999999883e-02
7.548216000000000647e-02
8.796550000000000202e-02
9.134501000000000426e-02
7.783966999999999969e-02
7.008854000000000473e-02
6.520916999999999686e-02
7.265870000000000661e-02
6.748988999999999683e-02
6.871394999999999587e-02
8.976064999999999738e-02
7.876508000000000120e-02
7.192632999999999666e-02
8.040695000000000481e-02
9.532427000000000261e-02
8.060920000000000585e-02
6.731339999999999546e-02
7.139031999999999323e-02
7.726618999999999848e-02
8.103235999999999772e-02
8.540686999999999585e-02
8.390910999999999509e-02
8.091183999999999876e-02
8.560146000000000421e-02
1.068373799999999957e-01
9.153255000000000419e-02
9.894495000000000373e-02
7.595506000000000479e-02
7.803612999999999522e-02
8.328085999999999822e-02
1.228408500000000014e-01
1.643748999999999905e-01
1.871233399999999991e-01
2.375621800000000117e-01
2.566941099999999754e-01
3.020100299999999849e-01
2.971359800000000218e-01
2.195505100000000043e-01
2.092189600000000094e-01
1.454417400000000138e-01
5.687592999999999815e-02
