5.364478999999999775e-02
6.856067999999999885e-02
7.631825999999999888e-02
7.911756999999999818e-02
8.088496000000000574e-02
8.625671000000000033e-02
7.170877999999999974e-02
6.502086999999999450e-02
6.704483999999999444e-02
6.791830999999999563e-02
7.849485999999999963e-02
8.004682000000000464e-02
7.672632999999999537e-02
8.098611000000000004e-02
7.654930999999999541e-02
8.481310000000000238e-02
9.302069000000000309e-02
7.093220999999999554e-02
6.703203000000000633e-02
7.033540000000000625e-02
6.893931999999999838e-02
7.205807000000000184e-02
7.410690999999999806e-02
6.843588999999999922e-02
7.361665000000000569e-02
8.135075999999999419e-02
8.496681999999999846e-02
9.834983999999999393e-02
9.531304000000000165e-02
8.632296999999999887e-02
7.308842000000000116e-02
7.498301999999999745e-02
8.190513000000000654e-02
8.947950999999999822e-02
1.043375899999999940e-01
1.173887599999999948e-01
1.168839299999999970e-01
1.121607300000000002e-01
1.223260800000000037e-01
1.118003600000000014e-01
8.932302000000000297e-02
7.631177000000000099e-02
9.460949000000000442e-02
1.317115100000000039e-01
1.638459600000000127e-01
2.117561299999999869e-01
2.260902200000000084e-01
2.116759000000000002e-01
2.079531599999999980e-01
1.804004200000000058e-01
1.697801600000000133e-01
1.492956300000000125e-01
9.725367000000000040e-02
9.025834000000000634e-02
6.995381000000000515e-02
6.988726000000000660e-02
8.027183000000000235e-02
7.764211000000000029e-02
7.738043000000000005e-02
9.422838000000000047e-02
1.106334300000000048e-01
1.039552700000000024e-01
8.118142999999999887e-02
6.479124999999999468e-02
