5.254924999999999874e-02
8.098239000000000132e-02
7.315025999999999473e-02
7.642472999999999628e-02
6.753523000000000165e-02
7.104697999999999569e-02
6.699423999999999657e-02
6.747517999999999572e-02
7.088943999999999801e-02
7.009604999999999309e-02
7.538673999999999376e-02
7.042342999999999520e-02
7.788473999999999398e-02
9.219415000000000249e-02
9.727449999999999986e-02
8.995287000000000421e-02
7.324775000000000036e-02
6.907304999999999695e-02
7.182982000000000256e-02
7.716106000000000353e-02
7.762908999999999782e-02
8.072546999999999362e-02
8.600644000000000344e-02
8.153014999999999568e-02
8.170154999999999779e-02
8.850995000000000390e-02
1.022008999999999973e-01
1.078151499999999985e-01
7.499524000000000468e-02
7.671601000000000115e-02
9.039447000000000454e-02
1.131846900000000045e-01
1.653933399999999998e-01
1.997625700000000004e-01
1.787624399999999947e-01
1.965854800000000069e-01
1.837419600000000097e-01
1.348458999999999908e-01
1.065262700000000062e-01
8.050491999999999371e-02
6.819103999999999444e-02
6.939386999999999639e-02
6.954156999999999700e-02
6.764104999999999424e-02
7.310946000000000111e-02
7.345480000000000065e-02
8.791367999999999405e-02
8.306727999999999335e-02
7.535078000000000609e-02
7.608710000000000473e-02
6.973471000000000530e-02
6.903402999999999623e-02
6.565535000000000121e-02
7.077350999999999781e-02
7.912576999999999805e-02
7.584269000000000427e-02
7.523918999999999746e-02
8.153014999999999568e-02
9.011943999999999511e-02
7.374927000000000565e-02
7.620810000000000084e-02
7.205251999999999490e-02
7.243003000000000635e-02
5.498473000000000249e-02
