1.922248900000000094e-01
5.862677699999999659e-01
5.541836599999999668e-01
5.148751099999999692e-01
4.314376400000000111e-01
4.055596300000000043e-01
3.136450900000000153e-01
1.515583400000000136e-01
7.678669999999999940e-02
8.547087999999999908e-02
9.792457999999999718e-02
1.069184799999999963e-01
1.500693300000000008e-01
2.026310699999999965e-01
2.579759999999999831e-01
2.416021700000000050e-01
1.987294599999999967e-01
1.808234300000000072e-01
1.253400699999999979e-01
9.948785999999999741e-02
8.247909999999999964e-02
8.189697999999999423e-02
7.601655000000000217e-02
6.935054999999999692e-02
7.600360999999999922e-02
8.139572999999999947e-02
7.968885000000000551e-02
7.548742999999999426e-02
7.556206000000000034e-02
7.142168000000000128e-02
7.308815000000000450e-02
7.745952000000000393e-02
7.130601000000000300e-02
6.986021000000000591e-02
7.164251000000000646e-02
7.687642999999999560e-02
7.815539000000000514e-02
7.958020000000000371e-02
6.977519000000000082e-02
6.713463999999999543e-02
6.554989999999999428e-02
7.263844999999999330e-02
8.221628999999999743e-02
7.426151000000000280e-02
7.624274000000000329e-02
7.100642999999999538e-02
7.001314000000000148e-02
7.190124999999999988e-02
6.811140000000000250e-02
6.556449999999999778e-02
6.672432000000000363e-02
6.522063000000000166e-02
6.532664000000000526e-02
7.062282999999999755e-02
6.817902000000000684e-02
7.034463000000000521e-02
7.018340000000000689e-02
6.573183000000000498e-02
6.816540999999999573e-02
6.621643000000000667e-02
6.733732000000000606e-02
6.990478999999999443e-02
6.785961000000000076e-02
5.445167000000000063e-02
