5.073636000000000118e-02
7.194968999999999670e-02
7.121972999999999498e-02
8.337893000000000387e-02
8.475222000000000311e-02
8.473013000000000072e-02
8.758385000000000475e-02
7.522025999999999712e-02
7.377678000000000014e-02
6.721947000000000338e-02
7.808511999999999398e-02
8.262416000000000205e-02
7.631200999999999957e-02
7.823056999999999928e-02
7.307814999999999450e-02
7.367226999999999804e-02
8.025005000000000333e-02
8.201202999999999965e-02
8.067673999999999679e-02
7.932044000000000594e-02
7.087838999999999945e-02
7.825042000000000109e-02
8.254904000000000408e-02
8.421823000000000503e-02
7.620670999999999695e-02
7.820312000000000097e-02
7.729790999999999745e-02
8.217001000000000166e-02
9.636975000000000402e-02
7.102872000000000352e-02
7.632896000000000125e-02
8.901201000000000252e-02
8.472034999999999982e-02
1.128260900000000039e-01
1.073571499999999984e-01
9.626084000000000029e-02
8.280595000000000316e-02
1.016670400000000002e-01
1.377772499999999900e-01
1.016707099999999975e-01
1.019428099999999948e-01
1.160189600000000043e-01
1.258866899999999955e-01
1.897768499999999969e-01
1.761982300000000112e-01
1.028973100000000057e-01
7.929606999999999628e-02
8.173160000000000147e-02
1.155120300000000017e-01
2.199501199999999990e-01
3.204401399999999844e-01
3.375810699999999831e-01
3.913347699999999985e-01
4.031077000000000132e-01
3.929851100000000264e-01
3.139564699999999875e-01
2.881531999999999982e-01
2.053940300000000052e-01
1.518552599999999919e-01
1.239727800000000046e-01
9.206092999999999915e-02
7.931037999999999977e-02
8.030099000000000264e-02
5.847868999999999984e-02
