5.186591000000000118e-02
7.405480999999999869e-02
8.615667000000000464e-02
9.914104999999999446e-02
1.048381699999999944e-01
8.375878000000000489e-02
7.532038000000000622e-02
6.824982000000000271e-02
6.906439999999999801e-02
8.960102999999999818e-02
1.139966500000000049e-01
8.041800000000000337e-02
7.577586000000000044e-02
9.047044999999999393e-02
1.036492799999999964e-01
1.214423500000000045e-01
1.092742800000000014e-01
1.159319800000000039e-01
7.982301999999999453e-02
7.525793000000000066e-02
7.751397999999999622e-02
7.470424000000000508e-02
9.885924999999999574e-02
9.794442000000000426e-02
8.500054999999999417e-02
1.000106300000000031e-01
1.366729600000000100e-01
1.660997300000000010e-01
1.203502699999999953e-01
8.266584999999999905e-02
9.511073000000000444e-02
1.335200500000000012e-01
2.192308500000000049e-01
2.682234299999999849e-01
2.319023000000000057e-01
2.662571400000000033e-01
2.609090499999999757e-01
2.232246499999999967e-01
1.593532099999999951e-01
8.051413000000000320e-02
8.419427999999999634e-02
8.926064999999999694e-02
7.467422999999999422e-02
7.401986000000000676e-02
8.299180999999999919e-02
9.104653000000000052e-02
1.441472199999999926e-01
1.520750800000000014e-01
1.240879000000000010e-01
1.306287799999999999e-01
1.101654299999999947e-01
1.065425100000000069e-01
7.570329000000000641e-02
7.229992000000000363e-02
1.047917299999999996e-01
1.016972700000000063e-01
9.952494000000000618e-02
1.175962799999999975e-01
1.092858699999999933e-01
8.722140999999999922e-02
8.747829000000000021e-02
1.002164700000000019e-01
9.158914999999999418e-02
5.959368999999999778e-02
