5.545001000000000096e-02
7.711423000000000583e-02
6.975269000000000608e-02
6.989797000000000371e-02
6.855327999999999422e-02
6.908467000000000080e-02
6.663776000000000421e-02
7.116835999999999995e-02
7.086000000000000631e-02
6.979926999999999659e-02
7.036631000000000136e-02
6.683013999999999621e-02
6.752613000000000365e-02
7.000059999999999616e-02
7.180783999999999778e-02
7.127192999999999723e-02
6.958106000000000013e-02
7.239442999999999573e-02
7.963104000000000016e-02
8.633132999999999779e-02
9.756797000000000386e-02
8.434461000000000042e-02
7.903208000000000455e-02
7.016983000000000248e-02
8.080793000000000004e-02
8.649434999999999762e-02
8.825030000000000374e-02
9.290128000000000275e-02
9.681341999999999726e-02
1.056083399999999950e-01
1.026625300000000018e-01
9.823366000000000042e-02
1.024381099999999989e-01
8.829997000000000540e-02
8.571885999999999395e-02
9.913740999999999526e-02
1.359297800000000001e-01
1.905386699999999933e-01
3.037623500000000143e-01
2.376300500000000093e-01
1.893743099999999902e-01
1.463122500000000048e-01
1.133563699999999980e-01
9.425738000000000172e-02
6.975423999999999514e-02
6.882438000000000444e-02
6.962975000000000414e-02
6.781889000000000667e-02
6.826264999999999417e-02
8.132169999999999677e-02
8.156921999999999784e-02
9.134230000000000127e-02
1.028879999999999934e-01
9.317814000000000652e-02
9.055103000000000457e-02
8.601781999999999484e-02
7.264574000000000031e-02
6.817679000000000100e-02
7.152854999999999630e-02
7.123570999999999376e-02
6.601129000000000024e-02
7.114041000000000115e-02
7.345572000000000212e-02
5.431344999999999923e-02
