5.619774999999999771e-02
7.729413000000000256e-02
6.745508000000000060e-02
6.722999000000000336e-02
7.579685999999999368e-02
8.571626999999999719e-02
7.269277000000000377e-02
7.031321999999999572e-02
7.165228999999999349e-02
7.463667999999999692e-02
7.907290000000000152e-02
1.022135200000000022e-01
1.104795900000000025e-01
1.135082300000000016e-01
1.023398499999999961e-01
7.941375999999999991e-02
7.475916999999999979e-02
8.240397000000000693e-02
9.308520000000000683e-02
8.661251999999999840e-02
9.289192000000000282e-02
9.753515999999999575e-02
1.084374599999999994e-01
1.157058799999999971e-01
1.122648200000000013e-01
8.911399999999999877e-02
7.459105000000000596e-02
9.589246999999999355e-02
1.602380099999999863e-01
2.627909500000000231e-01
3.198783099999999990e-01
3.324025899999999978e-01
3.520047700000000224e-01
3.409850899999999907e-01
2.332436300000000073e-01
1.668373200000000112e-01
1.270708100000000063e-01
8.405596999999999375e-02
8.495838999999999475e-02
9.153155000000000319e-02
8.926378999999999564e-02
8.415437000000000611e-02
1.210667299999999974e-01
1.511126799999999992e-01
1.575162400000000018e-01
1.225865099999999958e-01
9.027875999999999956e-02
9.785963999999999774e-02
9.020704000000000222e-02
7.014339999999999464e-02
7.726972000000000007e-02
7.989385999999999710e-02
8.719696999999999865e-02
8.682816999999999619e-02
8.389224000000000681e-02
8.071578999999999560e-02
9.183413999999999466e-02
8.992624000000000450e-02
7.978825000000000500e-02
8.801372000000000362e-02
8.999769000000000518e-02
8.881181999999999965e-02
8.967732999999999954e-02
5.761722999999999845e-02
