5.422210000000000224e-02
7.677475000000000271e-02
7.535092000000000179e-02
8.214523999999999437e-02
8.239470000000000127e-02
8.267257000000000078e-02
7.385210999999999859e-02
6.722817999999999850e-02
6.674720000000000653e-02
7.439759999999999429e-02
8.213516999999999346e-02
7.658855999999999997e-02
7.102720999999999341e-02
6.967953000000000341e-02
7.078370000000000495e-02
7.104343000000000463e-02
8.020623000000000336e-02
7.821909000000000500e-02
7.384483999999999493e-02
6.920091000000000436e-02
6.909849999999999326e-02
7.009476000000000595e-02
7.456028000000000655e-02
7.175948999999999522e-02
6.645613000000000214e-02
6.995334999999999748e-02
6.968071000000000681e-02
7.672239999999999616e-02
7.555522000000000626e-02
6.584518999999999789e-02
6.839188999999999685e-02
7.647677999999999421e-02
8.207340999999999942e-02
7.812657000000000629e-02
7.461895999999999807e-02
7.441219999999999779e-02
6.954338000000000186e-02
7.481435000000000168e-02
8.099908000000000108e-02
7.171568999999999861e-02
6.884679999999999966e-02
7.197813999999999601e-02
8.156610000000000249e-02
8.797771000000000063e-02
8.324151000000000467e-02
7.510166999999999538e-02
7.400566000000000089e-02
7.031231999999999760e-02
7.270630999999999622e-02
8.717959999999999599e-02
1.309936800000000012e-01
1.177327199999999990e-01
1.566460399999999864e-01
1.696021299999999898e-01
2.014516000000000084e-01
1.671802099999999958e-01
1.390489000000000031e-01
1.241006399999999982e-01
1.108303499999999941e-01
9.902031000000000027e-02
7.662583000000000588e-02
7.175642000000000131e-02
6.892220999999999764e-02
5.495367999999999781e-02
