5.878603000000000300e-02
9.156923999999999619e-02
8.324152999999999414e-02
6.868707000000000285e-02
7.269699999999999773e-02
8.737237000000000475e-02
8.406342999999999455e-02
7.933147000000000115e-02
7.347808999999999591e-02
6.837506000000000139e-02
6.804730000000000500e-02
6.924494999999999956e-02
7.633629000000000109e-02
7.749200000000000532e-02
8.175625000000000253e-02
6.917708000000000190e-02
7.046634999999999704e-02
7.208876000000000173e-02
8.441141000000000616e-02
8.103319999999999967e-02
8.257172999999999596e-02
7.553421999999999914e-02
7.564142000000000088e-02
1.063266300000000053e-01
1.048813299999999948e-01
1.002867699999999973e-01
9.222255999999999510e-02
7.657885999999999860e-02
7.841737000000000013e-02
8.099272000000000415e-02
8.996493999999999325e-02
1.323728999999999878e-01
1.606864000000000070e-01
1.349920500000000023e-01
1.367100599999999944e-01
1.317300600000000099e-01
1.073018599999999989e-01
9.431739999999999569e-02
1.072641099999999958e-01
1.497746000000000077e-01
2.498379199999999911e-01
3.807487199999999850e-01
4.143550100000000236e-01
4.381355900000000192e-01
4.531806400000000234e-01
3.871925800000000084e-01
2.741396099999999780e-01
2.565745400000000176e-01
1.699785099999999993e-01
9.026671000000000000e-02
7.730351000000000583e-02
7.068589000000000122e-02
8.455261000000000027e-02
1.208840800000000049e-01
1.858766799999999886e-01
1.899526099999999940e-01
1.826492100000000063e-01
1.729359900000000116e-01
1.477096099999999912e-01
1.910853399999999924e-01
1.539291000000000131e-01
1.116452099999999947e-01
7.678917000000000381e-02
5.937009000000000036e-02
