5.876192000000000221e-02
6.975246000000000224e-02
6.640071000000000168e-02
6.609988999999999448e-02
6.523315999999999837e-02
6.868027999999999633e-02
6.707130000000000036e-02
6.573874999999999857e-02
6.619819999999999871e-02
6.297245999999999400e-02
7.033182999999999796e-02
7.162583999999999618e-02
7.976547999999999972e-02
8.756579999999999919e-02
9.114516999999999758e-02
9.024977000000000693e-02
6.547838000000000269e-02
6.456370999999999638e-02
7.637921000000000293e-02
8.689716000000000107e-02
8.603956999999999578e-02
7.564142999999999561e-02
8.772620999999999891e-02
8.257211000000000412e-02
8.518146999999999525e-02
9.392364999999999742e-02
9.389411999999999758e-02
7.872271000000000130e-02
7.132613999999999621e-02
7.476573000000000246e-02
1.183913199999999943e-01
1.669075799999999998e-01
1.673989700000000080e-01
2.134189200000000119e-01
1.675861800000000013e-01
1.496808699999999936e-01
1.295206399999999924e-01
1.102054600000000051e-01
8.856761000000000494e-02
8.387215000000000642e-02
6.780606999999999607e-02
7.001999000000000417e-02
7.949797000000000113e-02
8.065355999999999914e-02
8.427895999999999999e-02
1.019279500000000033e-01
1.258169000000000093e-01
1.416465000000000085e-01
1.026935999999999960e-01
9.563088999999999618e-02
9.611872999999999945e-02
9.296203999999999579e-02
7.841583000000000581e-02
7.770892000000000077e-02
8.288932999999999718e-02
8.821257999999999877e-02
8.894970000000000654e-02
1.059045200000000020e-01
1.024356899999999959e-01
9.064366000000000090e-02
7.603592000000000684e-02
7.501204000000000205e-02
6.478543999999999969e-02
5.670437999999999867e-02
