5.413514999999999994e-02
8.904441000000000439e-02
7.666383000000000225e-02
6.920682000000000222e-02
7.706445000000000656e-02
8.768083999999999600e-02
7.722890000000000310e-02
7.423644999999999550e-02
7.077761000000000469e-02
6.777861999999999776e-02
6.674657999999999980e-02
6.977065000000000350e-02
7.385463999999999918e-02
7.514914000000000316e-02
7.692000000000000226e-02
6.683472000000000024e-02
6.760244999999999449e-02
7.102880999999999778e-02
7.771809999999999830e-02
7.327179999999999804e-02
7.982042999999999777e-02
8.086904999999999788e-02
9.079658999999999647e-02
1.181251299999999949e-01
1.066300899999999968e-01
9.719371999999999734e-02
8.655472999999999639e-02
7.748620999999999981e-02
7.667193999999999399e-02
8.503731999999999958e-02
9.982364999999999988e-02
1.159242099999999998e-01
1.243962400000000051e-01
1.042358399999999963e-01
1.116978200000000032e-01
1.306815600000000022e-01
1.140216800000000003e-01
9.423201999999999967e-02
9.318732999999999878e-02
1.650356199999999940e-01
2.337817500000000104e-01
3.659181899999999765e-01
4.418158799999999942e-01
4.448806299999999991e-01
4.387308999999999792e-01
3.636192999999999786e-01
2.789126900000000187e-01
2.231913199999999986e-01
1.409762800000000094e-01
9.529893999999999865e-02
8.558675000000000310e-02
7.485762999999999445e-02
8.240482000000000362e-02
1.069767100000000026e-01
1.491628399999999910e-01
2.033510799999999896e-01
1.850572699999999959e-01
1.430607399999999918e-01
1.384178299999999917e-01
1.519234499999999877e-01
1.215225300000000036e-01
9.394835999999999465e-02
8.340538999999999592e-02
5.923165999999999848e-02
