5.519547000000000342e-02
7.112042999999999837e-02
7.150462999999999958e-02
7.964227999999999585e-02
8.209726000000000523e-02
8.472496000000000194e-02
8.596668999999999838e-02
7.633299000000000334e-02
7.125056999999999918e-02
7.467677999999999816e-02
7.754266999999999410e-02
7.550838999999999468e-02
7.383992999999999807e-02
7.773541999999999952e-02
7.233570999999999751e-02
7.029994000000000520e-02
7.610466000000000453e-02
8.722499000000000224e-02
8.156386000000000192e-02
7.893242999999999787e-02
7.341577999999999993e-02
7.687022999999999773e-02
9.195780000000000620e-02
8.433000999999999692e-02
7.459314999999999696e-02
8.585916999999999855e-02
7.882466000000000472e-02
9.071930000000000271e-02
8.640124000000000415e-02
7.578110999999999875e-02
7.391069999999999585e-02
9.262687999999999477e-02
9.336068999999999618e-02
8.697952000000000461e-02
1.105584700000000059e-01
1.009262900000000018e-01
8.047662999999999345e-02
7.707232999999999445e-02
8.843040000000000622e-02
1.023445000000000049e-01
8.964476000000000389e-02
1.006577599999999989e-01
1.394177100000000002e-01
1.972889899999999974e-01
1.689014299999999913e-01
1.014709699999999937e-01
9.961902999999999730e-02
1.120956300000000017e-01
1.269274400000000025e-01
2.227846500000000007e-01
2.779819099999999987e-01
2.745157200000000186e-01
3.264432500000000181e-01
4.160068599999999783e-01
4.478807399999999994e-01
3.860653299999999843e-01
3.321167800000000003e-01
3.154413999999999829e-01
2.031522699999999959e-01
1.388040500000000121e-01
1.014648199999999972e-01
9.087270000000000070e-02
7.589949999999999475e-02
6.351099999999999801e-02
