5.554864999999999803e-02
7.461631999999999987e-02
6.969071000000000293e-02
7.102798000000000445e-02
7.280532000000000670e-02
8.839988000000000012e-02
7.298396999999999524e-02
7.104850999999999528e-02
6.886385000000000423e-02
8.218097000000000596e-02
8.208218999999999932e-02
1.068725199999999986e-01
1.135597500000000010e-01
1.126443500000000042e-01
1.025353100000000045e-01
7.866022999999999765e-02
8.256718999999999864e-02
8.248110000000000164e-02
9.308676999999999924e-02
8.759651000000000243e-02
8.964904999999999402e-02
1.055634099999999964e-01
1.183461900000000039e-01
1.273118900000000109e-01
1.124868599999999941e-01
9.351898000000000155e-02
7.514961000000000557e-02
9.608305999999999791e-02
1.692698599999999942e-01
2.619266199999999989e-01
3.050577600000000111e-01
3.671314099999999914e-01
3.686305599999999960e-01
3.563472599999999990e-01
2.349306600000000134e-01
1.685778800000000133e-01
1.297947499999999865e-01
7.457494000000000622e-02
7.810604999999999631e-02
8.277463000000000182e-02
9.229901000000000078e-02
1.100524400000000014e-01
1.359950799999999904e-01
1.415967599999999882e-01
1.444576099999999863e-01
1.274815599999999938e-01
9.848057999999999812e-02
8.959923999999999666e-02
8.666081999999999952e-02
6.990757999999999694e-02
8.396763000000000143e-02
7.505546999999999913e-02
8.760229999999999406e-02
8.457087000000000632e-02
8.506183000000000494e-02
7.636518999999999946e-02
9.254558000000000229e-02
7.896066999999999669e-02
8.006718000000000168e-02
8.419377000000000111e-02
9.213261999999999841e-02
7.495820999999999734e-02
8.076270000000000671e-02
5.894225000000000159e-02
