5.298589000000000077e-02
8.551791999999999727e-02
1.013437400000000016e-01
1.086850500000000053e-01
1.281002800000000108e-01
1.566965999999999914e-01
1.591288899999999951e-01
1.078343400000000007e-01
9.514525999999999539e-02
6.827737000000000389e-02
6.759785000000000099e-02
1.247488399999999997e-01
2.288734299999999888e-01
2.529076000000000102e-01
2.816263999999999990e-01
3.562557700000000271e-01
3.881283700000000003e-01
3.078470799999999952e-01
2.682991599999999810e-01
1.658692700000000131e-01
1.154454200000000069e-01
8.938617000000000090e-02
6.955886999999999487e-02
7.394939000000000373e-02
8.199235000000000551e-02
8.591767999999999628e-02
1.112329700000000005e-01
1.423606699999999947e-01
1.309972899999999885e-01
1.535057400000000016e-01
1.440632799999999880e-01
1.019649400000000039e-01
9.072623000000000493e-02
7.814158000000000215e-02
7.856915999999999900e-02
9.895362000000000602e-02
8.930510999999999311e-02
7.303656999999999511e-02
7.174057999999999824e-02
7.897245999999999433e-02
8.281141999999999670e-02
7.526773999999999964e-02
6.854119999999999657e-02
6.738259000000000609e-02
6.762978999999999519e-02
7.249556000000000056e-02
6.904148000000000229e-02
7.208087000000000522e-02
6.913091000000000375e-02
8.429631999999999403e-02
8.783744000000000274e-02
8.199090000000000544e-02
7.650020999999999904e-02
7.088655000000000650e-02
6.910458999999999352e-02
7.098875999999999797e-02
7.275716999999999601e-02
7.637517000000000611e-02
8.144337000000000104e-02
7.706876999999999478e-02
6.672856000000000620e-02
7.005274000000000223e-02
6.869596999999999509e-02
6.051542000000000032e-02
