5.085421999999999859e-02
7.000652000000000263e-02
6.473228000000000315e-02
6.278227999999999587e-02
6.495436000000000265e-02
6.756566999999999434e-02
6.503340999999999983e-02
6.442317000000000182e-02
6.716631000000000684e-02
6.430247999999999520e-02
6.617435000000000678e-02
6.492910000000000348e-02
6.854557000000000011e-02
7.408470999999999806e-02
7.050935999999999315e-02
6.692645999999999318e-02
6.529406000000000099e-02
6.465700000000000613e-02
6.584126999999999341e-02
6.909021999999999386e-02
6.593477999999999839e-02
6.679079999999999739e-02
6.644817999999999558e-02
6.933026999999999940e-02
7.419762000000000579e-02
7.478714000000000195e-02
6.914299999999999613e-02
7.200921000000000405e-02
7.135689000000000615e-02
8.104802999999999313e-02
7.494721000000000022e-02
6.470969999999999500e-02
6.702389999999999737e-02
6.812477000000000116e-02
6.663956000000000046e-02
7.352546999999999555e-02
7.642264000000000002e-02
7.472692000000000223e-02
7.806082999999999772e-02
8.005552999999999975e-02
8.826025999999999316e-02
8.464823999999999959e-02
7.323480999999999741e-02
6.785346999999999906e-02
7.322607999999999895e-02
9.820149999999999713e-02
1.239489899999999950e-01
1.503212300000000001e-01
1.742280400000000007e-01
1.716158700000000037e-01
1.744117699999999938e-01
1.798303900000000066e-01
1.410075299999999920e-01
1.298944999999999961e-01
9.398533000000000581e-02
7.469681999999999711e-02
6.931173999999999669e-02
6.640414999999999512e-02
6.751709999999999656e-02
6.916471999999999898e-02
7.378329000000000137e-02
7.369578999999999713e-02
8.006665999999999783e-02
5.524753999999999776e-02
