5.584654000000000007e-02
6.818916999999999340e-02
6.735215999999999426e-02
6.558709000000000067e-02
6.702697000000000516e-02
6.961354999999999627e-02
6.848993000000000442e-02
7.444243999999999861e-02
7.861342000000000330e-02
7.935005000000000530e-02
7.458567000000000669e-02
6.903011000000000563e-02
6.738249000000000322e-02
6.912319000000000102e-02
7.275455999999999590e-02
8.526680999999999844e-02
7.997980000000000367e-02
7.211333999999999800e-02
6.434143000000000501e-02
6.661989999999999579e-02
6.840113999999999916e-02
8.222691999999999501e-02
8.660260000000000180e-02
7.018894999999999995e-02
6.726295999999999664e-02
7.770646999999999971e-02
8.387962000000000196e-02
8.223785000000000123e-02
7.621601999999999544e-02
6.711267999999999401e-02
6.948208999999999635e-02
7.196395999999999349e-02
7.499640999999999946e-02
8.299612000000000656e-02
7.955334999999999490e-02
8.325596000000000385e-02
8.172632000000000507e-02
9.983796999999999811e-02
8.241656999999999456e-02
7.202045999999999448e-02
7.136333999999999733e-02
8.012930000000000053e-02
9.227530999999999928e-02
9.756612000000000617e-02
1.023912099999999964e-01
1.009955800000000015e-01
1.329509600000000069e-01
1.657977599999999885e-01
1.331021300000000129e-01
1.140660099999999955e-01
8.379686999999999553e-02
8.496845999999999566e-02
9.154782999999999671e-02
1.218588099999999980e-01
2.580532999999999855e-01
3.007385399999999986e-01
3.565399300000000049e-01
3.702710599999999852e-01
4.041304299999999849e-01
3.847120700000000171e-01
3.188646099999999928e-01
2.825018499999999988e-01
1.722838399999999937e-01
6.112652999999999837e-02
