5.613856999999999875e-02
6.567605999999999444e-02
7.150036999999999365e-02
8.302128999999999759e-02
8.972565999999999875e-02
8.483942999999999346e-02
8.028027000000000080e-02
7.100774999999999448e-02
6.570847000000000493e-02
7.575790000000000302e-02
9.761904000000000414e-02
7.799436999999999343e-02
7.636961000000000443e-02
8.426580000000000181e-02
7.686331000000000413e-02
9.198449999999999682e-02
8.341440999999999439e-02
1.047668400000000000e-01
7.887611999999999401e-02
7.383758999999999462e-02
6.725612000000000257e-02
7.211803999999999437e-02
8.855995999999999313e-02
1.002843499999999943e-01
7.598045000000000493e-02
9.126349000000000267e-02
1.121724300000000035e-01
1.701553500000000108e-01
1.301956499999999961e-01
1.041035700000000064e-01
7.882098999999999356e-02
7.639996999999999761e-02
1.081331499999999973e-01
2.321140600000000109e-01
2.790916600000000192e-01
3.516292599999999990e-01
4.037280400000000102e-01
4.127764099999999825e-01
3.920737200000000144e-01
2.453307399999999916e-01
1.386161599999999883e-01
7.860303999999999902e-02
6.666811999999999738e-02
7.554600000000000204e-02
9.013366999999999907e-02
1.015669000000000016e-01
1.288037999999999961e-01
1.548610300000000106e-01
1.220268399999999975e-01
1.583019499999999968e-01
1.400038999999999867e-01
1.540017300000000033e-01
8.808462000000000236e-02
9.295937999999999424e-02
1.005857899999999944e-01
1.168610600000000027e-01
1.201192400000000021e-01
1.382224099999999900e-01
9.674465999999999621e-02
8.317734000000000238e-02
1.001541499999999973e-01
1.099481000000000069e-01
1.130250500000000019e-01
6.140231000000000161e-02
