5.489982999999999669e-02
7.802422000000000524e-02
1.051959400000000017e-01
8.490515999999999341e-02
7.565418000000000143e-02
8.348550999999999889e-02
8.504531999999999370e-02
1.034249200000000035e-01
1.034309100000000009e-01
1.131682100000000052e-01
9.368822999999999734e-02
8.395075999999999927e-02
6.759803999999999813e-02
6.956542000000000281e-02
9.176732999999999418e-02
1.045766399999999985e-01
1.153466900000000017e-01
8.569482000000000488e-02
8.368235000000000257e-02
1.315365000000000006e-01
1.549388200000000049e-01
1.317717700000000103e-01
1.077056799999999981e-01
7.174666999999999850e-02
7.781783000000000450e-02
1.644486000000000003e-01
2.592212600000000089e-01
3.199070999999999998e-01
4.071005899999999844e-01
3.401987300000000047e-01
3.101458799999999849e-01
2.649320099999999956e-01
1.879804900000000001e-01
1.179457000000000005e-01
7.893682000000000476e-02
7.154513999999999319e-02
7.249508999999999814e-02
8.089886999999999773e-02
9.272929000000000588e-02
1.058965300000000026e-01
1.254500699999999969e-01
1.197382099999999977e-01
1.203030100000000019e-01
9.857251000000000207e-02
9.422171999999999492e-02
7.325566999999999496e-02
7.078893999999999465e-02
7.168038999999999661e-02
7.555312999999999612e-02
8.118691999999999576e-02
9.088156999999999486e-02
7.498121000000000647e-02
7.272523999999999655e-02
7.712070999999999510e-02
6.905076999999999743e-02
6.917371999999999410e-02
6.680695999999999857e-02
6.812785999999999842e-02
6.982977999999999408e-02
7.388321000000000471e-02
7.882100999999999691e-02
7.526520999999999906e-02
6.778420999999999752e-02
5.875687999999999744e-02
