8.989444000000000601e-02
3.016254300000000277e-01
3.356862700000000088e-01
3.244411300000000220e-01
2.695820899999999964e-01
2.604672599999999782e-01
2.283426500000000081e-01
1.512680799999999992e-01
1.230885599999999996e-01
9.332274999999999598e-02
9.186445000000000027e-02
7.029805000000000081e-02
7.066392000000000506e-02
7.372969000000000050e-02
7.287354999999999527e-02
8.565127000000000157e-02
1.001013899999999984e-01
1.407578300000000004e-01
1.224264999999999937e-01
9.310292000000000567e-02
9.570283999999999736e-02
9.049243999999999344e-02
7.740745999999999738e-02
7.500927000000000289e-02
7.861458999999999808e-02
8.200871999999999329e-02
6.778388000000000468e-02
7.349835000000000396e-02
7.725843000000000294e-02
7.969239000000000184e-02
6.670117000000000407e-02
6.747295000000000376e-02
7.093655999999999573e-02
7.052895000000000691e-02
6.862725000000000075e-02
7.088661999999999741e-02
6.524660000000000182e-02
6.737906000000000450e-02
8.046243000000000145e-02
8.589856999999999354e-02
7.104129000000000693e-02
8.086052999999999991e-02
7.687963999999999909e-02
9.275348999999999400e-02
1.022294100000000067e-01
9.606750999999999485e-02
7.533341999999999816e-02
6.724668000000000312e-02
6.966951999999999867e-02
7.342970000000000053e-02
7.763040999999999692e-02
8.518546999999999925e-02
8.013731999999999800e-02
7.354955000000000520e-02
7.219409999999999716e-02
7.292379000000000222e-02
7.553748000000000407e-02
8.716918999999999362e-02
8.924239000000000477e-02
7.434206999999999621e-02
6.704878999999999700e-02
6.920595999999999692e-02
6.342335000000000333e-02
5.888962999999999837e-02
