5.314184000000000269e-02
9.884386000000000561e-02
8.227824000000000249e-02
9.286034999999999429e-02
8.869180999999999593e-02
8.221143999999999674e-02
6.877471999999999752e-02
6.581998999999999489e-02
7.162312999999999319e-02
8.507697999999999650e-02
9.470818000000000292e-02
9.029547999999999741e-02
7.180005999999999888e-02
7.517516999999999949e-02
9.489883999999999820e-02
8.565080999999999389e-02
9.802449000000000578e-02
8.986342999999999415e-02
8.020273999999999459e-02
6.946088000000000262e-02
7.371682999999999708e-02
1.029085099999999947e-01
1.039872800000000014e-01
7.728413000000000643e-02
7.435448999999999531e-02
7.057827999999999324e-02
8.235820000000000640e-02
9.766903000000000390e-02
1.063887200000000061e-01
8.563373999999999986e-02
1.054061200000000059e-01
9.987013000000000140e-02
1.166285900000000042e-01
1.145928900000000028e-01
8.555168000000000494e-02
7.599403999999999881e-02
1.017108300000000021e-01
1.293745199999999929e-01
1.509714400000000123e-01
1.285455799999999926e-01
1.403195999999999888e-01
1.575948600000000033e-01
1.456037299999999868e-01
1.359565899999999883e-01
1.213942300000000057e-01
9.817188000000000303e-02
1.117896099999999976e-01
1.662504099999999874e-01
2.678625900000000115e-01
3.721540899999999930e-01
4.577769899999999947e-01
4.728240699999999852e-01
4.329530899999999849e-01
4.334996300000000247e-01
3.927188500000000082e-01
2.613843399999999928e-01
1.752955599999999892e-01
1.304251999999999911e-01
9.328640000000000543e-02
7.190314999999999901e-02
7.027221000000000162e-02
7.801558999999999577e-02
7.448942000000000063e-02
6.939974999999999616e-02
