1.508411900000000139e-01
3.402125500000000025e-01
3.890875300000000148e-01
4.566347599999999729e-01
4.553003899999999993e-01
4.613213800000000031e-01
4.213229099999999949e-01
3.337117399999999789e-01
2.391054900000000039e-01
1.689128599999999980e-01
1.520855700000000033e-01
8.221581999999999502e-02
9.541478000000000459e-02
1.031810699999999997e-01
1.103693399999999963e-01
1.487588900000000047e-01
1.760595600000000038e-01
2.257709099999999913e-01
2.051405599999999996e-01
1.427447299999999863e-01
1.251694700000000049e-01
1.053907600000000000e-01
8.484305000000000319e-02
8.045868999999999938e-02
9.374467000000000216e-02
1.005722800000000000e-01
6.998603000000000462e-02
7.685471000000000663e-02
8.288803999999999617e-02
8.491640999999999773e-02
8.014032000000000100e-02
8.213413999999999437e-02
8.054435000000000067e-02
7.098838000000000370e-02
7.213990000000000680e-02
6.944917999999999925e-02
6.680463000000000373e-02
7.014674999999999383e-02
7.931156000000000317e-02
8.182992000000000044e-02
7.131142999999999510e-02
7.351203000000000598e-02
7.859855999999999787e-02
8.329918999999999518e-02
8.556890000000000329e-02
8.257148000000000265e-02
6.905203000000000035e-02
7.026604999999999657e-02
7.022174000000000471e-02
7.091422000000000003e-02
7.340932999999999486e-02
7.221231999999999651e-02
6.860027999999999959e-02
6.562289000000000316e-02
6.695914000000000033e-02
6.745041999999999704e-02
7.143836000000000630e-02
7.024205999999999506e-02
7.208852000000000315e-02
6.689773999999999721e-02
6.541312000000000515e-02
6.876714000000000437e-02
6.349646999999999930e-02
5.295350000000000057e-02
