5.844480999999999982e-02
6.941324000000000105e-02
6.436880999999999853e-02
6.869429999999999981e-02
6.927057000000000353e-02
6.956212999999999980e-02
7.013664000000000009e-02
6.575662000000000174e-02
7.025882999999999434e-02
6.750612999999999753e-02
7.345720000000000027e-02
7.302342000000000555e-02
7.912376999999999605e-02
8.695398000000000016e-02
7.365378000000000203e-02
7.246110999999999525e-02
7.199128999999999945e-02
6.599956999999999352e-02
7.052115000000000467e-02
7.573865999999999932e-02
6.675216999999999956e-02
6.676735000000000309e-02
7.571397000000000543e-02
7.438688999999999718e-02
7.965482999999999592e-02
8.004034999999999622e-02
7.495171000000000472e-02
8.008068999999999604e-02
8.229957000000000245e-02
8.624532000000000032e-02
7.581250000000000488e-02
6.607366000000000628e-02
6.468918999999999364e-02
7.325735999999999359e-02
7.225505999999999596e-02
7.154096999999999540e-02
7.507162000000000557e-02
7.753678999999999433e-02
8.518062999999999330e-02
9.173691000000000484e-02
9.724881999999999971e-02
8.995593000000000339e-02
7.243927999999999479e-02
6.908298000000000216e-02
8.780163000000000550e-02
1.133269400000000010e-01
1.369488199999999989e-01
1.540109100000000009e-01
1.498626499999999862e-01
1.147823699999999947e-01
1.129180899999999987e-01
1.103633900000000057e-01
8.945685000000000442e-02
7.746052999999999966e-02
7.162588999999999761e-02
7.323675999999999797e-02
6.971682999999999353e-02
6.880806000000000422e-02
6.768093000000000026e-02
6.551556000000000046e-02
6.884495000000000198e-02
7.110893999999999548e-02
6.858364000000000127e-02
5.417803999999999676e-02
