5.432407999999999682e-02
8.160718000000000139e-02
7.358992000000000311e-02
7.251820999999999962e-02
7.241878999999999678e-02
7.146753999999999607e-02
6.571939000000000253e-02
6.419848000000000221e-02
6.431841000000000641e-02
7.479239000000000026e-02
8.047559999999999436e-02
7.220785000000000398e-02
6.682995999999999381e-02
6.709213999999999456e-02
7.123693999999999860e-02
6.887898000000000631e-02
7.774686999999999570e-02
7.424100000000000144e-02
6.781070000000000153e-02
6.521180000000000032e-02
6.724645999999999402e-02
7.434361000000000441e-02
7.246576999999999880e-02
6.913073999999999608e-02
6.647198999999999469e-02
6.595225999999999866e-02
6.911138000000000003e-02
7.746508000000000560e-02
7.549454999999999361e-02
7.073327999999999560e-02
7.834109000000000211e-02
7.046884999999999954e-02
7.829890999999999934e-02
7.131983000000000072e-02
6.872251999999999528e-02
6.748176000000000174e-02
7.430087999999999970e-02
7.719578000000000551e-02
8.151034000000000057e-02
7.202379999999999893e-02
7.052068999999999699e-02
7.622175999999999951e-02
8.169358999999999649e-02
9.266652000000000222e-02
8.574255999999999545e-02
7.220182999999999462e-02
7.465357000000000243e-02
7.971330000000000082e-02
9.928839000000000414e-02
1.354882599999999993e-01
1.599489500000000064e-01
1.797223199999999910e-01
1.757948400000000078e-01
1.808452000000000115e-01
1.601801399999999986e-01
1.270912299999999995e-01
1.116605299999999940e-01
8.834316999999999864e-02
8.325214999999999699e-02
6.929601999999999984e-02
6.833880000000000510e-02
6.831086000000000102e-02
6.608031000000000321e-02
5.658633999999999886e-02
