8.852532999999999930e-02
1.803365200000000002e-01
1.465188299999999888e-01
1.034973700000000052e-01
7.898152999999999424e-02
7.720333000000000057e-02
1.053477699999999934e-01
2.081621600000000127e-01
3.439336100000000007e-01
4.421827799999999975e-01
4.904572999999999849e-01
4.965556300000000256e-01
4.853798699999999910e-01
4.151514499999999774e-01
2.868535199999999730e-01
2.107785500000000090e-01
1.498527500000000068e-01
9.556425000000000336e-02
7.721258000000000288e-02
8.184779999999999833e-02
7.300450999999999468e-02
7.725157000000000551e-02
8.680667999999999718e-02
1.051088000000000022e-01
1.590346800000000116e-01
1.635012200000000027e-01
1.225456699999999954e-01
1.026208499999999996e-01
8.031066000000000593e-02
7.424187000000000147e-02
8.416598999999999609e-02
8.410953999999999653e-02
8.396957999999998812e-02
8.382961999999999358e-02
8.601522000000000334e-02
9.064381999999999995e-02
8.085462000000000204e-02
7.180870999999999782e-02
7.513467999999999536e-02
7.415254000000000290e-02
7.356337000000000292e-02
7.619415000000000215e-02
6.685531000000000112e-02
7.123364999999999558e-02
7.447980999999999352e-02
7.744763999999999815e-02
8.129092000000000262e-02
7.869582999999999440e-02
7.386861999999999595e-02
6.927439999999999987e-02
7.168794000000000555e-02
7.471511999999999598e-02
7.876510000000000455e-02
8.026265000000000482e-02
7.297982000000000080e-02
6.926198999999999550e-02
6.733113999999999766e-02
6.703125999999999529e-02
7.812115000000000031e-02
7.472062000000000148e-02
8.183406000000000013e-02
7.582722000000000073e-02
6.886678000000000244e-02
5.587116000000000304e-02
