5.938042999999999794e-02
8.713596999999999315e-02
7.924612999999999796e-02
1.010132400000000041e-01
1.026707699999999945e-01
9.449304999999999510e-02
8.096514999999999962e-02
6.891629999999999978e-02
6.845365000000000477e-02
8.197583999999999427e-02
9.038118000000000540e-02
7.998423000000000338e-02
7.184464000000000128e-02
7.170925000000000216e-02
7.649250000000000493e-02
7.326183000000000001e-02
9.048419000000000600e-02
9.044554999999999956e-02
7.795182000000000500e-02
6.857966999999999536e-02
7.348913999999999447e-02
8.650243000000000515e-02
9.286798999999999749e-02
8.044100999999999335e-02
7.019132999999999623e-02
6.901714999999999933e-02
8.588229000000000002e-02
1.228321299999999977e-01
1.049952700000000017e-01
9.931903000000000259e-02
1.174904900000000030e-01
1.107310400000000028e-01
1.378163000000000027e-01
1.106358699999999973e-01
9.043044999999999556e-02
1.072020499999999932e-01
1.014469000000000065e-01
1.100826599999999988e-01
1.386302100000000037e-01
1.042105700000000024e-01
9.074100000000000221e-02
1.189555600000000019e-01
1.337398900000000002e-01
1.572621899999999961e-01
1.658095900000000067e-01
9.625907999999999687e-02
9.124569999999999903e-02
1.600058799999999892e-01
2.530390599999999823e-01
3.889338099999999909e-01
5.063312599999999497e-01
5.034184499999999618e-01
4.908848699999999732e-01
5.024107700000000065e-01
4.477440400000000098e-01
3.952262699999999906e-01
2.345634299999999894e-01
1.656231900000000035e-01
1.017208799999999996e-01
8.286493000000000331e-02
8.453210999999999364e-02
8.730799999999999672e-02
8.624764999999999515e-02
6.882694999999999785e-02
