5.065841000000000094e-02
6.438810000000000366e-02
6.415730999999999518e-02
6.522321999999999842e-02
6.485198999999999825e-02
6.888126999999999445e-02
6.501405000000000378e-02
6.487795999999999841e-02
6.441640999999999340e-02
6.355344999999999744e-02
6.631778000000000672e-02
6.592823000000000433e-02
6.758010999999999879e-02
6.713392999999999444e-02
6.867731000000000530e-02
6.610141999999999407e-02
6.516621000000000219e-02
6.354769999999999863e-02
6.483537000000000328e-02
6.678863000000000161e-02
7.038798000000000277e-02
7.373987999999999376e-02
7.690033000000000285e-02
8.067850999999999495e-02
7.095785000000000287e-02
7.032979000000000314e-02
6.991853000000000651e-02
7.399579000000000573e-02
7.201612999999999765e-02
7.794771999999999812e-02
7.513751999999999931e-02
8.190611999999999893e-02
9.286120000000000485e-02
8.390090999999999521e-02
8.058550999999999909e-02
8.239902999999999811e-02
7.804310999999999887e-02
9.668177999999999495e-02
1.426412900000000039e-01
1.704056899999999986e-01
2.069942100000000118e-01
2.744953299999999818e-01
2.923610799999999954e-01
2.405065999999999871e-01
1.749964699999999873e-01
1.503015000000000045e-01
1.130408400000000035e-01
8.935751000000000110e-02
6.859903000000000528e-02
6.733224999999999627e-02
7.346030000000000615e-02
7.047222000000000208e-02
8.287816000000000627e-02
1.029313500000000048e-01
1.247226699999999938e-01
1.629002099999999897e-01
1.431577199999999883e-01
1.170467399999999963e-01
1.006707599999999980e-01
1.002048100000000053e-01
8.499360000000000248e-02
7.268766000000000116e-02
6.773121999999999476e-02
5.574505999999999906e-02
