5.357460000000000000e-02
6.501677000000000151e-02
7.218305999999999334e-02
7.614791999999999395e-02
8.121295000000000597e-02
8.085738000000000647e-02
6.526700000000000557e-02
6.304922999999999778e-02
6.638223000000000040e-02
6.681615999999999944e-02
7.153901000000000010e-02
7.415945000000000176e-02
7.110457000000000582e-02
6.776487999999999956e-02
6.753307000000000060e-02
7.088719000000000270e-02
6.956241000000000507e-02
6.515398999999999496e-02
6.757264999999999799e-02
7.045735000000000192e-02
7.799105000000000620e-02
8.394685000000000341e-02
7.510234000000000354e-02
6.716278000000000525e-02
6.560773000000000299e-02
6.819633999999999419e-02
7.453804999999999459e-02
7.812869999999999537e-02
7.605723000000000344e-02
8.179174999999999640e-02
8.190015999999999963e-02
8.823738999999999888e-02
9.841368000000000338e-02
7.525560000000000582e-02
6.573049999999999726e-02
7.912421999999999511e-02
9.548028000000000071e-02
1.333571199999999957e-01
2.215027499999999983e-01
2.184424799999999944e-01
2.006808099999999873e-01
1.816672099999999956e-01
1.502377699999999927e-01
1.222695599999999994e-01
7.976025000000000476e-02
7.356332000000000149e-02
6.895115000000000272e-02
7.405190999999999857e-02
6.760009000000000157e-02
6.738001999999999880e-02
7.312686999999999660e-02
7.467314999999999370e-02
7.037277000000000116e-02
7.910420999999999425e-02
8.665290000000000492e-02
9.434792999999999652e-02
8.040437000000000278e-02
6.982233999999999663e-02
6.882641000000000453e-02
6.696027000000000229e-02
6.424317000000000222e-02
6.638937999999999784e-02
6.163719000000000142e-02
5.227000999999999870e-02
