5.302123999999999726e-02
7.508244000000000029e-02
7.377804999999999780e-02
7.216063000000000338e-02
7.840466999999999576e-02
8.386923999999999768e-02
8.663165999999999922e-02
9.803177000000000418e-02
8.942758000000000651e-02
8.048355000000000092e-02
7.461358999999999353e-02
6.906017999999999879e-02
6.910104000000000246e-02
7.470570999999999462e-02
7.975872000000000517e-02
9.204463999999999702e-02
8.510676000000000352e-02
8.217043000000000263e-02
9.134098000000000217e-02
1.280277700000000130e-01
1.292075099999999976e-01
9.858247000000000537e-02
7.419586999999999710e-02
7.014275999999999844e-02
8.878497999999999946e-02
1.398714899999999872e-01
2.160662899999999942e-01
2.596114900000000003e-01
2.318027000000000004e-01
1.868529800000000018e-01
1.555380199999999991e-01
1.294679800000000103e-01
1.183356500000000006e-01
8.221986000000000572e-02
7.078389000000000209e-02
6.872359999999999580e-02
7.680591999999999975e-02
8.743682999999999317e-02
1.008915900000000032e-01
9.774713000000000152e-02
1.302802000000000127e-01
9.888924999999999799e-02
1.064714300000000058e-01
7.248712999999999684e-02
8.095170999999999617e-02
7.247406000000000681e-02
7.199136999999999897e-02
7.395593999999999779e-02
6.728655999999999526e-02
7.575094999999999745e-02
7.602404999999999580e-02
7.442907999999999469e-02
7.291490999999999945e-02
9.089431000000000593e-02
7.261080999999999785e-02
7.827878000000000613e-02
7.278361999999999332e-02
6.984632000000000340e-02
6.950710000000000222e-02
7.403157999999999961e-02
7.026899999999999813e-02
7.284949000000000285e-02
6.788333000000000561e-02
5.615504999999999802e-02
