5.247936999999999741e-02
6.468659000000000214e-02
6.527705999999999786e-02
6.833730999999999833e-02
7.088487999999999734e-02
7.378909999999999636e-02
6.344605999999999857e-02
6.372350999999999710e-02
6.516919000000000184e-02
6.480542999999999720e-02
6.773556999999999495e-02
6.632422999999999791e-02
6.811548000000000602e-02
6.740039000000000446e-02
6.641236000000000361e-02
6.731977999999999573e-02
6.594297999999999826e-02
6.364532000000000522e-02
6.354824000000000583e-02
6.513634999999999564e-02
6.740720000000000045e-02
6.869319000000000119e-02
6.942547000000000301e-02
6.541466999999999421e-02
6.422221999999999653e-02
6.607523999999999342e-02
6.595839000000000563e-02
6.640013999999999639e-02
6.631167999999999785e-02
6.595974000000000281e-02
6.901988000000000567e-02
7.536386999999999947e-02
7.919608000000000203e-02
7.206353999999999538e-02
7.042766000000000304e-02
7.290583999999999953e-02
8.401901999999999981e-02
1.017840500000000009e-01
1.429312500000000097e-01
1.425373699999999966e-01
1.425801499999999888e-01
1.517665099999999934e-01
1.485693200000000047e-01
1.320600399999999897e-01
9.045098999999999501e-02
7.517611999999999906e-02
6.706455999999999529e-02
6.630590999999999569e-02
6.553338999999999692e-02
6.293308000000000235e-02
6.878773000000000526e-02
7.127350999999999825e-02
8.063109000000000248e-02
9.342804999999999860e-02
1.081651500000000016e-01
1.146687099999999931e-01
9.914642999999999373e-02
8.004240999999999440e-02
7.966093999999999953e-02
6.973933999999999689e-02
6.569229000000000041e-02
6.920958000000000665e-02
7.186235000000000539e-02
5.412523999999999808e-02
