5.541609000000000118e-02
9.123816999999999344e-02
7.987932999999999839e-02
6.910710000000000464e-02
7.166738000000000275e-02
8.492629000000000150e-02
9.174000000000000210e-02
7.578817999999999666e-02
7.807479999999999976e-02
1.010590600000000061e-01
1.059800999999999938e-01
1.156261900000000037e-01
1.011918299999999965e-01
1.024354499999999973e-01
8.638543999999999390e-02
7.219947999999999644e-02
6.977055000000000062e-02
8.645163999999999627e-02
2.212275700000000123e-01
2.624050099999999941e-01
2.922481299999999949e-01
2.769921399999999978e-01
2.828516999999999837e-01
2.232069399999999926e-01
1.684454999999999980e-01
1.377921799999999863e-01
8.203602999999999590e-02
7.730649000000000548e-02
8.284054999999999891e-02
8.252632000000000023e-02
8.241432999999999398e-02
1.198800899999999947e-01
1.335328500000000085e-01
1.442291400000000057e-01
1.389240499999999934e-01
1.149382099999999990e-01
1.263453400000000004e-01
1.004579500000000042e-01
7.832941000000000209e-02
8.977061999999999542e-02
1.107958299999999979e-01
9.644511999999999530e-02
1.046000299999999966e-01
7.769159999999999955e-02
7.053658000000000150e-02
6.930730000000000224e-02
7.145374999999999643e-02
7.466291999999999374e-02
7.045982000000000633e-02
7.218004000000000087e-02
7.281268000000000462e-02
8.418868999999999658e-02
7.592851999999999935e-02
7.163677999999999713e-02
7.912048000000000691e-02
8.374022000000000410e-02
8.592149999999999788e-02
7.794847000000000581e-02
8.017924999999999358e-02
9.016844999999999721e-02
7.039317000000000490e-02
7.794102999999999448e-02
9.388122999999999607e-02
5.994162000000000101e-02
