7.075078999999999396e-02
1.248184700000000008e-01
1.376135599999999959e-01
1.153698900000000027e-01
9.634080999999999895e-02
7.469098999999999877e-02
7.574274000000000284e-02
8.062105999999999439e-02
7.842308000000000612e-02
1.041902200000000001e-01
8.858333999999999653e-02
1.046724900000000069e-01
1.168726199999999965e-01
1.499315099999999901e-01
1.579132699999999945e-01
1.434499599999999875e-01
1.118835999999999997e-01
9.240023999999999460e-02
8.286295000000000466e-02
1.163480399999999998e-01
1.661226000000000091e-01
3.309900800000000198e-01
3.357875599999999849e-01
3.090188799999999958e-01
3.114876400000000101e-01
2.815370899999999899e-01
1.976035200000000047e-01
1.258074899999999940e-01
8.632575000000000665e-02
6.764311000000000629e-02
7.336091000000000140e-02
8.688076000000000132e-02
8.507604000000000555e-02
1.148134299999999941e-01
1.553732300000000011e-01
1.437192700000000101e-01
1.382124000000000130e-01
1.384101199999999976e-01
1.078624200000000005e-01
7.904213999999999685e-02
8.483480000000000187e-02
9.098124999999999962e-02
8.205563000000000440e-02
6.871423000000000114e-02
7.637633000000000616e-02
8.269224000000000019e-02
7.546801000000000204e-02
7.003094999999999459e-02
6.930087000000000053e-02
7.199621999999999966e-02
8.306526999999999661e-02
8.472557000000000005e-02
7.494641000000000497e-02
6.854886999999999786e-02
6.757844000000000351e-02
7.130757000000000068e-02
7.447542000000000051e-02
8.340311000000000252e-02
1.137423999999999935e-01
1.064314999999999983e-01
7.689218999999999915e-02
7.008361999999999925e-02
6.423785999999999385e-02
5.845734000000000347e-02
