5.208531000000000272e-02
6.934946999999999639e-02
7.267754999999999355e-02
8.027728000000000641e-02
1.048755299999999946e-01
1.286912000000000056e-01
8.305880000000000207e-02
9.902526000000000383e-02
1.373531799999999914e-01
1.558145400000000014e-01
1.970886599999999989e-01
1.589543700000000115e-01
9.370594000000000146e-02
8.146208000000000615e-02
8.306795000000000151e-02
1.336771200000000104e-01
1.807917199999999891e-01
2.094558800000000109e-01
3.254054800000000247e-01
3.927083000000000101e-01
3.699614399999999748e-01
3.288799800000000162e-01
2.678106100000000045e-01
1.708307900000000101e-01
9.414456000000000213e-02
7.725601999999999470e-02
7.300001000000000406e-02
6.974447999999999759e-02
7.700400999999999774e-02
1.143290200000000034e-01
1.138394499999999948e-01
1.214812200000000009e-01
1.601709299999999891e-01
1.490033099999999999e-01
1.398513299999999959e-01
8.522343999999999753e-02
7.297465999999999675e-02
7.823811999999999434e-02
8.537915000000000088e-02
9.122180000000000566e-02
8.429533999999999638e-02
8.150187000000000404e-02
8.669388000000000094e-02
7.868390999999999580e-02
7.090986999999999985e-02
6.882198999999999955e-02
6.836598000000000674e-02
7.251891000000000587e-02
6.858150999999999831e-02
6.959537999999999835e-02
7.298825999999999925e-02
8.405028999999999972e-02
8.661789000000000294e-02
8.926618999999999526e-02
8.275145000000000417e-02
7.900079999999999603e-02
7.238719999999999877e-02
7.106999999999999429e-02
6.989884999999999848e-02
7.016712999999999423e-02
7.823607999999999951e-02
8.815971999999999698e-02
8.381980999999999460e-02
5.842837000000000031e-02
