5.345642999999999923e-02
1.014969299999999991e-01
7.646696000000000049e-02
9.793013000000000412e-02
2.051040699999999994e-01
2.241687500000000000e-01
3.362742400000000020e-01
4.271632699999999838e-01
4.615526200000000245e-01
4.645926100000000170e-01
4.864404500000000242e-01
3.289659300000000175e-01
2.472617000000000009e-01
1.725919999999999954e-01
1.008932800000000019e-01
7.693635999999999531e-02
7.643194999999999850e-02
6.890031000000000627e-02
7.007786000000000570e-02
7.843883000000000105e-02
1.068792100000000023e-01
1.380568299999999915e-01
1.808476599999999934e-01
1.693667000000000089e-01
2.239356200000000019e-01
1.922519699999999943e-01
1.430038999999999894e-01
8.493833000000000633e-02
1.171417200000000047e-01
1.022317499999999962e-01
9.030182000000000486e-02
9.879999999999999893e-02
8.899569999999999703e-02
8.134697999999999929e-02
8.958929000000000198e-02
7.750951000000000368e-02
8.316822000000000104e-02
9.399789999999999535e-02
8.204158999999999757e-02
6.686646999999999730e-02
6.631233999999999740e-02
7.068143000000000342e-02
8.092520999999999742e-02
8.195413999999999477e-02
7.145352000000000647e-02
6.906432999999999323e-02
6.642475999999999936e-02
6.668024999999999647e-02
6.801582999999999934e-02
7.383438000000000501e-02
7.654231999999999703e-02
7.250151000000000512e-02
6.305302999999999602e-02
6.607573999999999392e-02
7.285363999999999729e-02
7.979659999999999531e-02
8.293105000000000615e-02
6.706855000000000455e-02
6.820589000000000512e-02
6.890417999999999543e-02
6.484354000000000506e-02
6.937690999999999997e-02
8.031259000000000314e-02
5.730774999999999758e-02
