5.653684999999999961e-02
7.013160999999999701e-02
6.872361999999999915e-02
7.570491999999999500e-02
7.505304999999999616e-02
7.652768000000000070e-02
7.199885000000000312e-02
6.615503000000000355e-02
6.608310000000000572e-02
6.831378000000000450e-02
7.176907000000000425e-02
7.111360999999999377e-02
6.640994000000000064e-02
6.807256999999999891e-02
6.998943999999999999e-02
7.175357999999999736e-02
7.285445999999999589e-02
7.455320999999999476e-02
7.292302999999999980e-02
6.655431000000000541e-02
6.839813000000000143e-02
7.097512000000000265e-02
7.430725999999999998e-02
7.203835000000000099e-02
6.687199000000000615e-02
6.864294999999999425e-02
6.871064999999999812e-02
7.417501999999999429e-02
7.691059999999999564e-02
6.934642000000000583e-02
7.252807000000000004e-02
7.428832999999999964e-02
7.577581999999999374e-02
8.100617999999999708e-02
7.047222999999999682e-02
7.205588000000000271e-02
7.594929999999999737e-02
9.068710000000000659e-02
8.489204000000000194e-02
7.577585000000000570e-02
7.574925999999999882e-02
9.074690000000000534e-02
9.077161000000000257e-02
8.631983000000000017e-02
9.512086999999999626e-02
8.424781000000000630e-02
8.770951999999999915e-02
9.527001000000000219e-02
1.256151899999999877e-01
1.768798799999999893e-01
2.261803000000000008e-01
2.594102899999999878e-01
2.717395100000000174e-01
2.699253600000000031e-01
2.362389400000000084e-01
1.933800699999999873e-01
1.421141300000000052e-01
1.142544399999999988e-01
9.029579999999999551e-02
8.712665999999999467e-02
7.544715999999999922e-02
6.831428999999999974e-02
6.982816999999999497e-02
5.729879999999999696e-02
