7.940068000000000126e-02
1.755075200000000002e-01
2.248365300000000067e-01
2.423987700000000134e-01
2.258958399999999866e-01
2.357388900000000065e-01
2.211257500000000098e-01
1.798720199999999936e-01
1.414447899999999869e-01
1.268093999999999888e-01
1.190827400000000064e-01
8.284231000000000233e-02
7.013651999999999387e-02
6.878368999999999456e-02
7.388802999999999344e-02
7.462586000000000219e-02
8.458076000000000483e-02
9.756412000000000417e-02
8.881327999999999445e-02
8.907959999999999490e-02
9.241955999999999782e-02
8.607597000000000165e-02
7.888164000000000287e-02
7.280290000000000372e-02
7.169119000000000186e-02
7.582097999999999616e-02
6.955113000000000267e-02
7.090530000000000443e-02
7.958247999999999711e-02
8.599505999999999817e-02
7.689018000000000241e-02
7.145105999999999680e-02
7.373217999999999439e-02
7.118620999999999976e-02
6.786889999999999590e-02
7.066102000000000494e-02
6.776609999999999578e-02
7.350413999999999559e-02
8.273078000000000376e-02
9.441879000000000244e-02
7.719570000000000598e-02
7.979593999999999576e-02
7.626059999999999783e-02
8.260135999999999867e-02
9.638765000000000527e-02
9.426442999999999628e-02
7.502259000000000011e-02
7.383570999999999884e-02
7.073250000000000370e-02
7.113113999999999548e-02
7.469309999999999838e-02
8.367763000000000284e-02
8.259315000000000406e-02
7.507848000000000299e-02
7.320701999999999765e-02
7.127864999999999895e-02
7.472399999999999876e-02
9.111626000000000447e-02
9.482667999999999653e-02
7.355183999999999334e-02
6.835180999999999896e-02
6.628188000000000135e-02
6.530444000000000526e-02
5.828799999999999953e-02
