6.093193999999999694e-02
9.249514000000000347e-02
8.251311000000000062e-02
7.733569999999999334e-02
8.493531999999999471e-02
9.560765000000000235e-02
1.016378599999999965e-01
1.121217999999999937e-01
1.154802899999999993e-01
9.201676999999999773e-02
8.120070999999999539e-02
7.060845000000000315e-02
6.823081000000000285e-02
7.660213000000000438e-02
1.121279300000000007e-01
1.147882399999999997e-01
1.114178299999999955e-01
7.839877000000000651e-02
1.076507500000000034e-01
1.376851900000000128e-01
1.770246900000000123e-01
1.067291300000000054e-01
8.385895000000000155e-02
7.910581999999999336e-02
1.024843599999999966e-01
1.984097999999999973e-01
3.411370200000000130e-01
3.876062599999999803e-01
3.955057000000000156e-01
3.249505799999999889e-01
2.444031799999999977e-01
1.966539900000000007e-01
1.451290799999999936e-01
8.335671000000000053e-02
6.755706999999999685e-02
8.030983999999999345e-02
8.667421999999999627e-02
9.624939999999999884e-02
1.183270000000000016e-01
1.017989400000000044e-01
1.309204399999999990e-01
1.293556999999999901e-01
1.074560799999999955e-01
7.733636000000000676e-02
7.077160000000000395e-02
6.892874000000000223e-02
6.959843999999999753e-02
8.592805000000000581e-02
6.987960000000000005e-02
7.785446000000000033e-02
7.632182999999999329e-02
7.293864999999999377e-02
7.378940999999999972e-02
7.526935999999999349e-02
7.458995999999999682e-02
6.927484999999999893e-02
6.498716000000000215e-02
6.719297000000000464e-02
7.400178999999999785e-02
7.144103999999999732e-02
7.006796999999999331e-02
7.355889999999999651e-02
7.452275999999999345e-02
5.891699999999999715e-02
