5.432163000000000269e-02
6.910352000000000161e-02
6.820980000000000099e-02
6.358766000000000418e-02
6.694203999999999433e-02
7.203012000000000303e-02
8.184764999999999402e-02
8.310483999999999927e-02
8.499201000000000672e-02
7.561065000000000147e-02
6.876830000000000442e-02
6.576825999999999506e-02
7.191071000000000268e-02
7.845549999999999746e-02
7.694529999999999426e-02
7.949757000000000351e-02
7.268570000000000586e-02
7.053101999999999983e-02
7.216380999999999490e-02
8.811196000000000306e-02
8.501760999999999346e-02
8.341763000000000650e-02
8.079026999999999736e-02
7.718798000000000326e-02
8.009686000000000583e-02
9.752170000000000283e-02
8.696560999999999875e-02
7.516098999999999697e-02
7.066208000000000211e-02
6.890657999999999506e-02
7.096887000000000334e-02
7.465180999999999900e-02
7.492852999999999319e-02
7.824016000000000304e-02
9.053756999999999777e-02
9.727921999999999958e-02
7.644589000000000245e-02
8.588577000000000017e-02
7.495084000000000468e-02
7.733950000000000546e-02
7.432218000000000158e-02
7.515342999999999329e-02
8.362397000000000580e-02
9.356752000000000125e-02
1.072606700000000024e-01
1.123613200000000006e-01
1.176549000000000067e-01
1.391505000000000103e-01
1.084455899999999945e-01
8.689655000000000296e-02
8.114512000000000114e-02
1.028273999999999994e-01
1.606447500000000028e-01
2.359395499999999979e-01
3.198021400000000125e-01
3.239048999999999956e-01
3.625511499999999887e-01
3.782327500000000065e-01
3.747994000000000048e-01
3.068407499999999954e-01
2.165924499999999919e-01
1.766468999999999956e-01
1.219184900000000044e-01
6.253917999999999977e-02
