4.968849000000000182e-02
7.653543000000000152e-02
6.484091000000000160e-02
6.537284999999999624e-02
6.557285999999999671e-02
6.459971999999999936e-02
6.541864999999999486e-02
6.616737999999999786e-02
6.645379999999999343e-02
6.607454000000000105e-02
6.707593000000000583e-02
7.892588999999999855e-02
8.568336999999999481e-02
8.631869000000000347e-02
8.797418999999999378e-02
7.573552000000000062e-02
6.731415000000000315e-02
6.899236000000000257e-02
7.939219000000000137e-02
8.067161000000000470e-02
7.500110999999999584e-02
7.253938000000000053e-02
8.884126999999999996e-02
9.377190999999999999e-02
9.490851999999999622e-02
8.740744999999999765e-02
7.727570000000000272e-02
7.619629999999999459e-02
7.073335000000000039e-02
1.054704699999999967e-01
1.370539199999999957e-01
1.599658999999999942e-01
1.886413399999999907e-01
1.976033399999999884e-01
1.523059599999999902e-01
1.696534600000000059e-01
1.620828199999999886e-01
1.251804699999999881e-01
7.690953999999999846e-02
6.576985000000000470e-02
6.394275000000000653e-02
7.468934000000000684e-02
7.821651000000000298e-02
7.485650000000000637e-02
8.440888000000000557e-02
1.004361299999999985e-01
1.000864000000000059e-01
1.063409099999999968e-01
8.158651999999999571e-02
7.991694000000000575e-02
7.475771999999999973e-02
7.025850999999999624e-02
7.100794000000000550e-02
7.191503000000000478e-02
7.682659999999999489e-02
7.539717999999999420e-02
7.425835999999999548e-02
8.209842000000000528e-02
9.162125999999999604e-02
8.206755999999999773e-02
6.533967999999999721e-02
7.366129000000000426e-02
6.329920999999999465e-02
5.520035000000000219e-02
