4.996172000000000113e-02
8.362437999999999816e-02
1.297684000000000060e-01
1.188558599999999937e-01
9.641155999999999338e-02
1.629999400000000098e-01
1.619655799999999979e-01
1.264843599999999901e-01
1.672378499999999935e-01
1.086345199999999983e-01
1.074620099999999967e-01
7.031978999999999314e-02
1.254153399999999863e-01
2.258918900000000118e-01
2.896988699999999972e-01
3.756399799999999845e-01
4.541351499999999874e-01
4.169554100000000263e-01
3.915495600000000187e-01
2.758497599999999994e-01
2.524880199999999797e-01
1.593924499999999911e-01
9.600343999999999545e-02
7.631889999999999508e-02
7.579529999999999601e-02
8.047762999999999445e-02
9.163625999999999716e-02
1.067884399999999984e-01
1.086776899999999935e-01
1.703951400000000005e-01
1.960541600000000051e-01
1.288729299999999967e-01
1.175727200000000056e-01
8.604641999999999846e-02
1.015705799999999936e-01
1.004747700000000049e-01
9.042638999999999538e-02
8.058751000000000109e-02
7.576367000000000518e-02
8.695348999999999440e-02
8.666994000000000087e-02
7.835501000000000271e-02
7.119788999999999979e-02
6.649926000000000448e-02
6.616076999999999375e-02
7.190892000000000117e-02
8.057696000000000303e-02
7.584752999999999634e-02
6.886127000000000220e-02
7.379479999999999373e-02
8.688115000000000421e-02
8.979096999999999773e-02
8.821563000000000321e-02
8.120107000000000019e-02
6.887063000000000212e-02
6.976047999999999971e-02
6.765957999999999695e-02
7.563361999999999863e-02
8.421162999999999565e-02
7.137904000000000471e-02
6.998620999999999315e-02
7.574665999999999344e-02
6.550435000000000285e-02
5.738075000000000120e-02
