5.889359999999999734e-02
8.161477999999999788e-02
1.005451900000000065e-01
1.909043199999999885e-01
2.756679400000000002e-01
3.010656800000000022e-01
3.421329599999999860e-01
3.583441700000000174e-01
3.395263299999999873e-01
3.392557199999999828e-01
3.113106800000000063e-01
2.101274399999999987e-01
1.333870400000000123e-01
9.650841999999999754e-02
7.579154999999999920e-02
7.993601000000000179e-02
7.955101000000000533e-02
8.908568000000000042e-02
9.513006999999999713e-02
1.035265699999999983e-01
1.246774900000000019e-01
1.383362300000000045e-01
1.280351700000000037e-01
9.170146999999999327e-02
8.620679000000000536e-02
7.243681000000000425e-02
7.163527000000000089e-02
7.824346999999999552e-02
7.966877999999999460e-02
7.417962999999999640e-02
6.635646000000000599e-02
6.650641999999999665e-02
6.991437000000000346e-02
6.771169999999999967e-02
6.587867000000000028e-02
6.595231999999999484e-02
6.792758000000000129e-02
7.037857999999999614e-02
7.023438999999999377e-02
6.577879000000000365e-02
6.441998999999999642e-02
6.821059000000000150e-02
7.599297000000000690e-02
7.581464999999999732e-02
6.722084000000000392e-02
6.681191999999999687e-02
6.742444000000000215e-02
6.688752000000000586e-02
6.712730999999999559e-02
7.388936000000000115e-02
7.247673000000000310e-02
6.625965000000000327e-02
6.355289999999999551e-02
6.638536000000000437e-02
7.383932999999999469e-02
7.620834999999999415e-02
7.625031999999999643e-02
6.649952000000000640e-02
6.516280000000000683e-02
6.691990999999999912e-02
6.467080999999999524e-02
6.773065000000000335e-02
6.591516999999999515e-02
5.407961000000000018e-02
