5.409347999999999934e-02
7.164658999999999611e-02
1.549774700000000061e-01
2.220957699999999979e-01
3.415889699999999918e-01
3.819038000000000155e-01
4.468759900000000007e-01
4.503393500000000271e-01
4.098713700000000126e-01
3.827501500000000112e-01
3.944743299999999842e-01
2.798267899999999919e-01
1.896300800000000064e-01
1.467438600000000037e-01
9.072795999999999639e-02
9.103466000000000335e-02
8.671658999999999617e-02
8.365179000000000364e-02
9.086012999999999729e-02
1.053812999999999972e-01
1.296328200000000097e-01
1.654534599999999966e-01
1.626811300000000071e-01
1.192233699999999952e-01
1.164841399999999999e-01
9.482253000000000209e-02
9.683300999999999714e-02
8.023159000000000540e-02
9.906088999999999867e-02
7.780597999999999681e-02
6.990871999999999364e-02
7.461645000000000083e-02
6.825443999999999956e-02
7.082370999999999805e-02
6.783087000000000144e-02
6.639232999999999940e-02
7.033609000000000389e-02
7.075161000000000644e-02
6.961333999999999578e-02
6.557699999999999640e-02
6.554223000000000687e-02
6.500530999999999671e-02
7.153481000000000423e-02
6.775630000000000541e-02
6.731918000000000624e-02
6.568754000000000259e-02
6.629880999999999969e-02
6.776551000000000102e-02
6.609130000000000560e-02
6.893035999999999608e-02
6.570471999999999424e-02
6.497018999999999711e-02
6.199574000000000057e-02
6.458616000000000357e-02
6.608519000000000199e-02
6.741830999999999519e-02
6.492211999999999983e-02
6.415046000000000637e-02
6.517201000000000244e-02
6.353673999999999433e-02
6.406507000000000174e-02
6.518532000000000493e-02
6.337602000000000513e-02
5.368284999999999724e-02
