5.801557000000000242e-02
7.133936000000000444e-02
7.107652000000000414e-02
7.219464999999999910e-02
9.529986999999999486e-02
9.319823000000000690e-02
7.315510999999999542e-02
6.878784000000000287e-02
6.574457999999999691e-02
8.806666999999999967e-02
1.150473999999999941e-01
7.371912999999999383e-02
7.751611999999999392e-02
8.936357999999999802e-02
8.873838000000000559e-02
1.063709500000000058e-01
1.017583100000000046e-01
1.114799199999999962e-01
8.667652000000000689e-02
7.175036999999999388e-02
6.614019999999999622e-02
7.432605999999999935e-02
9.616484000000000143e-02
1.074905599999999989e-01
9.191865999999999925e-02
9.306393999999999778e-02
1.046038499999999982e-01
1.722197799999999890e-01
1.338754100000000002e-01
1.082054199999999966e-01
7.377346999999999377e-02
6.820463000000000220e-02
1.197191999999999978e-01
1.818038999999999905e-01
1.978172800000000120e-01
3.000613200000000202e-01
3.399717800000000012e-01
2.921185199999999926e-01
2.716493600000000064e-01
1.520721899999999960e-01
9.633986999999999412e-02
7.861007999999999885e-02
6.986950000000000105e-02
7.447964999999999447e-02
8.775647999999999782e-02
8.189119000000000259e-02
9.875802999999999665e-02
1.153037699999999999e-01
1.173901200000000006e-01
1.347495900000000024e-01
1.339070099999999930e-01
1.221952300000000019e-01
9.998529000000000444e-02
1.013323500000000016e-01
9.662229999999999430e-02
1.070572699999999960e-01
9.572369000000000017e-02
1.077777699999999950e-01
1.004928900000000014e-01
7.757466999999999835e-02
9.854395999999999989e-02
9.644257999999999997e-02
1.017298400000000019e-01
5.870307000000000303e-02
