5.178449000000000246e-02
6.397867999999999611e-02
9.477602999999999722e-02
9.977236000000000438e-02
9.509645999999999377e-02
9.435254999999999337e-02
7.882751999999999815e-02
8.021805999999999381e-02
9.564026999999999945e-02
1.206546599999999969e-01
1.324744700000000108e-01
9.078972000000000431e-02
7.396593999999999391e-02
7.083375999999999562e-02
8.258730000000000238e-02
1.235185899999999976e-01
1.662871800000000067e-01
1.794787200000000083e-01
2.503679699999999952e-01
2.578044500000000183e-01
2.386187300000000011e-01
1.947617199999999993e-01
1.506191000000000058e-01
1.135461299999999951e-01
8.109188000000000507e-02
7.085044000000000064e-02
6.737912999999999542e-02
6.801250999999999824e-02
7.651402999999999677e-02
8.575884999999999758e-02
9.335673999999999362e-02
8.628500000000000059e-02
1.014994200000000069e-01
9.770845999999999698e-02
8.809400000000000563e-02
7.127814999999999845e-02
6.895455999999999808e-02
7.530937999999999521e-02
8.349449999999999927e-02
7.707559999999999412e-02
7.885717999999999894e-02
8.163905000000000467e-02
8.333421000000000578e-02
7.236616999999999356e-02
6.787134000000000222e-02
6.574642999999999460e-02
6.838660000000000572e-02
6.794044999999999945e-02
6.612729000000000523e-02
6.596728999999999787e-02
7.007839999999999903e-02
7.382202999999999682e-02
7.632423000000000679e-02
7.664015000000000410e-02
7.529051999999999967e-02
7.423009999999999331e-02
7.461460999999999788e-02
6.927759000000000000e-02
6.699660999999999811e-02
6.763328999999999869e-02
7.005533999999999373e-02
7.320888000000000395e-02
7.168586999999999876e-02
5.558525000000000271e-02
