6.286619999999999708e-02
1.237644600000000067e-01
9.004710000000000492e-02
7.600598999999999550e-02
7.354906999999999417e-02
6.747419999999999807e-02
6.774051000000000378e-02
7.805718000000000378e-02
9.111302000000000290e-02
8.040287999999999602e-02
7.129729999999999401e-02
6.586008999999999614e-02
8.622812000000000532e-02
9.259973000000000509e-02
9.435976999999999559e-02
7.246798000000000128e-02
6.836198999999999748e-02
7.066485000000000127e-02
8.381895999999999791e-02
9.045448000000000377e-02
7.392754999999999466e-02
8.048537000000000052e-02
7.585350999999999899e-02
7.837655000000000316e-02
9.797211999999999588e-02
9.583039000000000140e-02
7.271855000000000679e-02
7.687517000000000655e-02
9.948247999999999813e-02
1.302010700000000021e-01
1.304141000000000050e-01
8.650219000000000658e-02
8.381669999999999399e-02
8.042776999999999565e-02
8.701917000000000679e-02
9.572008999999999379e-02
1.435937100000000133e-01
1.493746300000000082e-01
1.469935199999999886e-01
1.646047399999999994e-01
1.954073899999999864e-01
2.043004200000000103e-01
1.348830799999999885e-01
1.152932299999999965e-01
1.230639199999999933e-01
2.380556600000000023e-01
3.200287499999999730e-01
3.550063999999999997e-01
4.421696399999999749e-01
4.483348999999999807e-01
5.077184999999999615e-01
4.969199599999999939e-01
3.970832499999999987e-01
3.735896599999999901e-01
2.108710299999999871e-01
1.267463600000000024e-01
8.634271000000000307e-02
7.892910000000000204e-02
7.747091999999999867e-02
8.056945000000000079e-02
1.027211600000000058e-01
1.021598999999999979e-01
1.344359199999999865e-01
6.580260000000000276e-02
