5.721277999999999780e-02
8.488142999999999383e-02
7.553456999999999533e-02
7.063281000000000420e-02
8.185135999999999801e-02
1.029889499999999958e-01
7.791758999999999491e-02
7.846830999999999945e-02
6.936962000000000683e-02
6.781205999999999345e-02
6.854242000000000667e-02
7.278513000000000344e-02
7.701341000000000436e-02
7.282653000000000043e-02
8.344158999999999604e-02
6.811955999999999567e-02
6.805988000000000315e-02
7.424472000000000016e-02
8.184843999999999453e-02
7.206202999999999914e-02
9.394621000000000222e-02
9.856214000000000641e-02
1.019924400000000037e-01
1.365483000000000113e-01
1.164921099999999959e-01
9.612334999999999630e-02
8.302930000000000033e-02
8.037626000000000492e-02
7.670259999999999578e-02
9.666798000000000057e-02
1.156511199999999961e-01
1.148654900000000006e-01
1.408408600000000122e-01
1.447614100000000070e-01
1.634010800000000041e-01
1.323321000000000081e-01
9.303520999999999319e-02
9.339276000000000522e-02
1.317032399999999992e-01
1.613508800000000021e-01
2.537105399999999844e-01
3.988714800000000005e-01
4.211336700000000155e-01
4.163844300000000276e-01
4.195343300000000109e-01
3.040414799999999751e-01
1.915488700000000100e-01
1.459294600000000108e-01
1.013420399999999943e-01
8.368456000000000505e-02
8.933404000000000345e-02
8.190959000000000434e-02
9.288875000000000604e-02
1.180135600000000035e-01
1.788405499999999870e-01
2.285596099999999964e-01
2.063872099999999876e-01
1.517322200000000010e-01
1.470031599999999938e-01
1.246526200000000056e-01
1.094501799999999941e-01
8.530772000000000355e-02
7.367501999999999385e-02
6.092088999999999838e-02
