5.288336999999999899e-02
7.418420000000000569e-02
7.377482000000000484e-02
8.643027999999999822e-02
9.581845999999999419e-02
8.984158000000000421e-02
9.063277000000000139e-02
9.275324999999999542e-02
7.401494999999999602e-02
7.089165999999999523e-02
7.364373999999999920e-02
7.441696000000000422e-02
7.995289999999999342e-02
8.701918000000000153e-02
9.786364999999999648e-02
9.863544000000000478e-02
9.389467999999999426e-02
9.667641999999999902e-02
1.040885599999999966e-01
1.137566299999999975e-01
1.065125999999999989e-01
7.317727000000000259e-02
8.837051999999999408e-02
1.097509900000000066e-01
1.574077899999999919e-01
2.448400099999999968e-01
2.671951100000000134e-01
2.675883199999999906e-01
2.716274300000000030e-01
1.658131800000000045e-01
1.266705800000000048e-01
1.004881600000000069e-01
1.008737299999999948e-01
6.966632999999999853e-02
7.193737999999999522e-02
7.556322000000000039e-02
7.258423999999999432e-02
8.775852000000000652e-02
9.707506999999999941e-02
9.613765000000000505e-02
8.878904999999999437e-02
8.682415000000000271e-02
8.006586999999999732e-02
7.486781000000000685e-02
6.800288999999999640e-02
7.294646999999999937e-02
6.815334000000000669e-02
7.951196000000000652e-02
7.558259999999999978e-02
8.077953000000000217e-02
7.824200000000000599e-02
7.309897999999999396e-02
7.530494999999999550e-02
7.444940999999999365e-02
7.693953000000000597e-02
6.817798999999999388e-02
6.960450999999999444e-02
6.902690999999999688e-02
6.873991000000000129e-02
7.201826999999999535e-02
6.730616000000000376e-02
7.189213999999999327e-02
7.263361999999999596e-02
5.502746000000000026e-02
