5.077265000000000250e-02
7.327316999999999858e-02
8.329649999999999554e-02
8.307607000000000186e-02
7.747458000000000122e-02
9.106822000000000528e-02
9.123754000000000586e-02
8.997177000000000646e-02
9.504854000000000080e-02
7.814820000000000100e-02
7.980853999999999726e-02
6.901769000000000653e-02
8.065627999999999687e-02
1.098028399999999988e-01
1.205275999999999986e-01
1.548622299999999896e-01
2.005230899999999872e-01
1.757742300000000035e-01
1.630689499999999903e-01
1.308532500000000043e-01
1.206994900000000065e-01
9.121632999999999825e-02
7.630288999999999822e-02
7.330051999999999401e-02
7.250790000000000013e-02
7.435319999999999430e-02
7.419074000000000502e-02
8.046097000000000665e-02
8.284542999999999768e-02
1.001031200000000038e-01
1.029893000000000058e-01
9.593005000000000282e-02
8.865486000000000200e-02
7.207797000000000509e-02
7.511138000000000536e-02
8.222300999999999915e-02
7.416831999999999592e-02
7.154850000000000099e-02
7.091108999999999607e-02
7.572088000000000430e-02
7.123448000000000280e-02
7.417522999999999478e-02
6.822187000000000390e-02
6.857969999999999344e-02
6.734556999999999349e-02
6.951744999999999453e-02
6.716453000000000007e-02
7.147581000000000073e-02
6.733893999999999991e-02
7.103072000000000552e-02
7.313559999999999506e-02
7.612211000000000671e-02
7.464271000000000100e-02
7.647434000000000176e-02
6.872991999999999990e-02
6.911984999999999657e-02
6.914878000000000691e-02
7.216327000000000158e-02
7.544924000000000075e-02
7.214942000000000577e-02
6.877859000000000056e-02
7.336842999999999837e-02
6.682456000000000507e-02
5.811250999999999917e-02
