5.850861999999999730e-02
8.849046000000000689e-02
9.526830000000000020e-02
1.067043800000000014e-01
9.285332000000000308e-02
7.491883000000000570e-02
7.408393000000000617e-02
6.626208000000000098e-02
7.624678000000000011e-02
9.107919999999999905e-02
8.662678000000000045e-02
8.049288000000000276e-02
9.178756000000000415e-02
9.065452000000000232e-02
1.073437899999999945e-01
9.166855999999999616e-02
1.002987500000000060e-01
9.784391000000000616e-02
7.277706000000000452e-02
6.692270999999999637e-02
8.283585999999999727e-02
1.260321600000000042e-01
1.607275599999999915e-01
1.812612399999999901e-01
1.821200000000000041e-01
1.998947399999999874e-01
1.839491699999999952e-01
1.294280899999999956e-01
1.096518699999999985e-01
8.549294000000000338e-02
7.363516000000000505e-02
6.776214999999999322e-02
6.996921000000000390e-02
7.037867999999999902e-02
7.322953000000000101e-02
8.243796999999999930e-02
8.003119000000000205e-02
1.081389499999999976e-01
1.068804099999999951e-01
7.766765000000000474e-02
7.076472999999999791e-02
6.885463999999999474e-02
6.756388000000000671e-02
7.022280000000000189e-02
7.832567000000000002e-02
7.895894999999999997e-02
6.985518000000000283e-02
7.583117999999999803e-02
7.583903999999999646e-02
7.191743999999999915e-02
7.051644999999999441e-02
6.767028999999999406e-02
6.589868000000000114e-02
7.095791999999999378e-02
7.544341000000000241e-02
7.667403999999999886e-02
6.991274000000000099e-02
6.803989000000000564e-02
6.985839000000000631e-02
7.113437999999999706e-02
7.498251999999999695e-02
7.389563000000000381e-02
7.863238000000000172e-02
5.503109999999999946e-02
