5.300156999999999785e-02
6.559653000000000012e-02
6.501587000000000338e-02
6.731449999999999934e-02
6.708506000000000191e-02
6.979958999999999469e-02
6.975156999999999885e-02
6.736765999999999588e-02
6.485499000000000125e-02
6.580930000000000113e-02
6.683385000000000020e-02
6.794704000000000021e-02
6.635815999999999937e-02
6.733532999999999880e-02
6.714634999999999354e-02
6.495104999999999629e-02
6.951137999999999761e-02
6.748266999999999460e-02
6.766888000000000070e-02
6.693651000000000462e-02
6.795368000000000241e-02
6.631794000000000577e-02
6.747055999999999887e-02
6.718604000000000243e-02
6.533431000000000655e-02
6.784244000000000385e-02
6.658865999999999397e-02
6.905107000000000605e-02
6.893029999999999990e-02
6.537199999999999955e-02
6.697488999999999526e-02
6.461173000000000610e-02
6.711561000000000610e-02
6.740060000000000495e-02
6.833978999999999748e-02
7.140501999999999960e-02
6.663600999999999552e-02
6.664193000000000200e-02
7.053012999999999644e-02
6.913640000000000063e-02
7.042023999999999506e-02
6.979000999999999955e-02
7.461874999999999758e-02
8.066608999999999585e-02
8.405368000000000561e-02
8.316436000000000661e-02
7.821026000000000367e-02
7.971266999999999936e-02
7.044672000000000434e-02
7.152484000000000619e-02
8.477403999999999495e-02
9.050848999999999700e-02
1.116685199999999933e-01
1.411096199999999912e-01
1.605049199999999954e-01
1.529194399999999898e-01
1.520907999999999982e-01
1.394470200000000049e-01
1.272196300000000002e-01
1.055953399999999959e-01
8.711351000000000511e-02
7.307967999999999409e-02
6.311796999999999547e-02
5.757280000000000036e-02
