6.848917000000000199e-02
1.213149399999999961e-01
1.294495499999999966e-01
1.341057900000000025e-01
1.034492300000000031e-01
7.760841000000000267e-02
6.626867000000000174e-02
6.892615000000000547e-02
9.291286999999999463e-02
1.124060399999999987e-01
8.268831999999999571e-02
7.393241000000000396e-02
9.333017000000000396e-02
1.211968999999999963e-01
1.698903400000000008e-01
1.525494199999999911e-01
1.346025799999999994e-01
9.712199000000000526e-02
7.021715000000000595e-02
7.928166999999999853e-02
1.454617099999999941e-01
2.593285100000000121e-01
3.291786300000000276e-01
3.432169899999999996e-01
3.222005700000000195e-01
3.113278999999999908e-01
2.429315999999999975e-01
1.789710499999999926e-01
1.244271299999999969e-01
7.522207000000000199e-02
7.608144000000000018e-02
8.007514000000000298e-02
8.077206000000000663e-02
9.497800000000000686e-02
1.237382300000000046e-01
1.309365200000000007e-01
1.365612900000000018e-01
1.577805599999999864e-01
1.370898200000000011e-01
9.401731000000000671e-02
7.787133999999999723e-02
8.229905999999999333e-02
7.799027000000000043e-02
7.272726000000000190e-02
8.633627000000000662e-02
9.038111000000000061e-02
7.731920000000000459e-02
7.504619999999999347e-02
7.330775000000000485e-02
6.828360999999999459e-02
7.467405000000000570e-02
8.177400999999999420e-02
7.298166000000000375e-02
7.451637999999999318e-02
7.183580999999999994e-02
7.194897999999999572e-02
7.246929000000000565e-02
7.413390000000000257e-02
1.075802200000000042e-01
1.057072299999999992e-01
9.121234999999999760e-02
7.351389999999999314e-02
6.727276999999999563e-02
5.875501000000000335e-02
