5.681706000000000256e-02
6.578459000000000390e-02
6.556257999999999531e-02
6.504194000000000642e-02
6.591305000000000081e-02
6.728955000000000353e-02
6.640846000000000249e-02
6.697844999999999493e-02
7.007866999999999569e-02
6.847776999999999337e-02
6.731782999999999517e-02
6.653913000000000189e-02
6.761309999999999543e-02
6.930569999999999786e-02
6.860083000000000153e-02
7.210745000000000349e-02
6.937543999999999655e-02
6.655524999999999636e-02
6.517572000000000643e-02
6.800277999999999878e-02
7.181972000000000356e-02
7.468824000000000296e-02
7.425645000000000162e-02
6.744105999999999712e-02
6.542190999999999979e-02
7.198485999999999774e-02
7.258175999999999517e-02
7.126784999999999370e-02
7.148129999999999762e-02
6.530827000000000160e-02
6.537714999999999499e-02
6.659929000000000543e-02
7.127688000000000079e-02
6.940672999999999981e-02
6.733484000000000691e-02
7.074874000000000440e-02
7.036578999999999751e-02
7.631018000000000523e-02
7.329715000000000535e-02
6.853497000000000061e-02
6.578314999999999857e-02
6.576556999999999542e-02
7.026746000000000381e-02
7.506769000000000636e-02
7.896306999999999632e-02
8.123495000000000021e-02
9.189864000000000366e-02
1.054631999999999931e-01
9.110244000000000675e-02
8.903125000000000622e-02
7.791942000000000312e-02
7.663126000000000659e-02
7.317487999999999770e-02
8.653325000000000600e-02
1.256501399999999935e-01
1.362517199999999928e-01
1.648326499999999972e-01
1.784402099999999880e-01
1.906914899999999913e-01
1.894512799999999997e-01
1.658274799999999993e-01
1.504157799999999989e-01
9.909851999999999550e-02
5.561056000000000332e-02
