8.155819999999999736e-02
1.581063400000000119e-01
1.151556999999999997e-01
8.401791000000000120e-02
8.076806999999999737e-02
1.061266700000000063e-01
2.201995800000000059e-01
3.518361199999999744e-01
4.035654699999999817e-01
4.571857200000000176e-01
4.744070799999999810e-01
3.978777199999999903e-01
3.731213500000000183e-01
3.118994199999999828e-01
1.724038599999999921e-01
1.257073300000000060e-01
1.026331000000000049e-01
8.151875000000000093e-02
7.324556000000000122e-02
8.890223999999999349e-02
9.494249999999999912e-02
1.056415400000000060e-01
1.332976700000000070e-01
1.376380500000000118e-01
1.826702799999999904e-01
1.819785999999999904e-01
1.204353699999999999e-01
7.511906999999999612e-02
7.896965999999999708e-02
8.397625000000000228e-02
1.013260400000000061e-01
8.926908000000000065e-02
7.524018999999999846e-02
8.469300999999999913e-02
9.733878999999999448e-02
8.743254999999999777e-02
7.840569000000000011e-02
8.394369000000000136e-02
8.556353999999999349e-02
8.058510000000000673e-02
7.198142999999999903e-02
7.488195000000000268e-02
7.624055999999999889e-02
8.595819000000000376e-02
8.064448999999999923e-02
8.306318999999999508e-02
7.506709999999999772e-02
6.707446999999999715e-02
7.332563999999999749e-02
8.760600999999999805e-02
9.335685999999999984e-02
1.005924700000000033e-01
7.704545999999999617e-02
6.726622999999999630e-02
7.125441999999999887e-02
8.617524000000000017e-02
8.851854000000000666e-02
8.167776999999999676e-02
8.352909999999999502e-02
8.046889000000000125e-02
6.657886000000000359e-02
7.254766999999999466e-02
8.638951000000000269e-02
5.953877999999999948e-02
