6.413512999999999853e-02
8.657887999999999695e-02
7.507775999999999339e-02
7.192083999999999977e-02
8.483422999999999659e-02
9.879627000000000547e-02
8.541437999999999808e-02
7.457869000000000304e-02
6.999788999999999317e-02
6.731149999999999634e-02
6.869419999999999693e-02
6.925491000000000286e-02
7.888931999999999889e-02
7.751025000000000276e-02
8.571605000000000196e-02
6.982747000000000259e-02
7.249624000000000346e-02
7.285853999999999941e-02
8.024196000000000106e-02
7.874422999999999839e-02
9.274084000000000494e-02
1.048065100000000055e-01
8.896764000000000061e-02
1.254939999999999944e-01
9.842610999999999721e-02
9.857014999999999527e-02
8.402893999999999641e-02
7.363952999999999471e-02
7.586466999999999516e-02
9.671327999999999869e-02
1.252791400000000110e-01
1.171345000000000025e-01
1.162635900000000000e-01
1.069501699999999972e-01
1.289982100000000020e-01
1.139640199999999992e-01
9.085213999999999790e-02
1.114635800000000065e-01
1.375697700000000079e-01
1.876595299999999911e-01
3.008982800000000180e-01
4.415186300000000230e-01
4.728574799999999967e-01
4.777592700000000137e-01
4.651957800000000032e-01
3.652286499999999880e-01
2.624517399999999889e-01
1.998129600000000117e-01
1.381021299999999896e-01
1.085759599999999991e-01
9.093974000000000502e-02
8.840133999999999492e-02
1.242698799999999992e-01
1.590784199999999982e-01
1.911465499999999984e-01
2.752007799999999782e-01
2.439490699999999901e-01
1.995561399999999930e-01
1.727477000000000040e-01
1.861024300000000131e-01
1.345907299999999918e-01
9.735657000000000338e-02
8.868937999999999822e-02
6.187403999999999821e-02
