5.427293999999999868e-02
8.725019999999999998e-02
1.127052399999999982e-01
1.054491199999999934e-01
1.166926199999999969e-01
1.486679800000000051e-01
1.316729600000000056e-01
1.347714200000000029e-01
1.823420099999999988e-01
1.813594000000000039e-01
1.752672000000000119e-01
1.044753900000000013e-01
8.216458000000000095e-02
1.172152100000000002e-01
1.743169999999999997e-01
3.087327500000000002e-01
3.985951200000000250e-01
3.921560599999999730e-01
4.191529800000000083e-01
4.111836300000000222e-01
3.382028300000000098e-01
2.377319300000000080e-01
1.421552199999999988e-01
1.156121299999999935e-01
7.390135000000000454e-02
8.064926999999999513e-02
8.637035999999999325e-02
8.363742000000000398e-02
9.266019999999999812e-02
1.285166600000000048e-01
1.875480900000000006e-01
1.521370700000000131e-01
1.525630799999999898e-01
1.108499800000000007e-01
1.099801400000000040e-01
9.272342999999999558e-02
8.173373000000000443e-02
8.861552000000000318e-02
8.399402000000000257e-02
1.022010099999999949e-01
7.898454000000000585e-02
8.075453000000000492e-02
7.391164000000000067e-02
7.081872999999999641e-02
6.652044000000000012e-02
7.620910000000000184e-02
8.016199999999999715e-02
7.929016999999999316e-02
7.197781000000000318e-02
7.374126000000000292e-02
9.733743999999999730e-02
9.452792000000000139e-02
1.013667699999999949e-01
9.500893000000000532e-02
7.851326000000000138e-02
7.437206999999999846e-02
7.067879000000000522e-02
7.874575000000000324e-02
8.203862000000000654e-02
7.962761999999999618e-02
7.683056000000000607e-02
8.408561999999999981e-02
7.608718999999999899e-02
6.125931999999999905e-02
