5.868225999999999998e-02
7.944089999999999485e-02
8.416969000000000534e-02
7.399490999999999707e-02
7.033001999999999310e-02
8.621473999999999804e-02
1.011569100000000027e-01
1.041771799999999942e-01
1.083282799999999990e-01
9.893931000000000253e-02
8.382393999999999956e-02
6.865944999999999687e-02
6.705218000000000289e-02
7.878859000000000556e-02
1.022360400000000002e-01
1.157823800000000042e-01
1.165779100000000068e-01
8.368620000000000225e-02
9.661314999999999487e-02
1.411691599999999880e-01
1.607650499999999927e-01
1.163834599999999941e-01
8.529156999999999711e-02
6.991522000000000014e-02
1.134583400000000047e-01
2.000777699999999881e-01
2.981743499999999769e-01
3.673875600000000019e-01
4.164520500000000180e-01
3.286215399999999898e-01
2.851780400000000215e-01
2.259336399999999911e-01
1.829755200000000026e-01
9.642713999999999452e-02
7.610311999999999633e-02
6.824753000000000069e-02
7.675909000000000204e-02
8.600802999999999920e-02
9.208803000000000127e-02
9.527098999999999984e-02
1.214915699999999932e-01
1.265747700000000031e-01
1.175221199999999938e-01
8.647971000000000130e-02
7.972013999999999490e-02
6.861905000000000088e-02
7.181268000000000373e-02
7.774269999999999792e-02
7.361027000000000542e-02
8.384490999999999472e-02
8.145465000000000344e-02
7.375447000000000253e-02
6.907117999999999591e-02
7.792614000000000485e-02
6.876172999999999313e-02
6.810372000000000647e-02
6.610502000000000045e-02
7.003260000000000041e-02
7.051715999999999540e-02
7.225605000000000222e-02
7.494082000000000521e-02
7.287096999999999325e-02
6.928462999999999983e-02
5.903196000000000138e-02
