5.099986000000000103e-02
7.084616000000000524e-02
6.840055999999999914e-02
7.138318000000000441e-02
6.776181000000000565e-02
7.287804999999999978e-02
6.605149000000000437e-02
6.573180000000000689e-02
6.443817999999999768e-02
6.583548999999999651e-02
7.963568999999999509e-02
6.652922000000000002e-02
6.835199000000000136e-02
7.795662000000000424e-02
8.237471000000000376e-02
9.661332999999999727e-02
7.677549000000000179e-02
7.310281999999999891e-02
6.311326999999999909e-02
6.877284000000000175e-02
7.161961000000000022e-02
7.706851000000000673e-02
8.666426000000000684e-02
8.046453000000000633e-02
7.470300000000000551e-02
8.424536999999999998e-02
9.282954000000000205e-02
1.001452199999999931e-01
8.203283999999999576e-02
6.571662999999999810e-02
7.098301999999999390e-02
8.305956999999999923e-02
1.079183699999999996e-01
1.477451800000000037e-01
1.227747399999999933e-01
1.248773900000000048e-01
1.459179800000000027e-01
1.371180700000000086e-01
1.170086000000000043e-01
8.747858000000000023e-02
6.985676999999999859e-02
6.467237000000000680e-02
6.497047999999999712e-02
6.657496999999999721e-02
6.804704000000000308e-02
7.353418000000000454e-02
8.059080000000000410e-02
8.420558999999999683e-02
6.953824000000000116e-02
7.413788999999999796e-02
7.421787999999999996e-02
7.293895999999999713e-02
7.053657000000000676e-02
7.560008999999999479e-02
7.064429999999999321e-02
7.263590000000000324e-02
7.097580000000000555e-02
7.313904999999999712e-02
7.309113999999999889e-02
7.127408999999999828e-02
7.602105000000000667e-02
7.578389000000000653e-02
6.549012999999999363e-02
5.318416000000000116e-02
