5.399335999999999719e-02
7.466578000000000104e-02
7.952262999999999693e-02
7.349701999999999624e-02
6.926746000000000292e-02
7.068106000000000388e-02
7.137061000000000099e-02
7.637491999999999892e-02
7.872906000000000348e-02
8.500779999999999448e-02
7.817652999999999408e-02
7.359751000000000487e-02
6.676801000000000264e-02
7.160777999999999588e-02
8.094249000000000582e-02
9.393790000000000473e-02
1.059351899999999985e-01
8.355020999999999975e-02
8.211201999999999390e-02
9.538120999999999405e-02
1.173358899999999982e-01
1.090231200000000011e-01
8.619047999999999987e-02
7.199334000000000289e-02
7.412884000000000140e-02
8.992898000000000558e-02
1.151370000000000032e-01
1.818866299999999936e-01
2.570720300000000069e-01
2.554214599999999891e-01
2.368595300000000126e-01
2.311753599999999964e-01
1.911841900000000039e-01
1.037221799999999972e-01
8.255079999999999363e-02
7.883547000000000471e-02
9.304523000000000654e-02
7.739840000000000608e-02
7.070906999999999887e-02
7.577815999999999719e-02
8.067219999999999946e-02
1.161809899999999979e-01
1.333404800000000112e-01
9.592573000000000072e-02
9.852813000000000543e-02
9.997744000000000075e-02
7.779184999999999572e-02
7.164814999999999379e-02
7.564729000000000592e-02
7.774121000000000503e-02
7.614603999999999817e-02
7.894447999999999743e-02
7.534652999999999490e-02
9.009602999999999362e-02
8.027955000000000507e-02
7.267386000000000679e-02
7.966523999999999828e-02
7.901080000000000603e-02
7.072393999999999903e-02
7.202359999999999318e-02
8.008663000000000587e-02
6.856632999999999478e-02
6.524222000000000354e-02
5.618018000000000317e-02
