5.578438000000000146e-02
6.931513000000000257e-02
6.606900999999999746e-02
6.633324000000000165e-02
6.913126999999999467e-02
6.749447000000000085e-02
7.071620000000000683e-02
6.802716000000000318e-02
6.635175000000000101e-02
6.582860999999999574e-02
6.811387000000000691e-02
6.471950999999999399e-02
6.799795000000000145e-02
6.905348000000000042e-02
6.922525000000000206e-02
7.211288000000000420e-02
7.823165999999999454e-02
8.889797000000000671e-02
8.151940000000000575e-02
7.713182000000000371e-02
7.169056999999999513e-02
7.151446999999999665e-02
8.714299999999999824e-02
1.000764400000000026e-01
1.000039399999999995e-01
9.876762999999999515e-02
8.522079000000000459e-02
1.052747899999999931e-01
9.582403999999999922e-02
8.887005000000000599e-02
8.992421999999999915e-02
7.770074999999999898e-02
8.045673000000000408e-02
1.257050000000000112e-01
1.699304399999999882e-01
2.442255000000000120e-01
3.233557599999999921e-01
3.199046899999999916e-01
2.684394399999999736e-01
1.952020499999999881e-01
1.267724799999999930e-01
9.719054000000000582e-02
1.007137200000000066e-01
9.370671999999999335e-02
7.298074000000000228e-02
6.591861000000000248e-02
7.475152999999999659e-02
7.507693000000000005e-02
7.560765999999999321e-02
9.081503999999999965e-02
9.619706999999999564e-02
8.644818999999999420e-02
8.274194999999999467e-02
7.925443000000000071e-02
7.993124000000000062e-02
8.334495000000000098e-02
8.424128999999999645e-02
7.974154999999999438e-02
6.950915000000000565e-02
7.415897999999999934e-02
7.471408000000000216e-02
8.361126000000000669e-02
8.919230000000000214e-02
5.638525999999999955e-02
