6.458674999999999833e-02
9.699375999999999831e-02
1.413157600000000125e-01
1.101036900000000041e-01
1.510111500000000107e-01
1.679735900000000060e-01
1.461957799999999974e-01
1.308519700000000119e-01
1.099352900000000050e-01
7.364418000000000353e-02
7.993498000000000270e-02
1.427292799999999862e-01
2.663916599999999746e-01
3.197370800000000068e-01
3.632038499999999948e-01
4.444740400000000147e-01
4.590090800000000137e-01
3.317396899999999760e-01
2.866964000000000179e-01
1.777105800000000069e-01
1.178327099999999933e-01
7.935707000000000177e-02
7.068926000000000376e-02
7.538759999999999906e-02
9.146340000000000026e-02
9.592456000000000593e-02
1.449426000000000048e-01
1.535364999999999924e-01
1.406611399999999901e-01
1.504911899999999969e-01
1.456244700000000059e-01
9.145958999999999339e-02
8.250994999999999857e-02
8.406099999999999683e-02
9.096919000000000533e-02
9.802616000000000107e-02
9.789461000000000690e-02
7.251470000000000138e-02
7.623203000000000618e-02
7.844600000000000184e-02
7.934136999999999440e-02
7.183654999999999902e-02
7.214268999999999543e-02
7.154259000000000313e-02
7.299548999999999621e-02
6.940467999999999638e-02
7.310614999999999475e-02
7.836139000000000299e-02
8.257873000000000296e-02
8.971890000000000420e-02
8.616690000000000460e-02
7.643260999999999805e-02
7.172655999999999477e-02
7.014995000000000258e-02
7.521540000000000170e-02
7.966223000000000054e-02
8.443776999999999533e-02
8.118277000000000132e-02
7.603390999999999622e-02
7.527068000000000647e-02
7.011554000000000397e-02
6.764087000000000571e-02
7.144391999999999410e-02
5.914926999999999685e-02
