5.855207999999999940e-02
8.030958000000000541e-02
9.178437999999999874e-02
9.226934999999999998e-02
1.052966199999999936e-01
1.165906000000000026e-01
8.978239000000000358e-02
6.733118000000000436e-02
7.159978000000000176e-02
8.009399999999999853e-02
1.017660799999999949e-01
1.369498799999999961e-01
2.042409799999999886e-01
2.448428699999999902e-01
2.628920699999999777e-01
2.671201799999999849e-01
2.507500899999999810e-01
2.066764199999999996e-01
1.469791099999999962e-01
9.091965999999999937e-02
7.858299000000000534e-02
7.286362000000000394e-02
7.054705999999999477e-02
7.752652000000000154e-02
9.016390000000000515e-02
9.798068999999999529e-02
1.354526100000000011e-01
1.608136599999999972e-01
1.316169899999999893e-01
1.443247599999999964e-01
1.342286500000000049e-01
9.902550000000000241e-02
9.457967000000000457e-02
1.093264099999999989e-01
9.761628999999999445e-02
1.080003499999999950e-01
1.064065800000000006e-01
7.499023000000000494e-02
7.719444000000000305e-02
8.047994999999999455e-02
7.824957000000000440e-02
6.933931000000000122e-02
6.677442999999999573e-02
7.136357000000000117e-02
6.947657000000000138e-02
6.717995999999999690e-02
7.283351999999999882e-02
8.231868000000000518e-02
8.049062999999999357e-02
9.367288999999999477e-02
9.732003999999999655e-02
8.377199000000000451e-02
6.944343000000000043e-02
6.718514000000000430e-02
7.121718999999999966e-02
7.889361999999999764e-02
8.312485000000000013e-02
7.932163000000000408e-02
7.456063000000000274e-02
7.292534000000000516e-02
6.735932000000000031e-02
6.533967999999999721e-02
7.038379000000000163e-02
5.608602000000000032e-02
