6.202273999999999982e-02
8.769248000000000320e-02
7.441428999999999405e-02
7.476112000000000035e-02
7.244230000000000114e-02
7.397921000000000358e-02
7.485497000000000678e-02
8.222841000000000178e-02
8.314995999999999499e-02
7.173968000000000012e-02
6.884144000000000374e-02
6.849305999999999450e-02
7.152443999999999469e-02
8.111485000000000223e-02
8.425525999999999849e-02
7.087788000000000421e-02
7.094928999999999819e-02
8.677654999999999397e-02
9.820418999999999676e-02
1.081957399999999986e-01
1.112633600000000056e-01
8.821141999999999872e-02
7.879352000000000578e-02
8.204356000000000149e-02
1.004440499999999931e-01
1.087722700000000042e-01
1.085608099999999937e-01
1.134296999999999944e-01
1.088465799999999983e-01
1.389209000000000138e-01
1.435766500000000001e-01
1.125154399999999943e-01
9.573579999999999590e-02
9.031741999999999548e-02
1.114132600000000001e-01
1.744452900000000029e-01
2.765686199999999872e-01
3.388188500000000047e-01
3.986903700000000161e-01
3.549922099999999747e-01
2.889124200000000031e-01
2.324312299999999887e-01
1.641916800000000065e-01
1.263002500000000028e-01
7.105549999999999367e-02
6.974233999999999989e-02
7.599931999999999521e-02
8.223761999999999739e-02
1.039202099999999990e-01
1.414576499999999903e-01
1.452511300000000061e-01
1.940631899999999965e-01
1.512982200000000110e-01
1.356349699999999936e-01
1.013877499999999987e-01
8.529770000000000407e-02
8.779808999999999530e-02
9.981524999999999426e-02
7.625619000000000147e-02
9.061181999999999570e-02
9.335704999999999698e-02
1.002074000000000020e-01
1.128238300000000000e-01
5.947166999999999731e-02
