6.141048000000000340e-02
1.018764100000000006e-01
7.505815000000000403e-02
7.141369000000000189e-02
8.639781000000000544e-02
8.787683000000000300e-02
8.808612999999999860e-02
7.346830999999999501e-02
6.530777000000000110e-02
7.123084999999999833e-02
1.012108599999999997e-01
1.139016899999999999e-01
1.014880499999999963e-01
1.096594399999999969e-01
1.152085600000000015e-01
1.010409099999999977e-01
7.691104999999999470e-02
7.593038000000000565e-02
9.577075999999999645e-02
1.219080500000000039e-01
8.801251999999999687e-02
1.423612700000000120e-01
1.863928400000000041e-01
8.987477000000000660e-02
1.492497600000000091e-01
1.535367099999999929e-01
1.024525700000000067e-01
1.625193799999999911e-01
8.897886000000000684e-02
1.332216900000000037e-01
2.653285000000000227e-01
4.063591699999999918e-01
2.814633500000000010e-01
3.166813600000000228e-01
3.397341999999999862e-01
3.119852200000000075e-01
2.120659099999999964e-01
2.275314499999999962e-01
2.584911899999999818e-01
2.149329199999999995e-01
2.714486400000000188e-01
2.459442000000000017e-01
1.529706999999999872e-01
1.194742500000000041e-01
1.427343600000000046e-01
2.030194800000000022e-01
1.747169000000000083e-01
1.522349600000000025e-01
1.087707700000000027e-01
8.714901999999999371e-02
8.688237000000000043e-02
7.215225999999999584e-02
6.831653000000000031e-02
9.669186000000000447e-02
1.480318800000000046e-01
1.399682899999999952e-01
1.151842299999999986e-01
9.978650999999999494e-02
9.782420999999999478e-02
9.270409999999999762e-02
7.591544999999999543e-02
8.640557000000000099e-02
8.077270000000000283e-02
5.915317999999999965e-02
