5.469972000000000029e-02
7.059147000000000338e-02
8.345099999999999740e-02
1.002225199999999955e-01
1.201557300000000023e-01
1.269768300000000127e-01
1.441166999999999865e-01
1.220251499999999989e-01
1.148048200000000019e-01
1.046775300000000047e-01
1.010992599999999964e-01
8.016713999999999785e-02
7.411173999999999540e-02
6.951620999999999495e-02
7.108723999999999599e-02
8.143728999999999552e-02
8.259362000000000648e-02
7.781897000000000120e-02
7.141282000000000185e-02
7.012809999999999877e-02
7.412634999999999363e-02
7.899751000000000689e-02
7.029762999999999984e-02
6.581288999999999889e-02
6.688528000000000528e-02
6.667386999999999619e-02
6.697116000000000180e-02
6.876416999999999946e-02
6.943568999999999436e-02
6.813423999999999869e-02
6.426326999999999734e-02
6.462363999999999609e-02
6.588987000000000316e-02
6.488985999999999366e-02
6.521609999999999907e-02
6.742546000000000650e-02
6.963136000000000325e-02
7.056165000000000354e-02
7.144449999999999412e-02
7.408283000000000229e-02
7.199574999999999725e-02
8.087204000000000614e-02
8.548788999999999694e-02
7.618912999999999380e-02
6.671198999999999879e-02
8.183553000000000355e-02
8.627211999999999381e-02
8.453210999999999364e-02
7.780879999999999741e-02
8.280039999999999623e-02
6.966142999999999641e-02
6.751801000000000330e-02
6.913967000000000029e-02
8.701828999999999814e-02
9.105433999999999750e-02
8.141305000000000069e-02
7.835290000000000310e-02
7.215336999999999446e-02
7.474155999999999855e-02
7.321674000000000238e-02
8.185520999999999769e-02
6.946808999999999623e-02
8.705817000000000416e-02
6.213611000000000134e-02
