5.492009999999999947e-02
6.431918000000000357e-02
6.888576000000000421e-02
7.075526000000000038e-02
7.244802000000000186e-02
7.234309999999999352e-02
6.489931000000000172e-02
6.314902999999999489e-02
6.456908999999999565e-02
6.991152000000000477e-02
7.387707000000000301e-02
7.341271000000000602e-02
7.489859999999999574e-02
7.643880999999999593e-02
7.145828999999999376e-02
8.304190999999999656e-02
8.336854999999999960e-02
6.906215000000000270e-02
6.708153000000000032e-02
7.163136999999999976e-02
6.718736000000000153e-02
7.349485999999999519e-02
8.421056000000000374e-02
7.469792999999999572e-02
8.834656000000000453e-02
1.075548800000000055e-01
1.148442300000000055e-01
1.298085200000000106e-01
1.210831899999999933e-01
1.220575899999999936e-01
8.635711999999999555e-02
7.260819999999999774e-02
8.747984999999999789e-02
1.120107500000000061e-01
1.304990400000000106e-01
1.464631299999999969e-01
1.484598699999999938e-01
1.994971200000000000e-01
2.313905500000000004e-01
1.978087699999999949e-01
1.487630500000000078e-01
1.171623100000000056e-01
1.658071999999999879e-01
3.009807800000000033e-01
4.272917199999999860e-01
5.745553399999999700e-01
6.467105199999999554e-01
6.504112499999999963e-01
6.313965900000000353e-01
4.949343800000000071e-01
4.531720000000000192e-01
3.908975100000000036e-01
2.458389099999999938e-01
2.001092899999999952e-01
7.574432000000000387e-02
7.547268999999999506e-02
1.027645699999999995e-01
1.071859200000000040e-01
1.232228900000000016e-01
1.746290299999999907e-01
1.944075100000000056e-01
1.900521199999999911e-01
1.787187000000000081e-01
7.339110999999999552e-02
