7.009690000000000365e-02
1.965466299999999999e-01
3.152650000000000174e-01
4.083385800000000065e-01
4.641225299999999776e-01
4.735470999999999986e-01
4.546548400000000045e-01
3.969826699999999819e-01
3.314908999999999772e-01
2.473451500000000136e-01
2.021597599999999939e-01
1.094602600000000037e-01
7.685875999999999819e-02
6.631004000000000065e-02
7.420519999999999894e-02
7.750856999999999886e-02
8.175593999999999917e-02
1.031807599999999964e-01
1.123022500000000062e-01
9.470320000000000127e-02
9.610531999999999409e-02
9.132165000000000421e-02
7.795572000000000612e-02
7.393344000000000305e-02
6.591441000000000661e-02
6.970957999999999322e-02
6.735364000000000628e-02
7.366343999999999670e-02
7.499316000000000315e-02
7.939546999999999577e-02
6.925402999999999420e-02
6.481602000000000197e-02
6.759777999999999620e-02
7.098883000000000276e-02
6.545027000000000483e-02
6.727669999999999484e-02
6.680241000000000651e-02
6.662481000000000653e-02
6.882127999999999857e-02
7.050929999999999698e-02
6.678314999999999946e-02
6.976217999999999309e-02
6.893056000000000183e-02
7.316659000000000357e-02
7.015308000000000654e-02
7.635709999999999720e-02
7.413580999999999643e-02
7.072489999999999333e-02
6.871365999999999585e-02
6.920682999999999696e-02
6.793464999999999920e-02
6.768741999999999814e-02
6.846341000000000232e-02
7.751726000000000449e-02
7.723657000000000439e-02
7.973062000000000205e-02
7.579613000000000322e-02
6.879654000000000325e-02
6.873361000000000054e-02
6.688365000000000282e-02
7.628058000000000061e-02
6.629564999999999764e-02
7.229003000000000512e-02
5.717190999999999940e-02
