5.047771000000000202e-02
8.625243000000000493e-02
7.428490000000000093e-02
1.114979799999999965e-01
1.397525799999999874e-01
1.163039800000000012e-01
1.535892299999999933e-01
1.061956500000000025e-01
1.075456000000000051e-01
6.939855000000000329e-02
6.907135999999999831e-02
7.338477999999999668e-02
8.850336999999999787e-02
9.720375000000000543e-02
1.442046300000000003e-01
1.331776500000000085e-01
1.374593799999999921e-01
1.187262199999999934e-01
1.485118599999999955e-01
1.478095799999999960e-01
1.288960700000000015e-01
7.002941999999999501e-02
1.282735200000000020e-01
2.150071100000000013e-01
3.009429599999999816e-01
4.315110699999999966e-01
4.793335200000000129e-01
4.305178499999999797e-01
3.878980599999999890e-01
2.396530099999999996e-01
1.646065300000000009e-01
1.015278500000000028e-01
9.010327999999999393e-02
7.714390000000000136e-02
7.744236000000000175e-02
1.008172600000000058e-01
9.795911999999999675e-02
1.461960099999999874e-01
1.813114999999999866e-01
1.525595299999999988e-01
1.389432399999999956e-01
1.081714399999999937e-01
8.717956000000000316e-02
7.789350000000000440e-02
8.011147000000000407e-02
8.869075999999999349e-02
7.037018999999999913e-02
9.319075999999999749e-02
8.227036000000000071e-02
8.590654000000000345e-02
7.666907000000000583e-02
7.116923999999999473e-02
7.200233000000000327e-02
7.437240000000000517e-02
8.607418000000000013e-02
8.569164999999999421e-02
7.233778999999999904e-02
7.052783999999999442e-02
6.759004000000000401e-02
6.949300999999999395e-02
7.445694999999999397e-02
8.103267000000000109e-02
1.057308700000000046e-01
5.954857999999999679e-02
