6.506354999999999777e-02
1.621073000000000097e-01
1.607193500000000108e-01
1.476109899999999975e-01
1.344134200000000057e-01
7.491528000000000076e-02
6.940802999999999556e-02
6.978906999999999472e-02
1.005000800000000055e-01
1.179956000000000060e-01
1.046251599999999948e-01
8.185188999999999659e-02
1.251348599999999867e-01
1.253047999999999940e-01
1.970896599999999999e-01
1.305138000000000131e-01
1.477992800000000051e-01
1.406330500000000094e-01
7.784713000000000049e-02
1.038572499999999982e-01
2.104377699999999962e-01
3.629817100000000130e-01
4.195908300000000257e-01
4.026461499999999805e-01
4.196467400000000181e-01
3.704781200000000219e-01
3.141553999999999736e-01
1.735921199999999887e-01
1.154115299999999983e-01
8.123362000000000638e-02
8.127147999999999317e-02
8.090616000000000474e-02
8.291390999999999345e-02
9.384542999999999358e-02
1.328451900000000019e-01
1.446204199999999995e-01
1.426130100000000123e-01
1.523500799999999988e-01
1.488076299999999963e-01
8.959469000000000460e-02
8.024042000000000674e-02
8.060594999999999566e-02
7.667603000000000613e-02
7.232149000000000216e-02
8.169506999999999464e-02
8.792239000000000304e-02
8.400365999999999389e-02
6.671707999999999805e-02
7.491926000000000141e-02
7.327677999999999969e-02
8.356067000000000355e-02
8.903745999999999883e-02
7.424116999999999522e-02
7.396648000000000112e-02
7.195801999999999754e-02
7.138231000000000437e-02
6.890944999999999709e-02
9.043434999999999668e-02
1.101599999999999940e-01
9.869841000000000031e-02
8.369160000000000488e-02
7.162997000000000114e-02
6.585230999999999724e-02
5.692976000000000286e-02
