5.507261000000000101e-02
6.750826999999999523e-02
7.254228000000000065e-02
7.564326000000000383e-02
7.342896999999999619e-02
7.554748000000000019e-02
6.949922999999999518e-02
6.823199000000000625e-02
6.659320000000000517e-02
7.143091999999999497e-02
7.454713999999999785e-02
8.322920999999999792e-02
7.733366999999999325e-02
7.336947000000000607e-02
7.514036000000000326e-02
8.462153999999999510e-02
8.909366000000000507e-02
7.268043999999999893e-02
6.817117000000000315e-02
7.065059999999999396e-02
7.479207000000000216e-02
7.884405999999999359e-02
8.320423000000000402e-02
8.010346999999999607e-02
9.458598000000000006e-02
9.988379999999999481e-02
1.201124799999999937e-01
1.090092599999999967e-01
8.754203000000000678e-02
8.643140000000000545e-02
7.541026000000000673e-02
9.464443999999999635e-02
1.159406600000000009e-01
1.237615600000000066e-01
1.124672099999999980e-01
1.059799599999999981e-01
1.011679000000000050e-01
1.349992899999999940e-01
1.450858299999999990e-01
1.185414300000000032e-01
9.195478999999999459e-02
7.954448999999999548e-02
1.229934399999999955e-01
2.416887100000000010e-01
3.646839000000000053e-01
4.075276600000000138e-01
4.165387999999999868e-01
3.769878400000000185e-01
3.012869400000000031e-01
1.860324399999999934e-01
1.417424399999999973e-01
1.483157300000000067e-01
8.384555999999999953e-02
7.762528000000000483e-02
9.379771000000000636e-02
9.710702999999999696e-02
9.850585000000000591e-02
8.613825999999999428e-02
1.140174300000000029e-01
1.365671499999999983e-01
1.491821100000000067e-01
1.307251799999999964e-01
9.319597000000000298e-02
6.689965999999999968e-02
