1.190071899999999988e-01
2.620805500000000232e-01
2.459780400000000089e-01
2.101670999999999956e-01
1.784898199999999935e-01
1.599193999999999893e-01
1.340682499999999999e-01
8.765565999999999636e-02
6.887733999999999523e-02
6.845893000000000117e-02
7.079275999999999625e-02
7.459556999999999993e-02
7.876279999999999393e-02
1.156765899999999958e-01
1.381180899999999989e-01
1.251407400000000003e-01
1.095892299999999958e-01
1.032415299999999980e-01
8.686939999999999940e-02
8.090029999999999444e-02
7.664903000000000688e-02
7.357397999999999716e-02
7.061684000000000017e-02
6.597873999999999406e-02
7.105791999999999664e-02
7.602928000000000464e-02
7.152846999999999678e-02
7.036187000000000691e-02
6.943109999999999560e-02
6.805313999999999808e-02
7.222067000000000070e-02
7.902315999999999507e-02
7.700928999999999414e-02
7.095303000000000027e-02
7.328263000000000138e-02
7.490107999999999489e-02
7.533547000000000160e-02
8.120660999999999852e-02
7.747289000000000259e-02
7.151850999999999348e-02
7.151585000000000580e-02
7.470185999999999493e-02
9.093626999999999960e-02
8.532209000000000321e-02
9.238871999999999363e-02
7.284171000000000396e-02
8.387696999999999514e-02
8.743657999999999986e-02
8.576322000000000112e-02
7.659473999999999450e-02
7.143014999999999781e-02
6.868528999999999607e-02
6.635414000000000589e-02
7.015021000000000451e-02
7.436149000000000231e-02
7.687760000000000427e-02
7.671165000000000622e-02
7.530599999999999794e-02
7.487982999999999445e-02
7.477888000000000590e-02
7.816286000000000067e-02
7.891660999999999815e-02
7.721361999999999670e-02
5.930185999999999791e-02
