8.414739999999999720e-02
1.511783499999999891e-01
1.125465999999999966e-01
1.058384599999999953e-01
8.707046000000000230e-02
8.387996999999999814e-02
7.332244999999999735e-02
8.647029999999999994e-02
9.951047999999999838e-02
1.136179600000000040e-01
1.005621299999999996e-01
1.242368400000000012e-01
1.496518400000000082e-01
1.435426200000000097e-01
1.549366699999999986e-01
1.243313900000000000e-01
9.263163000000000646e-02
7.999610000000000054e-02
1.068590999999999985e-01
1.791187099999999865e-01
2.761194100000000096e-01
4.078381400000000157e-01
4.145869899999999886e-01
3.571159199999999756e-01
3.194723700000000055e-01
2.797711199999999843e-01
1.880596700000000121e-01
1.176162500000000055e-01
8.417188000000000447e-02
6.992847000000000646e-02
7.628388999999999309e-02
9.226969999999999617e-02
9.462943999999999523e-02
1.221346600000000060e-01
1.428770299999999882e-01
1.274257599999999990e-01
1.446225200000000044e-01
1.339111199999999946e-01
1.012557000000000040e-01
8.675283999999999773e-02
9.180093999999999754e-02
9.402219000000000548e-02
8.521450999999999332e-02
7.073224000000000178e-02
7.796216999999999731e-02
8.571660999999999864e-02
7.964076000000000488e-02
7.202020000000000644e-02
7.269846000000000641e-02
7.131191000000000613e-02
8.508243000000000056e-02
9.274950999999999335e-02
7.201275999999999511e-02
6.893195000000000572e-02
7.434717999999999882e-02
7.785691000000000139e-02
7.919334999999999569e-02
8.599101000000000661e-02
1.111689899999999953e-01
1.084159199999999990e-01
8.089367000000000085e-02
6.780590999999999702e-02
6.441473999999999811e-02
5.794900000000000051e-02
