6.429914999999999936e-02
1.041934600000000016e-01
1.165136999999999978e-01
1.474124800000000124e-01
1.116777999999999937e-01
7.604547999999999863e-02
7.142656999999999479e-02
6.595644999999999980e-02
8.061875000000000291e-02
9.839072000000000096e-02
8.641748999999999958e-02
9.186386000000000551e-02
9.533663000000000554e-02
1.042486499999999983e-01
1.430146800000000051e-01
1.412420299999999906e-01
1.251241700000000068e-01
1.159404500000000005e-01
7.622500999999999582e-02
6.817884999999999918e-02
1.087961900000000010e-01
2.125555000000000083e-01
2.883186600000000044e-01
2.991655200000000181e-01
2.996109399999999923e-01
3.100128799999999907e-01
2.567292199999999802e-01
1.836951500000000015e-01
1.441453500000000054e-01
8.278963999999999768e-02
7.367371999999999810e-02
7.362963000000000147e-02
7.436368999999999618e-02
8.204227999999999521e-02
9.486846000000000168e-02
1.076441699999999974e-01
1.169581999999999983e-01
1.543201200000000051e-01
1.544568400000000119e-01
9.765553999999999901e-02
7.873905000000000487e-02
7.659955999999999710e-02
7.321759999999999380e-02
7.829366000000000103e-02
8.842434999999999878e-02
8.317325000000000412e-02
7.318471000000000004e-02
7.770989000000000368e-02
7.835670999999999609e-02
7.221687999999999719e-02
7.456132999999999511e-02
7.473483999999999683e-02
7.056875999999999427e-02
7.677433999999999648e-02
8.075469000000000397e-02
7.876785999999999510e-02
7.043504000000000431e-02
7.611616999999999689e-02
9.740680000000000172e-02
8.965560999999999670e-02
8.445204000000000599e-02
8.185969999999999358e-02
7.993783000000000138e-02
5.784750999999999782e-02
