6.009007999999999711e-02
8.025469999999999826e-02
7.652219000000000382e-02
8.045470000000000399e-02
8.126007000000000369e-02
7.728643000000000318e-02
6.963051000000000657e-02
6.574832999999999372e-02
6.856558000000000097e-02
7.907187999999999717e-02
8.798419000000000378e-02
7.892316000000000609e-02
7.125433999999999934e-02
7.185742000000000518e-02
7.831454000000000193e-02
7.464653000000000260e-02
8.389612000000000458e-02
8.419672000000000267e-02
7.611239999999999672e-02
6.845107999999999748e-02
7.254929000000000239e-02
8.139952000000000298e-02
8.576918000000000042e-02
7.570346000000000020e-02
6.800605999999999318e-02
6.829934999999999479e-02
7.967950000000000033e-02
8.912285999999999819e-02
8.942642000000000646e-02
7.052008999999999361e-02
8.447883999999999949e-02
8.621088999999999836e-02
8.820803000000000671e-02
8.591287999999999703e-02
8.155436000000000629e-02
7.402205000000000590e-02
7.489199000000000550e-02
8.495592000000000421e-02
9.488451000000000524e-02
8.059479999999999422e-02
7.246626999999999930e-02
8.175643999999999967e-02
9.180322000000000482e-02
1.013173899999999933e-01
9.756252999999999453e-02
7.732306999999999375e-02
7.783606999999999332e-02
8.634400999999999882e-02
9.571838000000000568e-02
1.203657300000000041e-01
1.554701000000000000e-01
1.576909700000000136e-01
1.741486499999999882e-01
1.735800100000000068e-01
1.753173199999999987e-01
1.383589799999999925e-01
1.022412099999999990e-01
8.662930000000000630e-02
8.652200000000000168e-02
7.568260999999999739e-02
7.078642000000000267e-02
6.739083999999999353e-02
6.331362000000000101e-02
5.383475000000000066e-02
