5.558368000000000336e-02
6.726867000000000263e-02
6.463513999999999371e-02
7.099017999999999995e-02
7.667152000000000689e-02
7.406630000000000158e-02
9.281343999999999705e-02
8.019803000000000348e-02
7.801455000000000195e-02
7.045613000000000570e-02
6.862253000000000103e-02
6.629319000000000184e-02
7.416805999999999399e-02
8.127855999999999970e-02
9.379118999999999651e-02
8.910716999999999943e-02
8.171269000000000449e-02
7.494459000000000537e-02
8.335905999999999871e-02
1.003446600000000022e-01
1.053738099999999983e-01
7.438503999999999949e-02
7.119443000000000299e-02
7.602211000000000385e-02
1.099861200000000067e-01
1.397805199999999914e-01
1.763400999999999996e-01
1.805020099999999905e-01
1.723928499999999864e-01
1.404914700000000072e-01
1.169783699999999982e-01
9.552953000000000139e-02
9.227101000000000053e-02
7.086333999999999689e-02
6.505080000000000584e-02
7.115602000000000038e-02
7.177646000000000026e-02
7.470770999999999662e-02
8.026120999999999950e-02
8.558053000000000188e-02
8.848300000000000609e-02
8.437894999999999424e-02
7.923642000000000185e-02
7.045189000000000312e-02
6.865226000000000661e-02
6.586433999999999345e-02
6.979100000000000581e-02
7.219791000000000403e-02
6.634270000000000445e-02
7.004744000000000248e-02
7.225235000000000685e-02
7.517471000000000569e-02
7.051871999999999308e-02
7.233351999999999837e-02
6.772503000000000550e-02
6.641637999999999709e-02
6.517448000000000685e-02
6.581357000000000179e-02
6.978399999999999881e-02
6.877970999999999391e-02
6.718533999999999617e-02
6.848595000000000377e-02
6.595270999999999773e-02
5.529745999999999967e-02
