5.727153000000000105e-02
7.575062000000000462e-02
7.050362999999999769e-02
6.755207000000000572e-02
6.668754999999999822e-02
6.536524000000000501e-02
6.432999999999999829e-02
6.565476000000000645e-02
6.996660000000000379e-02
6.924842999999999971e-02
6.946670000000000622e-02
6.636150999999999855e-02
6.732883000000000617e-02
7.188387999999999722e-02
7.098765999999999410e-02
6.814813000000000121e-02
6.924250999999999323e-02
6.714791999999999983e-02
6.742533000000000554e-02
7.022109999999999463e-02
6.617565000000000253e-02
7.258923000000000458e-02
6.726716000000000639e-02
6.651653000000000426e-02
7.264299999999999924e-02
7.346726000000000645e-02
7.025871000000000199e-02
7.061225000000000140e-02
7.771239000000000618e-02
8.231491999999999976e-02
8.458881999999999513e-02
7.420798000000000672e-02
7.843493999999999466e-02
7.496413999999999855e-02
7.132784999999999820e-02
7.422855999999999899e-02
8.320795999999999748e-02
8.016536999999999968e-02
8.027626999999999680e-02
8.406077000000000687e-02
9.648835999999999524e-02
9.131577000000000444e-02
8.596668000000000365e-02
8.331500999999999491e-02
8.193604999999999638e-02
7.783568999999999904e-02
8.157557999999999476e-02
1.007731999999999933e-01
1.373223699999999992e-01
1.661153400000000002e-01
1.830104700000000084e-01
2.050330499999999945e-01
1.713785800000000026e-01
1.559887799999999936e-01
1.433304800000000101e-01
1.233396499999999951e-01
9.152335999999999805e-02
7.447231999999999463e-02
7.334680000000000366e-02
6.682718999999999465e-02
6.711192000000000546e-02
6.994477000000000333e-02
7.852153000000000604e-02
5.692711000000000299e-02
