5.332292000000000282e-02
8.895405000000000673e-02
7.885746999999999896e-02
8.103014999999999524e-02
7.054818999999999674e-02
7.638934000000000002e-02
7.695150000000000601e-02
9.209456000000000586e-02
8.384827000000000252e-02
7.060813000000000506e-02
6.915296999999999417e-02
6.850198999999999872e-02
7.496675999999999340e-02
7.802504999999999857e-02
8.317926000000000486e-02
7.127187999999999579e-02
7.525779999999999970e-02
9.174282999999999744e-02
9.758363000000000453e-02
1.126500000000000001e-01
1.099455700000000063e-01
8.483696999999999766e-02
8.112962999999999425e-02
9.296889999999999321e-02
1.019429699999999939e-01
1.090111200000000030e-01
1.060770800000000041e-01
1.106746900000000061e-01
1.030234200000000044e-01
1.297428599999999876e-01
1.355527199999999877e-01
1.233497800000000061e-01
1.375454100000000068e-01
8.221979000000000093e-02
1.228575400000000012e-01
2.129997600000000102e-01
3.470160700000000098e-01
4.367270799999999897e-01
5.294075000000000308e-01
4.905127300000000079e-01
4.192410699999999935e-01
2.743861100000000164e-01
2.005262499999999892e-01
1.293138699999999974e-01
7.553342999999999863e-02
7.786837000000000619e-02
1.157604700000000042e-01
1.005180499999999977e-01
1.160356800000000022e-01
1.547206799999999993e-01
1.728345599999999982e-01
2.070949699999999893e-01
1.786263299999999998e-01
1.345549500000000065e-01
9.235506999999999744e-02
9.538931000000000493e-02
9.300456999999999474e-02
9.941830000000000112e-02
7.560203000000000062e-02
8.517031999999999381e-02
9.630832000000000281e-02
8.713964000000000432e-02
8.866677000000000586e-02
5.666995999999999839e-02
