5.581964999999999844e-02
6.919994999999999619e-02
6.612722999999999518e-02
6.971465000000000301e-02
7.848015999999999326e-02
8.070821000000000245e-02
7.156771000000000660e-02
7.607484000000000468e-02
8.408822000000000518e-02
9.198599000000000359e-02
1.004354600000000042e-01
1.015625400000000067e-01
8.612403000000000419e-02
7.499677999999999900e-02
6.921442999999999346e-02
7.363156999999999341e-02
8.796534999999999771e-02
9.968981999999999843e-02
1.469442999999999999e-01
1.803017700000000001e-01
1.850593100000000046e-01
1.787355700000000103e-01
1.540289699999999873e-01
1.221330000000000054e-01
9.810945000000000082e-02
7.676813999999999860e-02
7.024170000000000413e-02
6.922188999999999426e-02
7.045643000000000045e-02
7.435542000000000540e-02
7.779076999999999520e-02
8.439373000000000014e-02
9.136118000000000017e-02
9.753841000000000594e-02
9.314828999999999470e-02
7.642962999999999840e-02
7.671000000000000041e-02
7.109376000000000584e-02
7.285321999999999631e-02
7.210473000000000576e-02
7.504146000000000427e-02
7.350805000000000533e-02
7.568943999999999672e-02
7.416812000000000404e-02
6.679055999999999882e-02
6.875356000000000523e-02
6.734117000000000575e-02
6.781304999999999972e-02
6.604213000000000444e-02
6.625043999999999378e-02
6.938660000000000661e-02
7.191825000000000301e-02
6.940401999999999683e-02
7.360168999999999739e-02
7.198785000000000600e-02
7.309564999999999813e-02
7.227514999999999634e-02
6.714707000000000314e-02
6.885330000000000616e-02
7.202685000000000337e-02
6.800146999999999442e-02
7.267381000000000535e-02
7.584855000000000069e-02
5.463156000000000262e-02
