6.933714000000000544e-02
1.042401200000000056e-01
7.171455000000000191e-02
8.807589999999999864e-02
1.373482799999999893e-01
1.962159699999999896e-01
3.131526700000000218e-01
4.167372300000000140e-01
4.787533600000000167e-01
4.830301699999999809e-01
4.918405399999999927e-01
3.953970700000000171e-01
3.352336000000000205e-01
2.638915499999999748e-01
1.271017899999999923e-01
8.544691000000000092e-02
9.626469999999999472e-02
7.049152999999999669e-02
7.862025000000000263e-02
1.007748700000000025e-01
1.106119500000000005e-01
1.276496099999999967e-01
1.425116999999999912e-01
1.243555600000000039e-01
1.652899399999999963e-01
1.488714399999999938e-01
1.168536099999999966e-01
7.814202000000000647e-02
8.535587999999999509e-02
8.402806999999999638e-02
9.916774999999999896e-02
9.046534000000000519e-02
7.550711999999999702e-02
8.362761000000000500e-02
9.381678999999999713e-02
7.804941999999999436e-02
8.072342999999999880e-02
9.977814999999999601e-02
9.121585999999999583e-02
7.415475000000000538e-02
6.974706999999999435e-02
7.432542999999999789e-02
9.189563000000000592e-02
9.982333999999999652e-02
8.404910999999999632e-02
7.409859000000000584e-02
6.912902999999999409e-02
6.604612999999999456e-02
7.247633000000000547e-02
8.145112999999999659e-02
8.791288999999999354e-02
8.189145000000000452e-02
6.771198000000000494e-02
6.711631999999999321e-02
7.931526999999999328e-02
9.018020000000000203e-02
1.019828499999999999e-01
7.138898000000000466e-02
7.399303000000000130e-02
7.745638000000000523e-02
6.861108999999999958e-02
7.916380000000000638e-02
1.072923199999999966e-01
6.641842000000000579e-02
