6.080441000000000318e-02
9.033628999999999964e-02
9.021223999999999910e-02
8.737280999999999520e-02
7.649851000000000567e-02
7.444352999999999387e-02
6.741529999999999745e-02
8.118741999999999626e-02
9.776092000000000115e-02
1.072763099999999997e-01
1.304109099999999910e-01
1.793767400000000067e-01
2.058548299999999887e-01
2.155618499999999993e-01
1.674444800000000066e-01
1.543653899999999912e-01
1.409007200000000071e-01
1.000462500000000032e-01
7.608315000000000217e-02
6.866999999999999493e-02
6.938352000000000408e-02
6.842360999999999582e-02
7.385278000000000675e-02
8.106246999999999758e-02
8.568742999999999499e-02
9.507372000000000045e-02
9.620747999999999800e-02
9.010134999999999672e-02
8.310222000000000442e-02
8.344592000000000676e-02
7.195024999999999338e-02
8.384651999999999383e-02
7.708984000000000669e-02
1.002284100000000039e-01
8.545376000000000360e-02
9.584431999999999674e-02
7.996776999999999358e-02
6.868092000000000641e-02
7.172583000000000431e-02
7.233831999999999762e-02
7.394177000000000388e-02
7.470102000000000686e-02
7.054003999999999830e-02
7.420665999999999374e-02
7.188179999999999570e-02
7.939654999999999629e-02
8.280326000000000353e-02
1.027324000000000015e-01
1.057900799999999947e-01
8.312126000000000237e-02
7.859955999999999887e-02
6.753238999999999770e-02
8.028760999999999537e-02
8.770999000000000156e-02
8.914060999999999513e-02
7.721435999999999578e-02
7.497170999999999697e-02
6.764230000000000242e-02
6.908180999999999350e-02
7.774387000000000658e-02
8.500088999999999562e-02
8.270167999999999964e-02
8.021462000000000037e-02
5.717326999999999826e-02
