5.181609000000000215e-02
8.024795999999999319e-02
8.405587000000000475e-02
7.599959000000000575e-02
6.979728999999999794e-02
6.900932999999999373e-02
6.861427000000000498e-02
7.113392999999999800e-02
7.053803999999999630e-02
7.992386999999999408e-02
8.017796000000000645e-02
7.088961000000000567e-02
6.720502000000000420e-02
7.352566000000000657e-02
7.898808000000000218e-02
9.419426999999999661e-02
9.163066999999999740e-02
7.034466999999999803e-02
6.571354999999999558e-02
6.859542000000000417e-02
7.878134999999999999e-02
7.418009000000000408e-02
8.060327999999999937e-02
8.132760999999999463e-02
9.429919999999999969e-02
1.075750699999999949e-01
1.119593400000000044e-01
8.093777000000000610e-02
7.929632999999999821e-02
7.613039000000000611e-02
7.151528000000000052e-02
9.771088999999999469e-02
1.283795500000000089e-01
1.293885700000000083e-01
1.461349399999999910e-01
1.402364200000000005e-01
1.195407599999999959e-01
1.381998399999999905e-01
1.106544400000000067e-01
7.799767999999999979e-02
6.841326000000000351e-02
1.443713299999999922e-01
2.251442700000000074e-01
2.948125600000000013e-01
3.697784199999999966e-01
4.049765200000000065e-01
3.964356800000000125e-01
3.353901499999999980e-01
2.496835000000000027e-01
1.409337800000000085e-01
1.036677099999999963e-01
1.008471400000000018e-01
6.899244999999999683e-02
7.757176000000000349e-02
1.134497500000000020e-01
1.303217700000000034e-01
1.265021400000000129e-01
1.361439999999999872e-01
1.406255800000000000e-01
1.756878199999999945e-01
1.799694400000000083e-01
1.527086800000000133e-01
9.461274999999999546e-02
5.942005999999999677e-02
