6.133856000000000031e-02
8.973752999999999591e-02
7.788014999999999521e-02
8.496080000000000298e-02
7.826031999999999433e-02
7.774739999999999429e-02
6.500005000000000366e-02
6.463438000000000516e-02
7.433792000000000177e-02
8.074307000000000012e-02
7.667991000000000390e-02
7.209656000000000398e-02
6.729839999999999434e-02
7.477528999999999426e-02
8.337031999999999776e-02
7.420469999999999844e-02
8.785228000000000481e-02
8.017203999999999997e-02
7.269301000000000235e-02
6.885681000000000440e-02
7.210738999999999344e-02
8.930897999999999615e-02
8.968075000000000352e-02
7.284930000000000572e-02
7.086077000000000348e-02
7.213906999999999958e-02
7.957005999999999801e-02
9.391950000000000298e-02
1.013372300000000004e-01
9.388175999999999466e-02
1.087411900000000015e-01
8.635608999999999646e-02
1.128418300000000041e-01
9.843032999999999644e-02
7.657218000000000357e-02
9.119657000000000457e-02
1.015090399999999948e-01
1.221051900000000023e-01
1.377793099999999882e-01
1.135246200000000066e-01
1.203979300000000002e-01
1.339342299999999875e-01
1.343278699999999881e-01
1.186823500000000059e-01
9.374306999999999779e-02
7.929353000000000096e-02
1.202411800000000031e-01
1.662158099999999916e-01
2.362067399999999984e-01
3.533707600000000060e-01
4.354221200000000236e-01
4.325857799999999753e-01
3.867665800000000265e-01
3.692014200000000024e-01
2.897493500000000166e-01
1.722191299999999980e-01
1.199006999999999989e-01
1.034094200000000019e-01
7.605462999999999807e-02
6.799649000000000665e-02
7.573792999999999498e-02
7.212820999999999816e-02
8.063444000000000167e-02
5.660108999999999974e-02
