5.748288000000000009e-02
7.171631000000000533e-02
7.866489999999999594e-02
9.167545000000000555e-02
9.127119999999999678e-02
9.073204999999999465e-02
9.792993999999999311e-02
7.660002000000000477e-02
7.045563000000000520e-02
6.958438000000000123e-02
6.939995999999999665e-02
7.313406000000000073e-02
8.189143999999999590e-02
8.781392999999999838e-02
9.350653999999999910e-02
9.952582000000000095e-02
1.015050799999999975e-01
1.043153099999999944e-01
1.092049900000000018e-01
1.077770100000000064e-01
9.085894999999999389e-02
7.626410999999999607e-02
8.890974000000000099e-02
1.143315399999999954e-01
1.639192700000000058e-01
2.076935900000000113e-01
2.498055000000000136e-01
2.317342799999999869e-01
2.326898299999999864e-01
1.477761099999999883e-01
1.105105100000000062e-01
8.575441999999999787e-02
8.376007000000000591e-02
6.771955999999999809e-02
7.295904000000000278e-02
7.664819000000000493e-02
7.666399000000000130e-02
9.991324999999999512e-02
1.079148099999999999e-01
1.089159499999999975e-01
9.026489999999999514e-02
8.896988000000000119e-02
7.288517999999999386e-02
6.823514999999999442e-02
7.011565999999999632e-02
7.050613000000000019e-02
7.190183999999999465e-02
8.286638999999999811e-02
7.728857999999999562e-02
7.707714000000000232e-02
8.111034999999999773e-02
7.623135999999999801e-02
6.733896999999999800e-02
7.460841000000000001e-02
7.479305999999999455e-02
6.922875000000000556e-02
7.179919999999999358e-02
6.886301999999999701e-02
6.788333000000000561e-02
7.636845000000000439e-02
6.803874999999999507e-02
6.866513000000000477e-02
7.898926000000000558e-02
5.562129999999999852e-02
