5.499748000000000137e-02
9.677420999999999940e-02
1.239369099999999974e-01
1.160639299999999957e-01
1.238643299999999947e-01
1.548789700000000047e-01
1.408762299999999912e-01
1.109026800000000035e-01
8.661984000000000350e-02
6.841645000000000365e-02
8.501675999999999678e-02
1.514585599999999921e-01
2.533276999999999890e-01
3.141466700000000167e-01
3.665897300000000025e-01
3.849728099999999986e-01
4.108874200000000032e-01
3.481091299999999888e-01
2.534203800000000006e-01
1.451147200000000026e-01
1.157642499999999991e-01
8.537182999999999578e-02
7.149334999999999718e-02
7.433481999999999590e-02
8.212846000000000035e-02
9.220375999999999572e-02
1.135265599999999986e-01
1.512636800000000115e-01
1.405575300000000138e-01
1.689780399999999960e-01
1.628252599999999994e-01
1.026843900000000004e-01
9.121793999999999736e-02
9.168059000000000625e-02
8.402896999999999450e-02
9.819843999999999795e-02
9.651930999999999705e-02
7.586858999999999964e-02
7.814762999999999571e-02
7.767786999999999609e-02
7.660490999999999828e-02
6.853513999999999440e-02
6.734226999999999574e-02
7.106157000000000445e-02
7.192387999999999559e-02
6.948822999999999805e-02
7.261178999999999550e-02
8.153652000000000122e-02
8.092193000000000302e-02
9.523674999999999502e-02
9.886797999999999420e-02
8.415098000000000023e-02
7.383077000000000389e-02
6.961491000000000207e-02
7.350884000000000584e-02
8.043187000000000253e-02
8.814194000000000195e-02
7.933684000000000569e-02
7.609654999999999891e-02
7.886065999999999909e-02
6.651430999999999316e-02
7.014140000000000652e-02
7.368858000000000352e-02
5.923127999999999727e-02
