5.403544999999999876e-02
6.959674000000000416e-02
6.924278000000000377e-02
6.602935000000000054e-02
7.041762000000000021e-02
7.925841000000000136e-02
8.862804999999999989e-02
8.321024000000000476e-02
8.735666000000000264e-02
7.100726999999999733e-02
6.721177999999999875e-02
6.788102999999999498e-02
7.390850000000000197e-02
8.039875000000000493e-02
7.761137999999999371e-02
7.818748000000000364e-02
6.996452999999999700e-02
7.074869999999999770e-02
7.655251999999999890e-02
8.789181999999999551e-02
8.208479999999999943e-02
7.120368000000000530e-02
7.729236000000000439e-02
8.343514999999999959e-02
7.702061999999999797e-02
9.889488999999999919e-02
8.623738000000000237e-02
7.337000999999999939e-02
6.986304000000000125e-02
6.947043999999999442e-02
7.428244000000000513e-02
7.146479999999999499e-02
6.935861000000000109e-02
8.785363999999999673e-02
1.026454200000000011e-01
1.035885500000000015e-01
7.697837000000000429e-02
7.862096999999999836e-02
7.562668000000000168e-02
7.668643999999999461e-02
7.770100000000000617e-02
7.840958000000000649e-02
8.832223999999999631e-02
1.095403699999999980e-01
1.215509300000000015e-01
1.350432000000000021e-01
1.405401099999999959e-01
1.288064100000000101e-01
8.530711000000000543e-02
7.957646000000000164e-02
9.349783999999999873e-02
1.147781499999999955e-01
1.845514600000000005e-01
2.382336399999999965e-01
2.971269200000000166e-01
2.980655700000000019e-01
2.981756600000000090e-01
2.881458399999999864e-01
2.606323099999999782e-01
2.151887000000000105e-01
1.644946899999999990e-01
1.349180600000000063e-01
8.749474999999999614e-02
6.048243999999999843e-02
