4.940884999999999722e-02
6.961997000000000324e-02
6.938953999999999955e-02
7.441850999999999328e-02
8.263513000000000108e-02
8.438626000000000460e-02
9.586622999999999672e-02
8.005387999999999393e-02
7.682727999999999779e-02
7.072459000000000384e-02
7.226469000000000642e-02
7.425497000000000347e-02
7.456949999999999690e-02
7.450724000000000236e-02
7.212374000000000562e-02
6.930516999999999928e-02
7.353481000000000600e-02
7.849209999999999521e-02
7.965034000000000003e-02
7.586827999999999628e-02
7.811550999999999911e-02
6.840712000000000181e-02
7.236863000000000323e-02
8.306159000000000459e-02
7.961332000000000131e-02
7.947203999999999380e-02
7.223530999999999702e-02
8.118574000000000623e-02
7.400524999999999465e-02
7.149084999999999468e-02
7.302219000000000071e-02
7.146423999999999832e-02
8.379361000000000448e-02
9.571335000000000259e-02
1.018610999999999961e-01
8.461269999999999902e-02
7.244308000000000691e-02
7.186594999999999789e-02
8.878655000000000574e-02
9.023770000000000402e-02
9.747347000000000650e-02
9.587113999999999359e-02
1.036218599999999962e-01
1.206879599999999969e-01
1.392807500000000087e-01
1.203639299999999940e-01
9.238628000000000118e-02
8.800924999999999720e-02
8.009109000000000367e-02
1.231984299999999977e-01
1.991798700000000089e-01
2.228137400000000101e-01
2.644471199999999800e-01
3.427099599999999802e-01
3.927215299999999853e-01
3.472173199999999960e-01
2.829365699999999983e-01
2.689742099999999914e-01
2.371985600000000027e-01
1.559599600000000086e-01
1.006382799999999966e-01
9.527560000000000195e-02
7.305351999999999679e-02
5.891346000000000083e-02
