6.727038000000000462e-02
1.388631800000000027e-01
1.827463699999999913e-01
2.039793400000000090e-01
2.144886400000000082e-01
2.322809000000000124e-01
2.298982900000000051e-01
2.061898600000000026e-01
1.840574700000000008e-01
1.575919400000000137e-01
1.152970900000000049e-01
7.448018000000000693e-02
6.991013000000000088e-02
6.692620000000000513e-02
6.734595000000000165e-02
7.272370000000000223e-02
7.630544999999999689e-02
8.810572999999999322e-02
9.333064000000000637e-02
8.713811999999999947e-02
9.526389999999999858e-02
8.784311999999999676e-02
8.273772999999999544e-02
7.386869000000000074e-02
7.125254000000000310e-02
7.078972999999999516e-02
6.751211999999999491e-02
7.203650999999999804e-02
7.258402999999999383e-02
8.122920999999999614e-02
6.735388999999999959e-02
6.659763000000000488e-02
7.193570999999999993e-02
6.680895000000000583e-02
6.617145000000000665e-02
7.014009999999999689e-02
6.850298000000000498e-02
6.860884000000000427e-02
6.979386999999999397e-02
7.358934999999999782e-02
6.951730000000000409e-02
7.525518999999999958e-02
7.209580000000000155e-02
6.992975999999999359e-02
7.227841999999999600e-02
7.766987000000000196e-02
7.627116000000000451e-02
7.088653999999999789e-02
6.695760000000000600e-02
6.992244999999999711e-02
6.452270999999999701e-02
6.864370000000000194e-02
6.987292000000000503e-02
7.855502999999999791e-02
8.094579999999999831e-02
7.465228999999999615e-02
7.127949000000000090e-02
7.471331000000000500e-02
7.021787999999999641e-02
6.380394999999999817e-02
6.901543999999999734e-02
6.482404999999999418e-02
6.949566999999999550e-02
5.826622000000000051e-02
