5.279323999999999822e-02
6.669324000000000086e-02
7.287364999999999815e-02
7.697358999999999452e-02
8.213982999999999701e-02
7.781211000000000377e-02
7.091530000000000056e-02
6.589646000000000392e-02
6.467957000000000567e-02
7.638567999999999747e-02
9.168208999999999387e-02
7.560065000000000535e-02
6.941638999999999449e-02
7.178497000000000350e-02
7.844173999999999591e-02
9.009952000000000238e-02
8.966172000000000031e-02
9.067287999999999737e-02
7.173875000000000390e-02
6.488067999999999613e-02
6.643960000000000143e-02
7.795243000000000311e-02
9.368210000000000426e-02
9.172297000000000089e-02
7.920348000000000666e-02
8.839049999999999685e-02
1.138738200000000006e-01
1.369045700000000032e-01
1.070947200000000044e-01
8.724002999999999619e-02
6.958382999999999929e-02
7.556812000000000251e-02
1.308532199999999923e-01
1.957352800000000115e-01
2.053665399999999863e-01
2.384578400000000042e-01
2.692990299999999948e-01
2.403203700000000054e-01
1.802913499999999891e-01
1.336619099999999949e-01
8.902566000000000646e-02
7.010922999999999461e-02
6.800958000000000003e-02
6.919646999999999604e-02
7.413915999999999562e-02
8.118815999999999533e-02
1.038728399999999941e-01
1.120556600000000014e-01
9.673350000000000004e-02
1.115304599999999979e-01
1.086448200000000031e-01
1.054242199999999990e-01
7.564840999999999926e-02
8.103649000000000269e-02
8.256381999999999610e-02
8.700731999999999911e-02
8.570642000000000538e-02
9.470227000000000506e-02
8.651876000000000011e-02
7.479934000000000582e-02
9.091739000000000070e-02
9.518342999999999943e-02
9.114999999999999492e-02
5.668551000000000145e-02
