8.331547000000000258e-02
1.256865400000000133e-01
8.285750999999999533e-02
9.645333999999999852e-02
3.043519299999999927e-01
4.481316499999999925e-01
6.107519300000000539e-01
6.900364799999999521e-01
7.146076000000000095e-01
7.213211099999999876e-01
7.123148400000000047e-01
6.131585800000000086e-01
5.574443300000000434e-01
4.720585600000000159e-01
1.672448099999999938e-01
9.327891000000000654e-02
7.378039999999999599e-02
7.038716999999999890e-02
7.646901000000000392e-02
7.804195999999999356e-02
7.691699000000000452e-02
8.244271999999999712e-02
9.213161000000000267e-02
9.296282000000000156e-02
1.023034399999999955e-01
9.581122999999999723e-02
8.124708999999999404e-02
6.728246999999999700e-02
7.166487000000000551e-02
6.972770000000000357e-02
6.877985999999999822e-02
6.560030000000000028e-02
6.813455000000000206e-02
6.682494999999999408e-02
6.965504999999999614e-02
6.657264000000000237e-02
6.799737000000000142e-02
7.149814999999999643e-02
7.486368000000000189e-02
6.803264000000000533e-02
6.808210000000000650e-02
6.805219999999999325e-02
7.866483999999999976e-02
8.542471000000000092e-02
7.992259000000000169e-02
7.995164999999999911e-02
7.337963000000000124e-02
6.803985999999999368e-02
7.375703000000000120e-02
1.094350600000000007e-01
1.202870600000000012e-01
1.272821000000000091e-01
9.031261999999999623e-02
6.766223999999999850e-02
8.566893000000000424e-02
1.092709899999999984e-01
1.237217899999999982e-01
8.181800000000000184e-02
9.760045000000000526e-02
8.316073999999999689e-02
7.205060000000000631e-02
8.170023999999999342e-02
1.261719500000000049e-01
7.576821999999999724e-02
