5.591618999999999756e-02
6.760613000000000039e-02
6.825622000000000633e-02
6.776765999999999346e-02
7.393014000000000530e-02
7.833228999999999886e-02
8.939221999999999446e-02
8.169041000000000496e-02
7.864785999999999999e-02
7.015670000000000239e-02
7.352598000000000467e-02
7.246091000000000337e-02
7.358771000000000062e-02
8.156770000000000687e-02
7.470074000000000158e-02
7.233944999999999959e-02
7.200415000000000287e-02
6.980139999999999956e-02
7.851449000000000622e-02
8.522174000000000416e-02
7.960527000000000575e-02
7.145619000000000276e-02
7.734986000000000639e-02
8.118209999999999316e-02
8.286546999999999663e-02
1.068968000000000002e-01
7.349517999999999329e-02
7.580391000000000212e-02
7.847474999999999590e-02
7.001939000000000080e-02
6.932122999999999757e-02
8.011329999999999840e-02
8.878914999999999724e-02
8.964294000000000429e-02
1.027871100000000010e-01
1.067311799999999949e-01
6.965685000000000626e-02
7.964221999999999968e-02
9.880674999999999875e-02
9.822102000000000610e-02
8.323411999999999478e-02
7.854397999999999935e-02
9.121165999999999996e-02
1.050020700000000029e-01
1.243671900000000025e-01
1.164137799999999945e-01
1.326258200000000054e-01
1.313409199999999999e-01
8.524615000000000664e-02
1.009336900000000065e-01
1.523491999999999902e-01
1.902942199999999862e-01
2.661989900000000242e-01
3.237532100000000135e-01
4.104420200000000185e-01
3.681534200000000090e-01
3.376544400000000001e-01
3.401052099999999911e-01
2.725120799999999899e-01
2.118954399999999905e-01
1.624605100000000024e-01
1.038156999999999969e-01
8.661138000000000170e-02
6.047854999999999898e-02
