5.982420000000000099e-02
8.568099999999999328e-02
8.119402000000000563e-02
8.452088000000000656e-02
7.573626999999999443e-02
8.095391000000000392e-02
6.789952999999999961e-02
8.367816000000000143e-02
7.967520999999999631e-02
7.319778999999999869e-02
7.345087000000000144e-02
7.317603000000000302e-02
7.329136999999999458e-02
7.435424999999999673e-02
7.474348999999999577e-02
7.808017999999999903e-02
7.359572000000000336e-02
7.870504000000000389e-02
8.510558000000000012e-02
9.470852000000000437e-02
1.026986599999999972e-01
9.333805000000000573e-02
8.471961999999999549e-02
7.307262000000000479e-02
8.484827999999999815e-02
1.018227000000000021e-01
9.758205000000000351e-02
9.372474000000000083e-02
8.437630999999999604e-02
8.888455000000000661e-02
9.664340000000000430e-02
1.074056000000000038e-01
1.087607599999999980e-01
8.508322999999999581e-02
8.071454999999999602e-02
1.278701299999999985e-01
2.095151700000000006e-01
3.082701600000000153e-01
3.862685000000000146e-01
3.166030300000000075e-01
2.110295699999999997e-01
1.687425800000000031e-01
1.332048299999999963e-01
1.375541799999999981e-01
8.359777999999999654e-02
6.891141000000000627e-02
6.990673000000000026e-02
8.075311000000000294e-02
8.512414000000000092e-02
1.071975200000000045e-01
1.271390500000000034e-01
1.432592299999999874e-01
1.526225400000000010e-01
1.270700999999999914e-01
1.034497499999999931e-01
8.513539000000000523e-02
8.164781999999999595e-02
6.961431999999999343e-02
7.171339999999999659e-02
8.115712999999999400e-02
7.576488000000000667e-02
9.528134000000000603e-02
9.021551999999999349e-02
5.813415000000000249e-02
