5.763767999999999669e-02
7.258166000000000617e-02
6.990836000000000272e-02
6.906518999999999853e-02
6.794996999999999843e-02
7.217558000000000307e-02
7.665249000000000368e-02
7.985345000000000637e-02
7.354212999999999723e-02
6.555478000000000693e-02
6.800351000000000312e-02
6.735810000000000408e-02
7.342656000000000183e-02
7.589696999999999416e-02
7.751834000000000502e-02
7.071861000000000119e-02
7.550313000000000163e-02
8.990086999999999384e-02
9.245928999999999953e-02
9.804290999999999701e-02
1.001993300000000031e-01
8.022165000000000545e-02
7.193499000000000421e-02
7.177632999999999930e-02
7.835699999999999610e-02
8.501904000000000405e-02
8.174008000000000662e-02
8.494203000000000170e-02
9.170472999999999819e-02
1.095532200000000067e-01
1.127900700000000062e-01
9.858084000000000291e-02
9.047495999999999317e-02
7.652905999999999598e-02
8.588282999999999334e-02
1.265590900000000130e-01
1.709530200000000111e-01
2.178760600000000103e-01
2.626383899999999993e-01
2.237494899999999953e-01
1.582275599999999893e-01
1.343641700000000050e-01
1.064715100000000053e-01
8.831666000000000516e-02
7.030395000000000394e-02
6.802845000000000419e-02
7.390544000000000280e-02
7.482676000000000605e-02
7.544982999999999551e-02
7.930176999999999365e-02
8.833763999999999506e-02
9.414506999999999737e-02
1.042146199999999939e-01
9.338768999999999543e-02
7.999581999999999526e-02
7.725437999999999750e-02
6.918104999999999394e-02
7.082024000000000652e-02
7.066503000000000367e-02
7.549769000000000618e-02
7.028146999999999867e-02
7.366279000000000576e-02
7.054700999999999333e-02
5.426290000000000280e-02
