5.530882000000000159e-02
7.155470999999999360e-02
7.513673999999999353e-02
8.043978999999999713e-02
7.764579000000000619e-02
8.512313999999999992e-02
7.236834000000000322e-02
6.565276000000000445e-02
7.040710999999999498e-02
7.574540999999999913e-02
9.036816000000000293e-02
9.150875999999999455e-02
9.399522999999999906e-02
8.607626999999999640e-02
8.079880000000000395e-02
9.779029999999999667e-02
1.032976899999999976e-01
7.292286000000000601e-02
6.946191000000000171e-02
7.794302999999999648e-02
6.848279000000000172e-02
7.710999999999999799e-02
9.291663000000000006e-02
8.241858000000000517e-02
1.011973000000000039e-01
1.165292799999999990e-01
1.075955499999999981e-01
1.061190699999999959e-01
1.044027299999999991e-01
1.160628699999999985e-01
9.516808000000000212e-02
1.243557700000000044e-01
8.436195999999999973e-02
1.393729400000000007e-01
1.795915499999999887e-01
1.906296799999999958e-01
1.473376799999999986e-01
1.922634199999999904e-01
1.474488100000000135e-01
1.260413400000000017e-01
1.603269999999999973e-01
1.082074700000000000e-01
1.686456199999999961e-01
2.649494700000000202e-01
2.848705100000000212e-01
3.516089299999999862e-01
4.562641100000000005e-01
4.326070799999999772e-01
3.881316499999999947e-01
2.634213599999999933e-01
2.086897299999999900e-01
1.941444099999999895e-01
9.761113999999999902e-02
9.429903000000000590e-02
7.600339999999999874e-02
7.586015999999999593e-02
8.524294000000000315e-02
1.054229700000000047e-01
1.014774999999999983e-01
1.145852499999999996e-01
1.480106900000000003e-01
1.296596100000000085e-01
1.094456500000000054e-01
6.669711000000000389e-02
