5.532950999999999842e-02
7.101063000000000514e-02
7.115307999999999355e-02
7.553316999999999670e-02
6.891384000000000398e-02
7.041975000000000318e-02
6.570729999999999627e-02
6.835315999999999614e-02
6.792096000000000244e-02
7.475605999999999918e-02
8.187432999999999517e-02
7.122040999999999789e-02
7.464316000000000006e-02
8.588935999999999793e-02
9.155381999999999409e-02
9.512996999999999426e-02
8.464020999999999351e-02
7.479125000000000356e-02
6.763771000000000366e-02
7.263360000000000649e-02
7.814039000000000401e-02
8.389217999999999675e-02
9.537552000000000529e-02
8.934396000000000004e-02
8.510790999999999495e-02
1.004566300000000051e-01
1.227740799999999938e-01
1.381072399999999922e-01
1.017364000000000046e-01
7.611626000000000503e-02
8.597259999999999625e-02
1.003452100000000041e-01
1.172448799999999958e-01
1.699415400000000020e-01
1.451495399999999936e-01
1.629314400000000107e-01
1.688263700000000034e-01
1.576862199999999881e-01
1.291680199999999945e-01
1.034192399999999956e-01
7.443449000000000593e-02
6.620858999999999772e-02
6.752284999999999537e-02
6.873967000000000271e-02
7.351320999999999550e-02
7.858539000000000496e-02
8.915960000000000552e-02
8.841047000000000489e-02
7.289439000000000335e-02
7.504502999999999868e-02
7.075420000000000320e-02
8.057525000000000104e-02
7.039926000000000517e-02
7.416319000000000383e-02
7.283274000000000692e-02
7.367213000000000234e-02
7.185518999999999934e-02
7.894441000000000652e-02
8.272569000000000450e-02
7.253837000000000479e-02
7.421041000000000443e-02
7.334206000000000059e-02
7.057863000000000331e-02
5.486851999999999702e-02
