6.067368000000000067e-02
1.160887300000000011e-01
9.450762999999999525e-02
8.492041000000000173e-02
7.288864000000000454e-02
8.189478000000000035e-02
8.173030000000000572e-02
8.035923999999999845e-02
9.353580999999999701e-02
1.097238199999999997e-01
1.028396899999999975e-01
1.064870400000000050e-01
1.390502200000000022e-01
1.181952099999999950e-01
1.359464400000000017e-01
8.659769999999999968e-02
7.178308999999999385e-02
7.981568999999999470e-02
1.387448900000000096e-01
2.162688500000000125e-01
3.063053199999999920e-01
3.613857600000000003e-01
3.389550100000000010e-01
2.996813099999999785e-01
2.168379099999999948e-01
1.756561100000000042e-01
1.196667299999999989e-01
9.482814000000000521e-02
7.728147999999999962e-02
7.420209999999999306e-02
7.605734999999999579e-02
1.035683399999999948e-01
1.161142700000000055e-01
1.619539700000000026e-01
1.755623400000000112e-01
1.324767799999999884e-01
1.347878600000000093e-01
1.111810399999999949e-01
9.618799000000000099e-02
8.751330999999999694e-02
9.812344000000000621e-02
1.005879600000000040e-01
9.186769999999999659e-02
7.374353999999999631e-02
7.135365000000000457e-02
7.510294000000000691e-02
8.198677999999999522e-02
7.539961000000000579e-02
7.192808000000000535e-02
7.539762999999999327e-02
7.739168000000000436e-02
8.876668999999999532e-02
7.210418999999999856e-02
7.320395999999999848e-02
7.434490000000000542e-02
8.283535000000000204e-02
8.531996999999999498e-02
8.542199000000000320e-02
9.172323000000000282e-02
1.012501400000000024e-01
7.019680999999999838e-02
6.969440999999999831e-02
7.725704999999999378e-02
5.901697999999999666e-02
