5.753251000000000198e-02
7.491264000000000256e-02
6.719031999999999782e-02
6.612656999999999563e-02
6.402257999999999560e-02
6.505750999999999895e-02
6.490461999999999620e-02
6.640487000000000473e-02
6.965971999999999442e-02
6.915245999999999893e-02
6.542915000000000536e-02
6.423352999999999702e-02
6.835977999999999499e-02
7.511465999999999976e-02
7.172754000000000629e-02
6.602734000000000381e-02
6.568224999999999758e-02
6.379727999999999788e-02
6.724170999999999621e-02
6.999962999999999325e-02
6.626505000000000589e-02
6.699373999999999607e-02
6.630983000000000016e-02
6.711701999999999946e-02
7.251873999999999820e-02
7.170635999999999677e-02
6.775195999999999996e-02
7.046732999999999469e-02
7.107318999999999443e-02
7.478754999999999431e-02
7.355916999999999317e-02
6.898653000000000424e-02
7.102313999999999850e-02
6.565005999999999620e-02
6.815274999999999805e-02
7.289724000000000204e-02
7.754025999999999974e-02
7.945586999999999789e-02
8.200665000000000038e-02
7.673725000000000684e-02
7.917614000000000596e-02
8.312608000000000497e-02
7.510994999999999477e-02
7.131930000000000214e-02
7.035615000000000618e-02
7.957488000000000061e-02
9.704311000000000187e-02
1.119303900000000046e-01
1.371566399999999963e-01
1.519933900000000060e-01
1.591109300000000115e-01
1.708281500000000119e-01
1.370173199999999980e-01
1.529284900000000003e-01
1.078779900000000069e-01
8.825392999999999433e-02
7.277495999999999965e-02
6.638847000000000498e-02
6.870959999999999568e-02
6.607303000000000481e-02
6.784178000000000430e-02
7.266255000000000630e-02
7.382531000000000510e-02
5.411153999999999964e-02
