6.991923999999999362e-02
1.212191700000000011e-01
9.042524999999999868e-02
8.108761999999999914e-02
7.166554999999999453e-02
6.691107000000000304e-02
6.946465000000000278e-02
7.908233000000000623e-02
9.252275999999999556e-02
8.537699999999999456e-02
7.923368000000000078e-02
7.281690000000000385e-02
8.183638999999999497e-02
1.098972800000000000e-01
1.018303099999999933e-01
7.254357999999999640e-02
6.809020999999999824e-02
7.318570000000000630e-02
8.543381999999999366e-02
9.046089000000000213e-02
7.029871999999999510e-02
8.762504999999999600e-02
7.646588999999999470e-02
8.404917000000000638e-02
9.027810000000000001e-02
8.715272000000000296e-02
7.709949000000000663e-02
7.845781000000000283e-02
8.594909000000000576e-02
1.530781800000000081e-01
1.334497799999999901e-01
7.544615999999999822e-02
8.793905999999999945e-02
7.702575000000000394e-02
6.798851000000000200e-02
1.113346000000000058e-01
1.021854999999999986e-01
1.187969100000000056e-01
1.169347200000000059e-01
1.215860500000000011e-01
1.457755299999999865e-01
1.373956799999999923e-01
9.156026000000000442e-02
7.775268999999999930e-02
1.174507899999999994e-01
1.759082399999999935e-01
2.700488300000000175e-01
3.379495100000000085e-01
4.628073600000000010e-01
4.639158500000000185e-01
4.807183700000000059e-01
4.323684899999999942e-01
3.693967499999999959e-01
2.928003100000000081e-01
1.878286200000000017e-01
1.111199300000000056e-01
8.753798000000000135e-02
8.059318999999999511e-02
7.206928999999999419e-02
8.110066999999999970e-02
8.444430999999999465e-02
8.820522000000000085e-02
1.030766300000000024e-01
6.457448999999999828e-02
