2.085671299999999895e-01
4.714214199999999799e-01
4.848678399999999944e-01
4.338667999999999969e-01
3.368915000000000104e-01
2.889634400000000158e-01
2.156219799999999909e-01
1.236908599999999997e-01
8.187669000000000197e-02
8.711792999999999620e-02
9.819559999999999400e-02
1.088464999999999988e-01
1.360453799999999935e-01
1.766561700000000013e-01
2.161246800000000134e-01
2.251680600000000032e-01
1.911950600000000000e-01
2.142866700000000124e-01
1.537555899999999975e-01
1.232606599999999941e-01
9.787614999999999510e-02
8.396779999999999522e-02
7.906480999999999926e-02
7.419225999999999599e-02
9.433827999999999658e-02
1.090659600000000035e-01
8.203596999999999972e-02
7.560706000000000371e-02
8.093208000000000346e-02
8.011870999999999576e-02
8.743570999999999982e-02
9.336395999999999584e-02
7.602496999999999727e-02
6.800968999999999764e-02
7.505327000000000526e-02
7.769338000000000632e-02
8.056562000000000445e-02
8.843544999999999878e-02
8.285750000000000060e-02
7.123150999999999788e-02
7.407584000000000390e-02
7.902849000000000679e-02
1.025928599999999941e-01
8.502671000000000534e-02
8.968779000000000334e-02
6.939539999999999598e-02
7.700123999999999858e-02
8.908351999999999937e-02
8.956390000000000184e-02
7.990318999999999894e-02
7.083435000000000425e-02
6.850654999999999939e-02
6.916171000000000124e-02
8.016874999999999696e-02
8.571876999999999969e-02
7.753696999999999673e-02
7.627375000000000127e-02
7.381806999999999952e-02
7.229707999999999968e-02
7.628061999999999343e-02
7.593732999999999733e-02
8.177115000000000078e-02
7.336974999999999747e-02
5.940389000000000086e-02
