6.033100000000000268e-02
8.627247999999999861e-02
9.032761999999999736e-02
9.328645000000000687e-02
8.689610999999999863e-02
7.101612999999999676e-02
7.053919999999999635e-02
7.214323000000000263e-02
6.974508999999999570e-02
7.553244000000000624e-02
8.421367000000000436e-02
7.928321000000000673e-02
8.976426999999999323e-02
1.329656999999999922e-01
1.487458799999999970e-01
1.560348000000000013e-01
1.337131300000000134e-01
1.005675500000000056e-01
7.130901000000000600e-02
7.259058000000000177e-02
9.293126000000000164e-02
1.969447900000000085e-01
2.483282099999999937e-01
2.529582100000000167e-01
2.839187400000000028e-01
2.917143099999999767e-01
2.542838800000000177e-01
1.727832699999999888e-01
1.333103499999999941e-01
8.149476999999999416e-02
6.816062000000000509e-02
6.899025000000000296e-02
7.785949999999999815e-02
9.555088000000000470e-02
1.116222500000000062e-01
1.218951100000000010e-01
1.290025300000000041e-01
1.529934099999999964e-01
1.352345000000000075e-01
8.538044000000000189e-02
7.256819000000000464e-02
6.902057999999999804e-02
7.505414000000000529e-02
7.788224000000000535e-02
8.288644000000000567e-02
8.023386999999999880e-02
7.106057999999999819e-02
7.414745000000000363e-02
7.482366999999999491e-02
7.246210000000000151e-02
7.594784000000000257e-02
7.933265999999999929e-02
6.713415999999999828e-02
7.154016000000000541e-02
8.042006000000000154e-02
7.434214999999999574e-02
7.084901999999999866e-02
7.415956999999999411e-02
9.238333999999999435e-02
9.836810999999999472e-02
9.172777999999999488e-02
8.427545000000000175e-02
7.970857000000000636e-02
5.708918000000000326e-02
