5.569521999999999667e-02
1.059309199999999979e-01
1.491465399999999941e-01
1.517687600000000026e-01
1.634620999999999991e-01
2.251750200000000035e-01
1.650549299999999886e-01
9.280103000000000657e-02
8.549879999999999980e-02
8.988240000000000118e-02
1.221332900000000055e-01
2.006933700000000098e-01
3.520748899999999737e-01
4.038695400000000268e-01
4.155547900000000072e-01
4.350390399999999880e-01
3.976378700000000044e-01
3.137195999999999874e-01
2.308943099999999915e-01
1.277425399999999878e-01
1.025206800000000029e-01
7.338556999999999719e-02
7.656712000000000240e-02
9.205924999999999525e-02
1.097603099999999998e-01
1.232989300000000010e-01
1.570919500000000080e-01
1.801868500000000095e-01
1.515796799999999944e-01
1.290728899999999957e-01
1.110021999999999953e-01
8.487342000000000497e-02
8.580595000000000583e-02
1.007931199999999999e-01
9.504129999999999523e-02
1.051365999999999967e-01
9.811783000000000310e-02
7.413762000000000130e-02
7.772402999999999951e-02
7.583181999999999423e-02
8.077421999999999380e-02
7.139202000000000048e-02
7.138972999999999847e-02
7.389851999999999532e-02
7.675748999999999767e-02
6.776988999999999930e-02
7.434372000000000202e-02
8.971809999999999508e-02
9.666294000000000275e-02
1.013624100000000000e-01
9.867056000000000437e-02
7.529051999999999967e-02
7.128068999999999378e-02
7.472225999999999868e-02
8.868977000000000110e-02
8.939389999999999836e-02
8.826472999999999958e-02
7.740065000000000139e-02
7.145250999999999686e-02
7.708916000000000379e-02
7.863968000000000347e-02
7.323770999999999753e-02
7.941304999999999892e-02
6.285971999999999393e-02
