6.186379000000000183e-02
1.813139500000000015e-01
1.421222699999999950e-01
8.807086999999999555e-02
8.372053999999999607e-02
8.448975999999999709e-02
9.762645999999999824e-02
1.975328000000000084e-01
3.147784750000000020e-01
4.320241499999999957e-01
4.108399699999999988e-01
4.093491400000000002e-01
3.986354500000000023e-01
3.837161700000000231e-01
2.516875599999999769e-01
2.021004299999999976e-01
1.503876899999999905e-01
7.778717999999999744e-02
7.522069000000000671e-02
8.400552000000000019e-02
8.436654000000000375e-02
8.005813999999999986e-02
1.000547600000000065e-01
1.172684799999999944e-01
1.543756400000000084e-01
1.691818999999999962e-01
1.306188299999999913e-01
8.802941000000000238e-02
8.358902999999999472e-02
7.662077999999999944e-02
8.315479000000000620e-02
8.298471000000000319e-02
7.872563000000000477e-02
9.037897999999999765e-02
9.668528999999999318e-02
8.915768000000000304e-02
8.007606999999999919e-02
8.003588000000000369e-02
7.957793000000000505e-02
7.781649000000000205e-02
7.100149000000000044e-02
7.836453000000000169e-02
7.373425000000000118e-02
8.092578999999999745e-02
7.960615000000000052e-02
8.455627000000000282e-02
8.286870999999999821e-02
7.752631000000000105e-02
7.303233000000000641e-02
7.141807999999999490e-02
7.916457000000000355e-02
8.711789000000000338e-02
8.432389999999999330e-02
7.346990999999999938e-02
7.068976000000000426e-02
7.726771999999999807e-02
7.727733999999999992e-02
7.569728000000000567e-02
8.750386999999999749e-02
8.657573999999999825e-02
7.682203999999999422e-02
8.015166999999999431e-02
7.032602000000000297e-02
5.764090000000000186e-02
