5.075684999999999919e-02
6.974321999999999466e-02
7.025222000000000411e-02
6.600738000000000438e-02
7.086739000000000233e-02
7.987967999999999458e-02
9.815901999999999961e-02
9.471656999999999993e-02
9.884584999999999899e-02
7.966877999999999460e-02
6.802466999999999542e-02
6.788901999999999437e-02
7.620042000000000482e-02
9.754348000000000185e-02
7.684272000000000324e-02
8.155524999999999580e-02
6.745083999999999802e-02
7.159595000000000542e-02
7.827112999999999432e-02
9.023684999999999345e-02
9.050663999999999931e-02
7.506965000000000166e-02
7.312635000000000662e-02
8.490443000000000295e-02
8.704665999999999793e-02
1.025894900000000054e-01
8.286894999999999678e-02
8.228006999999999682e-02
7.108868000000000131e-02
7.447410999999999615e-02
7.745531999999999417e-02
7.914844000000000046e-02
7.632128000000000523e-02
8.931880999999999848e-02
1.104665799999999948e-01
1.141541300000000064e-01
7.348797999999999442e-02
7.510922999999999905e-02
7.934976000000000529e-02
9.653905000000000125e-02
9.257219999999999338e-02
8.312287999999999621e-02
1.051688000000000067e-01
1.390268500000000074e-01
1.639467900000000089e-01
1.422221200000000074e-01
1.621913899999999908e-01
1.513419599999999976e-01
1.063994099999999998e-01
9.683972000000000413e-02
1.444925499999999974e-01
1.588032400000000122e-01
2.512760199999999888e-01
3.397565499999999905e-01
4.233010400000000173e-01
4.179441600000000090e-01
4.237544200000000205e-01
3.650107699999999844e-01
3.398258699999999743e-01
2.805561999999999778e-01
1.907515200000000077e-01
1.519247400000000026e-01
9.432032999999999390e-02
6.038519999999999999e-02
