5.063684000000000240e-02
7.267727000000000215e-02
7.268707000000000640e-02
8.459880999999999651e-02
1.142566400000000065e-01
1.340739599999999920e-01
1.611022500000000024e-01
1.888540400000000008e-01
1.775759299999999929e-01
1.766808800000000124e-01
2.113508299999999895e-01
1.689028399999999985e-01
1.293969199999999986e-01
1.069278000000000034e-01
7.833015999999999590e-02
7.446086000000000371e-02
7.758131000000000055e-02
6.699718999999999813e-02
6.873453999999999675e-02
7.207272000000000678e-02
7.989646000000000248e-02
8.229672000000000376e-02
8.660603999999999525e-02
7.869526999999999772e-02
8.023482999999999310e-02
7.506437999999999999e-02
7.232371999999999412e-02
6.732296000000000114e-02
6.780638999999999417e-02
6.945832000000000395e-02
6.657889999999999642e-02
6.591007999999999589e-02
6.905456999999999568e-02
6.869160000000000543e-02
6.718722000000000583e-02
6.854319999999999857e-02
6.599998999999999449e-02
6.750216000000000549e-02
7.052674000000000443e-02
6.553185999999999733e-02
6.388995999999999564e-02
6.735199000000000047e-02
7.085031999999999441e-02
7.214083999999999774e-02
7.012493000000000198e-02
6.895424999999999471e-02
6.635860000000000369e-02
6.691535999999999318e-02
6.920824999999999894e-02
8.294108999999999510e-02
8.552012999999999976e-02
7.979221999999999704e-02
6.954551000000000482e-02
6.812572999999999546e-02
7.144955999999999530e-02
8.949047000000000252e-02
9.019928000000000667e-02
6.905856999999999968e-02
7.326454000000000299e-02
7.088257000000000585e-02
6.696180000000000188e-02
7.282516999999999463e-02
7.333931000000000477e-02
5.681125000000000064e-02
