5.499314999999999759e-02
7.078961000000000281e-02
7.311748999999999332e-02
7.850569999999999771e-02
7.291572999999999805e-02
7.559264000000000261e-02
6.748202000000000367e-02
7.057251000000000496e-02
7.442704999999999460e-02
6.887896999999999770e-02
7.354595999999999356e-02
6.898724000000000522e-02
6.624391999999999781e-02
6.641494000000000564e-02
6.875298999999999994e-02
6.889075999999999533e-02
6.877713000000000576e-02
6.859962999999999478e-02
7.470831999999999473e-02
8.381376000000000104e-02
1.083409300000000020e-01
1.043649799999999961e-01
9.508389000000000424e-02
7.704510999999999998e-02
6.955674000000000579e-02
7.771028000000000657e-02
8.410636999999999974e-02
8.596281000000000061e-02
8.039301000000000086e-02
8.866638999999999771e-02
9.798071999999999337e-02
1.026379000000000041e-01
1.043668900000000038e-01
7.614613000000000631e-02
6.792800999999999700e-02
8.460571999999999537e-02
1.269340700000000099e-01
1.664169699999999974e-01
2.536879499999999954e-01
2.511107599999999884e-01
2.385866600000000060e-01
2.280145600000000050e-01
1.856075100000000033e-01
1.409635499999999930e-01
9.623586000000000640e-02
7.353049000000000390e-02
6.478528000000000064e-02
6.996331000000000078e-02
7.271102000000000121e-02
6.754185999999999523e-02
9.029188999999999965e-02
1.043112100000000014e-01
1.288456600000000007e-01
1.218396900000000005e-01
1.253989600000000038e-01
1.266910699999999890e-01
1.010242999999999974e-01
7.307934000000000652e-02
7.385606000000000115e-02
7.045400999999999747e-02
6.966911000000000631e-02
7.650477999999999446e-02
7.826344999999999830e-02
5.709344999999999698e-02
