1.012407800000000024e-01
2.376211400000000085e-01
3.427675099999999975e-01
3.829537900000000161e-01
4.039388300000000265e-01
4.418073299999999981e-01
4.254628100000000246e-01
3.615308999999999884e-01
2.885793099999999778e-01
2.799683199999999927e-01
2.654410600000000064e-01
1.615482699999999938e-01
1.152495999999999937e-01
8.349484999999999546e-02
8.941915000000000280e-02
9.269576999999999678e-02
1.069329200000000007e-01
1.512517800000000023e-01
1.506573900000000021e-01
1.279320599999999863e-01
1.409789499999999918e-01
1.448548100000000005e-01
1.228337300000000021e-01
9.088074999999999626e-02
8.409345000000000014e-02
8.167995999999999590e-02
8.383936000000000166e-02
8.419728999999999408e-02
8.699787000000000492e-02
9.483514999999999306e-02
7.311294999999999600e-02
7.408813999999999678e-02
7.245284000000000446e-02
7.091803000000000690e-02
7.149945000000000606e-02
8.104508000000000545e-02
7.667311999999999739e-02
8.210520000000000318e-02
8.237194999999999934e-02
9.367000999999999800e-02
7.762766999999999584e-02
8.554063000000000638e-02
7.993519000000000319e-02
7.700822999999999696e-02
8.292592999999999492e-02
1.025016499999999997e-01
8.997769999999999380e-02
8.318277999999999783e-02
7.194053000000000253e-02
7.078658999999999646e-02
7.161383999999999805e-02
7.960752000000000106e-02
9.005879999999999441e-02
9.715975000000000306e-02
9.034880000000000688e-02
8.037698000000000065e-02
7.903564999999999896e-02
9.073839999999999684e-02
9.269948000000000077e-02
8.073431000000000357e-02
8.548284999999999911e-02
6.901287999999999867e-02
7.353350000000000164e-02
6.152704999999999980e-02
