7.734343000000000468e-02
1.385337700000000005e-01
1.004154800000000014e-01
7.615539999999999810e-02
7.199933000000000027e-02
7.968616000000000588e-02
7.768289999999999917e-02
8.878595999999999711e-02
8.900922999999999474e-02
9.333386000000000460e-02
1.286549300000000007e-01
1.466723100000000002e-01
1.468026799999999910e-01
1.520237200000000011e-01
1.198114599999999946e-01
9.501428000000000651e-02
6.969398000000000259e-02
7.936403999999999681e-02
1.178635100000000047e-01
2.324315299999999973e-01
2.848314000000000124e-01
3.678034199999999920e-01
3.500808499999999990e-01
2.904735500000000248e-01
2.128926499999999888e-01
1.690295199999999887e-01
1.136901800000000018e-01
7.789424000000000348e-02
7.702444999999999431e-02
8.277519999999999323e-02
8.086498999999999771e-02
1.107987099999999947e-01
1.191062799999999949e-01
1.381549099999999919e-01
1.604529500000000108e-01
1.171558899999999986e-01
1.070583600000000052e-01
9.033217999999999803e-02
8.495068999999999537e-02
8.177465000000000428e-02
9.309749000000000496e-02
8.812124000000000346e-02
9.079397999999999636e-02
7.713939000000000212e-02
6.725838000000000649e-02
6.948957999999999524e-02
7.423221000000000680e-02
7.016226999999999880e-02
6.928921999999999859e-02
7.576905999999999919e-02
7.818674999999999931e-02
7.821640000000000537e-02
7.422252000000000016e-02
6.884057999999999844e-02
7.558304000000000411e-02
8.263276999999999428e-02
8.182085000000000052e-02
8.034779999999999700e-02
8.446436000000000222e-02
8.978055000000000063e-02
6.845402000000000431e-02
7.334013999999999811e-02
8.560222000000000664e-02
5.849046000000000106e-02
