5.430154999999999704e-02
6.311701999999999591e-02
6.411239000000000521e-02
6.562845000000000484e-02
6.689952000000000398e-02
6.785467000000000581e-02
6.624929999999999708e-02
6.502201000000000508e-02
6.616668000000000549e-02
6.519775999999999350e-02
6.935193000000000607e-02
6.739931000000000394e-02
6.628726000000000063e-02
6.607680000000000498e-02
6.781803000000000137e-02
6.521844999999999726e-02
6.827147999999999550e-02
6.779343000000000174e-02
6.742410000000000070e-02
6.730215000000000503e-02
6.678143000000000273e-02
6.612133000000000593e-02
6.822145000000000292e-02
6.649402000000000090e-02
6.381871999999999545e-02
6.912917000000000367e-02
6.612603999999999704e-02
7.021834999999999882e-02
7.006785999999999570e-02
6.638903000000000165e-02
6.611588999999999661e-02
6.653341000000000116e-02
6.815818999999999350e-02
6.977516000000000274e-02
7.250500000000000000e-02
7.147082999999999908e-02
6.500319000000000236e-02
6.806283000000000472e-02
7.119472000000000300e-02
6.870959999999999568e-02
6.702577999999999314e-02
6.839235999999999926e-02
7.648841000000000667e-02
8.167459000000000524e-02
8.708836999999999828e-02
7.920436999999999617e-02
7.802501000000000575e-02
7.681562999999999586e-02
6.900696000000000607e-02
7.627983000000000680e-02
8.916116999999999793e-02
9.661324999999999774e-02
1.112709199999999954e-01
1.372515900000000066e-01
1.610402800000000079e-01
1.510038700000000123e-01
1.361222599999999949e-01
1.203979599999999983e-01
1.144704500000000014e-01
9.058894000000000668e-02
8.237911000000000539e-02
8.176683999999999342e-02
6.482949000000000350e-02
5.486204000000000081e-02
