5.583396000000000192e-02
7.266583999999999544e-02
6.819145000000000068e-02
7.351784000000000097e-02
7.193164999999999976e-02
7.398580999999999908e-02
6.471093999999999458e-02
6.400105000000000377e-02
6.887701000000000240e-02
7.654133999999999938e-02
7.450824000000000336e-02
7.947355999999999865e-02
6.984725999999999435e-02
6.883649999999999491e-02
6.847810000000000008e-02
7.466308000000000666e-02
7.173387999999999987e-02
7.053745000000000154e-02
6.563394999999999646e-02
6.520265000000000088e-02
6.732169000000000347e-02
7.841673999999999867e-02
8.432399999999999618e-02
6.979457000000000022e-02
6.674584999999999546e-02
6.845450999999999619e-02
7.471830000000000138e-02
7.225866999999999707e-02
7.366021999999999847e-02
7.260039000000000076e-02
6.770666999999999658e-02
7.132629999999999526e-02
7.307088000000000472e-02
6.967015999999999487e-02
6.976073000000000690e-02
6.939296000000000353e-02
7.317899999999999405e-02
1.060885300000000003e-01
9.163912000000000446e-02
6.865142000000000466e-02
6.596501999999999921e-02
6.844208000000000236e-02
8.164435000000000442e-02
7.970763999999999627e-02
8.274937999999999738e-02
9.966898000000000424e-02
1.038543799999999961e-01
1.166598300000000060e-01
8.837477000000000527e-02
8.734490000000000309e-02
8.215556000000000247e-02
9.026151000000000313e-02
7.468284999999999507e-02
7.851577999999999335e-02
1.152479899999999946e-01
1.493491100000000071e-01
1.993242400000000136e-01
2.367536699999999994e-01
2.679339900000000108e-01
2.652838800000000274e-01
2.359661000000000119e-01
2.450352899999999889e-01
1.570405400000000062e-01
5.858200999999999686e-02
