5.425568000000000057e-02
8.513439000000000423e-02
7.637855000000000338e-02
6.839438999999999935e-02
6.813866000000000367e-02
7.507608000000000337e-02
7.432297000000000209e-02
7.755331000000000030e-02
7.247633000000000547e-02
7.105459999999999554e-02
6.908118000000000591e-02
6.689913000000000110e-02
6.912377000000000105e-02
7.197280999999999818e-02
7.597950000000000537e-02
7.129971000000000225e-02
6.782886999999999944e-02
6.807137000000000604e-02
7.299153999999999365e-02
6.870429000000000119e-02
7.483130999999999811e-02
6.847565999999999375e-02
6.804266999999999954e-02
7.912719999999999476e-02
8.036134999999999806e-02
8.413437999999999473e-02
8.121657000000000182e-02
6.878220000000000167e-02
6.817262000000000322e-02
6.752560000000000506e-02
6.917015999999999443e-02
6.624889999999999946e-02
8.093155999999999961e-02
8.846355999999999664e-02
7.727828999999999948e-02
7.202699999999999381e-02
6.556214000000000486e-02
7.281432000000000182e-02
7.808260999999999674e-02
7.051517999999999675e-02
8.063745999999999414e-02
1.009796300000000008e-01
1.199137499999999995e-01
1.235430000000000000e-01
1.208443899999999960e-01
1.183187899999999931e-01
1.139742799999999973e-01
9.886309000000000069e-02
8.549779999999999880e-02
6.823588999999999349e-02
6.553978000000000581e-02
6.690255000000000507e-02
7.425962999999999314e-02
7.606031000000000597e-02
7.453825000000000034e-02
8.507731000000000321e-02
7.700129999999999475e-02
7.458887999999999630e-02
7.659375999999999685e-02
8.949658000000000613e-02
8.459967000000000181e-02
8.888293999999999362e-02
8.091378000000000459e-02
5.535462000000000021e-02
