5.050465999999999983e-02
7.415518000000000109e-02
6.727760000000000684e-02
8.598841999999999597e-02
1.150525500000000034e-01
1.386639899999999870e-01
1.777166699999999933e-01
2.564595900000000150e-01
3.246982999999999953e-01
3.156922500000000076e-01
3.256928000000000045e-01
2.110319300000000065e-01
1.704660400000000131e-01
1.347757699999999892e-01
9.093568999999999958e-02
7.536945999999999923e-02
7.809686999999999879e-02
6.878749000000000668e-02
7.633631000000000444e-02
8.081484999999999363e-02
9.515265000000000528e-02
1.188472700000000049e-01
1.334880400000000022e-01
1.035804500000000045e-01
1.020715299999999937e-01
9.145172000000000023e-02
8.552442000000000377e-02
7.581685000000000507e-02
7.584541999999999673e-02
7.316994000000000276e-02
6.871167000000000247e-02
7.163954000000000155e-02
7.114251000000000602e-02
6.579519000000000339e-02
6.626883000000000079e-02
6.633627999999999747e-02
6.735515000000000252e-02
7.624709999999999821e-02
7.629502999999999979e-02
6.456662999999999986e-02
6.504986000000000101e-02
6.933256999999999615e-02
7.915650999999999937e-02
7.656573999999999325e-02
7.098190999999999529e-02
6.663056000000000534e-02
6.647492000000000678e-02
6.605402000000000495e-02
7.175338000000000549e-02
8.441978999999999456e-02
8.451936000000000171e-02
7.988760000000000305e-02
6.471416000000000668e-02
7.268218999999999375e-02
9.113014999999999310e-02
9.879295000000000437e-02
1.113643899999999937e-01
7.262754000000000432e-02
7.305891000000000468e-02
7.273290000000000310e-02
7.404144000000000003e-02
7.588205000000000644e-02
1.111308200000000052e-01
6.902110999999999663e-02
