5.307955999999999785e-02
7.159780000000000311e-02
6.855606000000000200e-02
7.067930999999999520e-02
6.739170999999999356e-02
6.744071000000000093e-02
6.602750999999999759e-02
6.540903000000000689e-02
6.678215999999999319e-02
6.659402000000000377e-02
7.629600999999999744e-02
6.478896000000000654e-02
6.864291999999999616e-02
7.372919000000000000e-02
7.987355999999999623e-02
8.180912999999999380e-02
7.480357999999999452e-02
6.826305000000000567e-02
6.521214999999999651e-02
6.959034000000000053e-02
7.212557999999999470e-02
7.278321999999999570e-02
7.502554000000000167e-02
7.244048000000000154e-02
7.374922999999999895e-02
8.000520999999999328e-02
8.962241999999999431e-02
9.272750999999999910e-02
7.778488999999999542e-02
6.802648000000000028e-02
8.081515000000000226e-02
1.017389300000000052e-01
1.288628400000000063e-01
1.579951599999999956e-01
1.292211900000000135e-01
1.342127200000000076e-01
1.207183399999999934e-01
1.028875199999999962e-01
8.793728000000000655e-02
7.092637999999999721e-02
6.890767999999999893e-02
6.509444999999999815e-02
6.688811999999999536e-02
6.907815999999999956e-02
8.260447999999999402e-02
8.293673000000000017e-02
9.391190000000000648e-02
1.150748099999999996e-01
8.251044000000000433e-02
9.059693000000000607e-02
8.297517000000000087e-02
7.825819000000000525e-02
7.052240999999999371e-02
8.036256999999999429e-02
7.068236999999999437e-02
7.735923999999999578e-02
7.871093999999999313e-02
8.724874000000000518e-02
9.216729999999999368e-02
7.760324000000000388e-02
7.914640000000000564e-02
7.851927000000000212e-02
7.253779000000000476e-02
5.551822000000000007e-02
