5.354965999999999893e-02
6.817520000000000524e-02
6.641415999999999986e-02
6.601445999999999703e-02
6.816271999999999609e-02
6.887480999999999465e-02
6.784017000000000519e-02
6.850958999999999521e-02
6.833401000000000058e-02
6.666883999999999311e-02
6.872875000000000512e-02
6.684379000000000015e-02
6.699175000000000268e-02
6.750414999999999888e-02
6.847628000000000048e-02
6.877901000000000153e-02
7.037601999999999747e-02
7.595594999999999430e-02
7.326130000000000142e-02
7.343782999999999561e-02
7.240273999999999321e-02
6.924558999999999576e-02
6.795392999999999573e-02
7.086497999999999409e-02
7.436853999999999687e-02
7.468056000000000694e-02
6.974386000000000474e-02
7.820407000000000053e-02
7.769457000000000446e-02
7.866059000000000245e-02
8.120156000000000596e-02
7.085753999999999664e-02
7.163332000000000033e-02
8.089018000000000597e-02
9.434394000000000113e-02
1.252434400000000114e-01
1.543793800000000105e-01
1.681298300000000079e-01
1.763442000000000065e-01
1.486211000000000060e-01
1.110954100000000055e-01
8.728094000000000130e-02
8.270165999999999629e-02
7.428099000000000507e-02
6.745581000000000493e-02
6.869240000000000068e-02
6.982003000000000514e-02
6.804042000000000423e-02
7.068436999999999637e-02
7.844819000000000098e-02
8.494342000000000559e-02
9.186242000000000019e-02
8.362957000000000030e-02
8.062083999999999917e-02
7.208499000000000156e-02
7.296347000000000249e-02
7.600234999999999630e-02
7.423691000000000317e-02
7.022744000000000208e-02
7.508607000000000475e-02
7.476472000000000673e-02
6.937883000000000244e-02
8.413083999999999840e-02
5.562506999999999868e-02
