5.995323999999999792e-02
8.990670000000000606e-02
1.051437900000000009e-01
1.278572400000000109e-01
1.122760299999999989e-01
9.134994000000000447e-02
8.038644999999999818e-02
6.657430999999999766e-02
7.369960999999999873e-02
9.868842999999999366e-02
8.194253999999999427e-02
9.186777999999999611e-02
1.026343700000000025e-01
9.456520999999999677e-02
1.146507600000000043e-01
1.067661500000000041e-01
1.048232800000000048e-01
1.086287999999999976e-01
9.096292000000000266e-02
7.022335999999999856e-02
7.488554000000000044e-02
1.151426799999999973e-01
1.843514599999999948e-01
2.195058599999999971e-01
2.453345700000000018e-01
2.904055700000000018e-01
2.695569099999999829e-01
2.068906100000000026e-01
1.581824599999999970e-01
1.110427199999999975e-01
9.087143999999999777e-02
7.170026999999999651e-02
7.374891999999999559e-02
7.603540000000000298e-02
7.255522999999999834e-02
8.454855999999999483e-02
9.141520000000000201e-02
1.293923299999999998e-01
1.248606500000000036e-01
1.011273599999999995e-01
7.960243000000000180e-02
7.450170000000000403e-02
6.554915999999999521e-02
7.914997999999999478e-02
8.693148000000000541e-02
8.089227000000000223e-02
6.789370999999999601e-02
8.173988999999999561e-02
7.936543999999999544e-02
8.734985000000000666e-02
7.342561000000000226e-02
6.882565000000000210e-02
6.576458999999999777e-02
7.262174999999999880e-02
7.289964000000000166e-02
7.668759999999999466e-02
7.082987999999999784e-02
6.832520999999999733e-02
6.828805000000000291e-02
6.604071999999999720e-02
7.165533000000000319e-02
7.638042000000000442e-02
8.591284000000000420e-02
5.583156000000000230e-02
