5.447116999999999931e-02
6.790356999999999643e-02
7.144393000000000271e-02
7.175510999999999695e-02
7.141158000000000228e-02
7.275824000000000180e-02
6.604483999999999355e-02
6.634302000000000255e-02
6.774217000000000433e-02
7.442848000000000519e-02
8.052789000000000474e-02
7.713180999999999510e-02
7.626755000000000340e-02
6.965968000000000160e-02
7.285730999999999458e-02
7.109611000000000403e-02
8.749817000000000011e-02
7.900632999999999961e-02
7.247581000000000162e-02
7.667000999999999677e-02
8.107287000000000521e-02
9.126439999999999553e-02
8.373126999999999653e-02
8.097300999999999804e-02
7.597801999999999334e-02
7.054873000000000394e-02
7.460018000000000205e-02
1.060476600000000019e-01
1.421676299999999893e-01
1.632222799999999974e-01
1.616236400000000129e-01
1.586741500000000138e-01
1.562530099999999977e-01
1.230461600000000016e-01
8.859788999999999859e-02
7.898773000000000599e-02
7.375581999999999971e-02
6.892309000000000629e-02
6.839731000000000283e-02
7.040572000000000497e-02
7.067542999999999742e-02
7.430145999999999973e-02
8.115849999999999453e-02
8.632452999999999654e-02
8.750808999999999671e-02
8.703634999999999844e-02
7.047531999999999408e-02
7.156783999999999368e-02
7.169583000000000206e-02
7.081835000000000213e-02
7.411318000000000072e-02
7.078911000000000231e-02
6.945511000000000046e-02
7.172649999999999859e-02
7.094506999999999897e-02
7.535134000000000276e-02
7.220853000000000688e-02
7.085563000000000278e-02
6.808706000000000480e-02
7.420213999999999976e-02
7.663810000000000067e-02
7.142176000000000080e-02
7.004198000000000368e-02
5.516501000000000043e-02
