5.837312000000000056e-02
1.013081700000000029e-01
1.200661799999999946e-01
1.042967699999999970e-01
1.195176299999999997e-01
1.441548800000000130e-01
1.131609900000000030e-01
8.406935999999999576e-02
7.710182000000000146e-02
7.697421000000000124e-02
9.118257000000000445e-02
1.372159699999999927e-01
1.764242099999999980e-01
2.271630500000000052e-01
2.708092899999999803e-01
3.125023800000000240e-01
3.054992300000000105e-01
2.244418900000000050e-01
1.696697799999999923e-01
1.126857500000000012e-01
9.168397999999999826e-02
7.681309000000000053e-02
7.335490000000000066e-02
7.064267999999999936e-02
7.615942000000000545e-02
7.824382000000000559e-02
9.657891999999999866e-02
1.059637300000000060e-01
1.058676000000000061e-01
1.037975500000000023e-01
1.005330599999999935e-01
8.883058000000000620e-02
8.161048999999999387e-02
8.037212999999999996e-02
7.799710999999999450e-02
8.041818000000000577e-02
7.824984999999999580e-02
7.004172000000000176e-02
6.938912999999999331e-02
7.148722000000000409e-02
7.376858000000000026e-02
6.939019000000000437e-02
6.813677999999999402e-02
6.941740999999999884e-02
6.592963999999999769e-02
6.587421000000000249e-02
6.920284000000000157e-02
7.036862000000000672e-02
7.488696000000000241e-02
8.042122999999999633e-02
8.389861999999999320e-02
7.347757000000000593e-02
6.891408000000000256e-02
6.770576999999999845e-02
6.851583999999999453e-02
7.159463000000000632e-02
7.260534000000000432e-02
7.072035000000000127e-02
7.223390000000000366e-02
7.028834000000000470e-02
6.637569999999999582e-02
6.491394000000000331e-02
6.771362000000000214e-02
5.529596999999999984e-02
