5.529413999999999857e-02
6.633372999999999353e-02
6.931189999999999574e-02
6.962599999999999345e-02
7.960523999999999378e-02
8.508841999999999794e-02
9.743480000000000196e-02
9.409304999999999752e-02
9.191654000000000491e-02
7.327332000000000289e-02
7.071869000000000072e-02
7.616378000000000037e-02
7.904353000000000073e-02
7.913747000000000142e-02
7.595100000000000462e-02
7.415033999999999514e-02
7.060020000000000184e-02
7.661932999999999938e-02
8.932160999999999573e-02
9.602299999999999724e-02
8.696924000000000321e-02
6.975133999999999501e-02
7.578031000000000350e-02
9.879939999999999556e-02
8.871727000000000085e-02
9.682636999999999494e-02
8.123210000000000153e-02
9.062873000000000456e-02
7.968058999999999559e-02
7.755407999999999746e-02
8.004374000000000211e-02
7.183597999999999373e-02
8.199330999999999980e-02
1.210099699999999945e-01
1.224515999999999938e-01
1.133994499999999989e-01
8.095768999999999882e-02
7.429708999999999619e-02
7.927660999999999736e-02
1.085106099999999935e-01
9.982860999999999818e-02
9.203751000000000293e-02
1.083106800000000064e-01
1.103925000000000045e-01
1.456445600000000062e-01
1.567529000000000006e-01
1.639176499999999981e-01
1.206258800000000048e-01
7.287643000000000593e-02
1.216362700000000047e-01
1.774350899999999898e-01
2.156581899999999996e-01
3.095498099999999808e-01
4.096744099999999889e-01
4.945538600000000118e-01
4.299643000000000215e-01
3.986254000000000186e-01
3.522477399999999759e-01
2.878237100000000104e-01
2.446316600000000008e-01
1.898188299999999940e-01
1.138847800000000049e-01
7.241338999999999415e-02
6.418691999999999453e-02
