6.095306999999999809e-02
8.523748999999999909e-02
9.822321000000000524e-02
1.360601800000000028e-01
1.472137699999999938e-01
1.188903999999999933e-01
1.183778300000000033e-01
9.302749999999999908e-02
9.490603999999999707e-02
7.455428999999999529e-02
7.271553999999999518e-02
8.415169999999999595e-02
1.069410999999999973e-01
1.173344000000000054e-01
1.440416599999999880e-01
1.415312099999999906e-01
1.429237399999999936e-01
1.334228699999999990e-01
1.340846699999999891e-01
1.247225500000000015e-01
1.134807099999999985e-01
8.458920999999999801e-02
1.549680800000000080e-01
2.255206999999999906e-01
3.064436600000000066e-01
4.130121500000000223e-01
4.275906400000000218e-01
4.084927700000000050e-01
3.569130600000000042e-01
2.411158999999999941e-01
1.426800199999999907e-01
1.097507300000000047e-01
9.582952999999999610e-02
9.004629999999999579e-02
6.936660000000000048e-02
9.460741999999999763e-02
8.529441000000000106e-02
1.190833699999999939e-01
1.620376900000000120e-01
1.334889400000000004e-01
1.271770299999999965e-01
1.138682099999999975e-01
8.650405999999999374e-02
8.468865999999999894e-02
7.749246999999999386e-02
8.787765999999999633e-02
7.173743000000000480e-02
7.932733999999999619e-02
7.938673999999999731e-02
8.301397000000000637e-02
9.284697999999999563e-02
7.533072000000000379e-02
7.448828999999999867e-02
7.914614000000000371e-02
7.286837000000000175e-02
6.777392000000000138e-02
6.779390999999999889e-02
7.014143000000000461e-02
6.787289999999999990e-02
6.763097999999999332e-02
6.459136000000000044e-02
7.082943999999999352e-02
7.077326000000000450e-02
5.584251999999999966e-02
