5.789973999999999815e-02
6.932320999999999622e-02
6.936768000000000101e-02
7.629792000000000518e-02
8.724788999999999461e-02
9.120659999999999878e-02
1.021028100000000022e-01
9.492670999999999748e-02
9.027509999999999701e-02
6.806408999999999376e-02
7.574530000000000152e-02
8.397567000000000226e-02
7.878569000000000544e-02
8.274642999999999582e-02
7.370261999999999647e-02
7.107752000000000514e-02
7.647624999999999562e-02
8.312558999999999920e-02
8.971535999999999400e-02
8.837061000000000222e-02
8.008713000000000637e-02
7.283349000000000073e-02
8.977103999999999639e-02
9.981534000000000240e-02
8.108174999999999411e-02
9.423786000000000662e-02
7.953984999999999528e-02
8.638880000000000170e-02
9.296653000000000555e-02
8.271971000000000185e-02
7.823346999999999940e-02
8.917492999999999947e-02
1.006015199999999998e-01
9.170522999999999869e-02
1.042920999999999987e-01
1.317685700000000015e-01
7.470992999999999384e-02
7.307549000000000683e-02
9.956674000000000080e-02
1.060308499999999959e-01
9.427731000000000305e-02
9.887039999999999718e-02
1.330798599999999943e-01
1.719884999999999886e-01
1.726727299999999965e-01
1.315947299999999931e-01
1.119119300000000067e-01
1.152313900000000030e-01
9.991231000000000417e-02
9.864051999999999543e-02
1.580988000000000115e-01
1.785443999999999920e-01
2.715662999999999827e-01
3.738942699999999730e-01
4.889039700000000210e-01
4.328981000000000079e-01
4.162463800000000269e-01
3.531730499999999884e-01
2.813947199999999871e-01
1.984267500000000128e-01
1.513593599999999983e-01
1.186339700000000053e-01
7.291475999999999513e-02
6.269452999999999832e-02
