1.248987399999999942e-01
3.427279899999999824e-01
3.863900599999999796e-01
3.631817399999999751e-01
3.201774399999999798e-01
3.206814800000000187e-01
2.587428099999999898e-01
1.715589299999999984e-01
9.973598000000000185e-02
9.246495000000000408e-02
9.852838999999999348e-02
9.488130999999999649e-02
1.050232599999999933e-01
1.279285000000000005e-01
1.412622000000000044e-01
1.837104400000000026e-01
1.795801499999999939e-01
2.348714000000000079e-01
1.778396100000000091e-01
1.320077900000000137e-01
1.051009400000000038e-01
8.409582999999999642e-02
7.751974999999999838e-02
8.075148000000000048e-02
9.410781000000000007e-02
9.332062000000000690e-02
6.986520000000000230e-02
6.874637999999999582e-02
8.183355000000000490e-02
8.330025000000000623e-02
8.309576999999999936e-02
9.061613000000000306e-02
8.164337000000000677e-02
6.981758999999999882e-02
7.850748999999999922e-02
7.451652999999999749e-02
7.820765999999999829e-02
8.428040000000000531e-02
8.870343999999999451e-02
7.660380999999999441e-02
7.224782999999999900e-02
8.435473000000000277e-02
1.038865800000000061e-01
1.080613299999999971e-01
1.023462799999999978e-01
7.269003000000000270e-02
6.957043000000000255e-02
8.220254999999999923e-02
8.513334000000000179e-02
8.046981000000000273e-02
7.944070999999999771e-02
7.360616999999999854e-02
6.927155000000000118e-02
7.494478999999999724e-02
7.818949000000000038e-02
8.146425000000000194e-02
8.181992999999999905e-02
7.703632000000000535e-02
7.479792000000000385e-02
7.162275999999999365e-02
7.491520000000000123e-02
8.126208000000000042e-02
7.399426000000000614e-02
6.022225999999999968e-02
