5.645490000000000230e-02
7.734552000000000094e-02
6.989410999999999541e-02
7.302640000000000520e-02
1.002177399999999996e-01
1.111718899999999954e-01
8.550963999999999787e-02
9.263227000000000266e-02
1.085686299999999993e-01
1.523811800000000050e-01
1.936570400000000025e-01
1.666732700000000122e-01
1.317673900000000120e-01
9.401639999999999997e-02
7.900788999999999729e-02
9.303158999999999734e-02
1.355180099999999943e-01
1.946609599999999940e-01
2.953105599999999997e-01
4.139997100000000207e-01
4.425278899999999793e-01
4.277600300000000133e-01
3.621014100000000124e-01
2.564340199999999848e-01
1.767883000000000093e-01
1.126072300000000026e-01
7.772555999999999909e-02
8.148297000000000179e-02
8.181462000000000456e-02
8.779336999999999558e-02
8.107090000000000130e-02
1.039945000000000036e-01
1.407406800000000069e-01
1.608894299999999999e-01
1.812851900000000127e-01
1.095240600000000064e-01
1.048091899999999965e-01
9.329131000000000229e-02
8.845061999999999369e-02
8.318517000000000272e-02
9.493725000000000080e-02
8.164027000000000089e-02
1.078663200000000016e-01
8.321897000000000322e-02
7.291409000000000085e-02
7.002582999999999724e-02
7.602467000000000252e-02
6.973490999999999718e-02
6.618562000000000056e-02
7.760928999999999744e-02
7.211863000000000301e-02
8.594649999999999512e-02
8.011287999999999743e-02
7.512009000000000047e-02
7.484140999999999710e-02
8.418103000000000391e-02
8.919246000000000119e-02
8.051221999999999546e-02
8.486443000000000458e-02
9.200769999999999782e-02
7.172997000000000400e-02
7.087759999999999894e-02
7.904962000000000100e-02
5.965481000000000256e-02
