5.547007999999999800e-02
7.597665000000000668e-02
6.735243999999999953e-02
6.720059000000000449e-02
7.419360999999999318e-02
7.363248000000000015e-02
8.031686999999999854e-02
7.946214999999999529e-02
7.215744000000000324e-02
6.915794999999999582e-02
8.293768999999999447e-02
7.445467999999999531e-02
8.402805000000000690e-02
9.084772000000000680e-02
8.317402999999999602e-02
7.750951000000000368e-02
9.233420000000000516e-02
1.127330799999999994e-01
1.083768999999999982e-01
1.003772500000000012e-01
9.408851000000000020e-02
7.665205999999999409e-02
8.107572999999999863e-02
1.024610499999999980e-01
1.001694899999999999e-01
1.061057200000000006e-01
9.552570999999999979e-02
1.341728600000000049e-01
1.267489900000000058e-01
1.347604400000000091e-01
1.095108199999999948e-01
8.496589000000000225e-02
9.038066999999999629e-02
1.412498799999999943e-01
1.672111900000000095e-01
2.744898800000000194e-01
3.614258499999999930e-01
3.842586000000000057e-01
3.819973199999999736e-01
2.653312400000000237e-01
1.740244200000000130e-01
1.126344400000000023e-01
9.069204000000000154e-02
8.178712999999999955e-02
7.261987999999999777e-02
7.714575999999999378e-02
8.348916000000000670e-02
9.493318000000000589e-02
8.668692999999999538e-02
1.322502200000000017e-01
1.344940400000000091e-01
1.592719900000000022e-01
1.224184600000000067e-01
9.704419000000000239e-02
8.506102000000000107e-02
8.312047000000000185e-02
9.181179000000000423e-02
1.024856400000000028e-01
8.208759999999999668e-02
8.548345000000000249e-02
9.079344000000000303e-02
8.721671000000000284e-02
1.039532900000000037e-01
5.693953999999999682e-02
