1.388698100000000102e-01
3.515721900000000066e-01
3.834028800000000015e-01
4.266589299999999918e-01
3.811806699999999992e-01
3.824138300000000101e-01
3.511521799999999804e-01
2.943274699999999799e-01
2.134161699999999884e-01
1.754376900000000072e-01
1.474130999999999914e-01
9.757045999999999775e-02
1.011728300000000053e-01
9.747957000000000150e-02
9.783100000000000129e-02
1.196870099999999965e-01
1.345374000000000014e-01
1.895552899999999874e-01
1.785198699999999972e-01
1.420742999999999867e-01
1.393455000000000110e-01
1.229792700000000016e-01
1.150568399999999936e-01
9.844516000000000377e-02
1.000772699999999960e-01
1.065090900000000007e-01
7.514945000000000652e-02
8.136827000000000643e-02
7.597687999999999664e-02
8.887781999999999627e-02
7.452852000000000088e-02
7.668782000000000376e-02
7.729167000000000676e-02
7.189046999999999799e-02
7.127836999999999368e-02
7.340120999999999452e-02
7.105606000000000422e-02
7.346084999999999421e-02
8.625077999999999911e-02
8.934130999999999323e-02
7.006988999999999579e-02
8.314942999999999640e-02
8.374950000000000450e-02
1.027461399999999997e-01
1.023281899999999994e-01
9.336097999999999619e-02
7.815827000000000191e-02
7.348612000000000199e-02
7.536439999999999806e-02
7.505589999999999484e-02
8.207451000000000330e-02
8.938509999999999511e-02
7.630657000000000412e-02
7.472974999999999757e-02
7.725482000000000182e-02
7.828685000000000505e-02
7.983250999999999542e-02
9.282202000000000508e-02
9.590416000000000218e-02
7.626873000000000680e-02
7.281577999999999662e-02
7.483125000000000193e-02
6.881684000000000412e-02
6.531692000000000053e-02
