7.418384000000000089e-02
1.506020299999999978e-01
2.069318099999999938e-01
2.334363799999999989e-01
2.572684299999999924e-01
2.757840799999999870e-01
2.664360700000000248e-01
2.317011499999999946e-01
2.113994999999999902e-01
1.819908500000000096e-01
1.682887700000000042e-01
9.616834999999999967e-02
8.208580000000000043e-02
7.270316999999999752e-02
8.180695000000000328e-02
8.044155000000000055e-02
7.943941999999999670e-02
9.870212999999999903e-02
1.031534600000000024e-01
9.849473999999999729e-02
1.219374700000000061e-01
1.203106000000000037e-01
9.383835999999999566e-02
7.890750000000000541e-02
6.966596999999999373e-02
7.276341000000000059e-02
7.364917999999999465e-02
7.886176999999999770e-02
7.906912000000000662e-02
8.148735999999999480e-02
6.914269000000000664e-02
6.630598000000000047e-02
6.935407999999999851e-02
6.782059000000000004e-02
6.792855999999999894e-02
7.233127999999999780e-02
7.197994000000000614e-02
7.286976000000000564e-02
7.508465000000000278e-02
8.059521000000000046e-02
7.073282000000000180e-02
7.349131000000000413e-02
6.997825000000000573e-02
7.300041000000000169e-02
7.182576999999999712e-02
7.897033999999999998e-02
7.470222999999999447e-02
6.856428000000000522e-02
6.556906999999999319e-02
6.651079999999999492e-02
6.650786999999999671e-02
7.276820000000000510e-02
7.953767000000000476e-02
7.727850999999999471e-02
7.572518000000000304e-02
7.122883000000000686e-02
7.067684999999999940e-02
7.742509000000000197e-02
8.323878999999999306e-02
7.331076999999999733e-02
7.276559999999999973e-02
6.639923000000000353e-02
6.745718000000000547e-02
5.825762000000000301e-02
