6.631362000000000367e-02
8.875252000000000141e-02
7.521719000000000321e-02
7.674119999999999553e-02
1.132985100000000050e-01
1.272269500000000053e-01
1.501637100000000058e-01
1.657189599999999985e-01
1.733097000000000110e-01
1.896011400000000013e-01
2.458206599999999964e-01
2.444402599999999925e-01
2.295926699999999987e-01
2.088712199999999963e-01
1.112469100000000044e-01
9.931734999999999869e-02
8.658451999999999815e-02
7.617849999999999622e-02
7.660422000000000065e-02
8.174441000000000346e-02
9.212547000000000097e-02
1.043007199999999995e-01
1.253802199999999867e-01
1.346095200000000103e-01
1.612823499999999910e-01
1.497781300000000093e-01
1.044520300000000013e-01
7.384780999999999984e-02
7.498106999999999689e-02
7.558046999999999682e-02
7.640399999999999969e-02
7.599045000000000105e-02
7.621458999999999873e-02
7.825661000000000422e-02
8.120900000000000341e-02
7.659327999999999970e-02
7.400210000000000121e-02
8.271526999999999352e-02
8.236535999999999857e-02
7.231677000000000244e-02
6.981213000000000002e-02
7.848470000000000446e-02
8.918539000000000327e-02
8.441733999999999349e-02
7.707696999999999465e-02
8.001735999999999571e-02
7.205280999999999492e-02
6.941513000000000544e-02
6.670065999999999495e-02
7.599380000000000024e-02
8.046224999999999905e-02
8.828349000000000613e-02
7.457332999999999323e-02
6.709089000000000025e-02
7.158504000000000256e-02
7.727871999999999519e-02
8.227953000000000350e-02
6.822169000000000150e-02
7.519712000000000618e-02
7.185742000000000518e-02
6.600955000000000017e-02
7.317406999999999384e-02
7.384667999999999788e-02
5.734522000000000230e-02
