5.631829000000000002e-02
8.189332000000000555e-02
8.229003999999999486e-02
9.206965000000000288e-02
8.030895000000000394e-02
7.744814999999999339e-02
6.593867999999999951e-02
7.352076999999999918e-02
7.431875999999999760e-02
6.939829000000000137e-02
7.478057999999999927e-02
7.316738999999999882e-02
7.080759999999999832e-02
7.206402000000000641e-02
7.018573000000000173e-02
7.239075999999999844e-02
7.327488999999999530e-02
7.820077999999999752e-02
8.771341000000000554e-02
1.088620599999999966e-01
1.289128999999999969e-01
1.120425899999999975e-01
9.553934999999999511e-02
7.108048999999999618e-02
7.700709000000000026e-02
8.985489000000000670e-02
9.115191000000000265e-02
9.065003000000000644e-02
8.288434000000000079e-02
1.130544899999999936e-01
1.269826099999999958e-01
1.288148000000000071e-01
1.141523599999999944e-01
8.434919000000000444e-02
9.353680000000000327e-02
1.542787999999999937e-01
2.080905600000000077e-01
3.066398799999999758e-01
3.602731200000000022e-01
3.185893599999999881e-01
2.560953499999999994e-01
2.247471400000000119e-01
1.762978099999999992e-01
1.321327700000000105e-01
8.312144999999999950e-02
7.037409999999999499e-02
6.801289000000000640e-02
7.532609999999999306e-02
8.496583000000000607e-02
1.009050499999999961e-01
1.146540999999999949e-01
1.463361499999999982e-01
1.599451199999999962e-01
1.401464299999999885e-01
1.057647300000000012e-01
9.497429999999999761e-02
8.804135000000000433e-02
7.523472999999999966e-02
7.490861000000000047e-02
7.922543999999999420e-02
7.675073000000000312e-02
8.256934000000000495e-02
9.550675999999999610e-02
5.827543999999999780e-02
