5.655033000000000282e-02
7.068657999999999886e-02
7.382884000000000668e-02
8.909651999999999850e-02
9.288604999999999778e-02
9.572374999999999634e-02
8.930684999999999318e-02
7.221985999999999684e-02
7.667986000000000246e-02
7.269077999999999651e-02
7.120917000000000219e-02
7.380733999999999906e-02
9.137995000000000145e-02
1.011226499999999945e-01
1.003007900000000008e-01
9.977466999999999586e-02
1.013365600000000061e-01
9.052963999999999456e-02
1.038092699999999952e-01
9.788152999999999437e-02
1.012404600000000043e-01
7.643845999999999974e-02
9.379258999999999513e-02
1.236783300000000030e-01
1.534976799999999975e-01
2.458335600000000065e-01
2.592564199999999874e-01
2.421323999999999976e-01
2.178079199999999882e-01
1.454217600000000110e-01
1.061504000000000059e-01
8.507644000000000317e-02
8.471426999999999430e-02
6.703721999999999459e-02
6.453369999999999940e-02
6.785947999999999980e-02
7.108630000000000504e-02
9.457316999999999807e-02
1.068385699999999938e-01
8.325425999999999660e-02
9.479266999999999554e-02
8.345249999999999890e-02
7.432750999999999941e-02
7.338160000000000516e-02
6.857172000000000267e-02
7.269425999999999666e-02
6.940248999999999724e-02
7.128502000000000449e-02
7.623064999999999702e-02
7.478911000000000586e-02
8.101732999999999851e-02
7.107173999999999436e-02
7.416208999999999996e-02
7.093473999999999613e-02
6.828879999999999673e-02
6.717185999999999990e-02
6.689332000000000611e-02
6.638267000000000473e-02
7.004283000000000037e-02
6.718836999999999726e-02
6.759647000000000572e-02
6.769754999999999523e-02
7.398530999999999858e-02
5.482954000000000300e-02
