5.041463000000000194e-02
6.330473999999999823e-02
6.314819000000000682e-02
6.361224999999999519e-02
6.274422999999999806e-02
6.691663000000000472e-02
6.802727000000000079e-02
6.679831999999999437e-02
6.920684000000000557e-02
6.423028000000000071e-02
6.559387999999999330e-02
6.219594999999999985e-02
6.580497000000000429e-02
6.914223999999999370e-02
6.653207999999999345e-02
6.661746000000000334e-02
6.547733000000000025e-02
6.524559000000000608e-02
6.575488000000000166e-02
6.827324999999999366e-02
6.666131000000000140e-02
6.670043000000000499e-02
6.687155999999999656e-02
6.635810999999999793e-02
6.660512000000000377e-02
7.054620999999999809e-02
6.639950000000000019e-02
6.619953000000000642e-02
6.750981999999999816e-02
6.471511000000000624e-02
6.611991999999999869e-02
6.535196999999999534e-02
6.730068000000000161e-02
6.725557000000000063e-02
6.962830999999999881e-02
6.936697999999999475e-02
6.677758999999999778e-02
6.679741999999999624e-02
6.763578000000000645e-02
6.858277000000000123e-02
6.717138999999999749e-02
6.754053000000000140e-02
6.890533999999999548e-02
7.521071000000000006e-02
7.834156000000000453e-02
7.455678000000000305e-02
7.837579999999999547e-02
8.264141999999999322e-02
7.149078999999999851e-02
6.620188999999999935e-02
7.547099999999999642e-02
7.958933999999999453e-02
8.566654999999999409e-02
9.164340999999999460e-02
1.170168500000000056e-01
1.215926299999999932e-01
1.277715100000000048e-01
1.243715600000000060e-01
1.210075899999999982e-01
1.139588400000000057e-01
9.655378000000000571e-02
7.938352999999999382e-02
6.757214999999999749e-02
5.523658000000000040e-02
