5.666892999999999930e-02
7.400951000000000057e-02
6.923099000000000613e-02
6.885170999999999653e-02
7.432713999999999988e-02
8.625808000000000086e-02
6.916877999999999915e-02
6.894912999999999736e-02
7.899499999999999578e-02
8.682167999999999830e-02
1.068401100000000020e-01
1.045663500000000024e-01
1.032148199999999988e-01
9.190629000000000159e-02
7.272046000000000066e-02
6.668831999999999538e-02
7.832907999999999538e-02
8.992534000000000638e-02
1.218292900000000067e-01
1.613456199999999952e-01
2.037627399999999978e-01
2.307920599999999933e-01
2.160647800000000118e-01
1.587535300000000038e-01
1.172879500000000019e-01
8.823559999999999737e-02
7.811278000000000665e-02
7.148960999999999510e-02
7.068694000000000366e-02
8.130436000000000607e-02
8.021704999999999808e-02
9.170905999999999503e-02
1.044520300000000013e-01
1.311675900000000006e-01
1.178341299999999953e-01
9.558276999999999746e-02
9.123552999999999524e-02
7.547700000000000242e-02
7.472489000000000214e-02
7.829474999999999629e-02
8.876280999999999755e-02
8.376994999999999580e-02
9.021624000000000310e-02
7.308375000000000288e-02
6.585770000000000512e-02
6.912928000000000128e-02
7.380481999999999321e-02
7.220189000000000468e-02
6.976662999999999615e-02
7.072299999999999420e-02
7.397584999999999578e-02
8.130867999999999429e-02
7.244135000000000157e-02
7.049687999999999788e-02
7.492392999999999970e-02
8.111214999999999398e-02
8.495719999999999661e-02
8.133392000000000399e-02
9.326041999999999665e-02
9.316003999999999952e-02
7.032262999999999709e-02
6.944276000000000615e-02
7.227856000000000558e-02
5.672900000000000165e-02
