5.021496000000000293e-02
6.531006000000000311e-02
6.661825000000000385e-02
6.326373000000000413e-02
6.285359999999999558e-02
6.752120999999999817e-02
6.929981999999999809e-02
6.910265000000000157e-02
7.137195000000000344e-02
6.773759000000000030e-02
6.699908000000000252e-02
6.426659999999999318e-02
6.654735999999999985e-02
7.046107999999999538e-02
6.793277999999999817e-02
7.342561000000000226e-02
6.819335999999999454e-02
6.569580999999999338e-02
6.594183000000000683e-02
7.255504000000000120e-02
7.121541000000000676e-02
7.363678999999999364e-02
7.312868999999999620e-02
6.870054000000000438e-02
6.656882000000000077e-02
7.517034999999999689e-02
7.125123999999999347e-02
6.890648000000000606e-02
6.827263999999999555e-02
6.666104000000000473e-02
6.769856999999999958e-02
6.721354000000000217e-02
6.852402999999999966e-02
7.034521000000000523e-02
7.163817000000000101e-02
7.642251999999999379e-02
7.282035000000000591e-02
7.613628000000000062e-02
7.042342999999999520e-02
6.747174000000000227e-02
6.762334999999999874e-02
7.035278999999999838e-02
7.389323000000000419e-02
8.034565000000000456e-02
8.193090999999999569e-02
8.285863999999999729e-02
9.360253999999999797e-02
9.824821999999999722e-02
8.068603000000000580e-02
7.715294999999999792e-02
6.971151000000000431e-02
7.131000999999999312e-02
7.814263999999999932e-02
8.841817000000000426e-02
1.339473899999999995e-01
1.361450100000000107e-01
1.530572000000000044e-01
1.706497800000000009e-01
1.822280699999999920e-01
1.725082199999999899e-01
1.431941999999999937e-01
1.201878299999999955e-01
8.593054999999999444e-02
5.465381999999999879e-02
