5.884285000000000210e-02
1.671794799999999914e-01
1.570375599999999927e-01
1.435544199999999881e-01
1.257546099999999889e-01
1.171739499999999989e-01
9.021339000000000441e-02
9.346280999999999339e-02
1.235650900000000024e-01
1.643258800000000075e-01
1.594244499999999953e-01
1.588441899999999962e-01
1.703086900000000126e-01
1.630741099999999943e-01
1.334151799999999943e-01
1.104070600000000013e-01
9.591241000000000350e-02
8.098441000000000667e-02
7.549229000000000356e-02
6.737445000000000239e-02
7.181287999999999561e-02
6.929467000000000265e-02
6.996528999999999943e-02
6.945442000000000282e-02
7.680335000000000634e-02
7.806776999999999467e-02
7.572370000000000489e-02
7.082447000000000048e-02
6.964420000000000333e-02
7.105646000000000184e-02
7.062039000000000510e-02
6.735104000000000091e-02
7.246755000000000557e-02
7.415088000000000235e-02
7.160735000000000017e-02
7.241255000000000608e-02
7.036549000000000276e-02
6.691448999999999314e-02
7.073440999999999756e-02
7.001211999999999713e-02
6.798537000000000330e-02
6.775878000000000456e-02
6.719387999999999750e-02
7.113231999999999888e-02
6.699665999999999955e-02
6.962008999999999559e-02
8.041312999999999933e-02
9.903723999999999861e-02
9.510876000000000052e-02
8.731978999999999436e-02
7.720409999999999773e-02
6.947657000000000138e-02
7.508433999999999942e-02
9.101826999999999834e-02
9.860238000000000336e-02
7.862486999999999948e-02
8.204930000000000556e-02
7.609855000000000091e-02
6.961857999999999935e-02
8.055927999999999700e-02
1.013962900000000000e-01
9.296237999999999724e-02
9.867032000000000580e-02
6.531104000000000076e-02
