5.401935000000000070e-02
1.216473799999999994e-01
1.084828199999999937e-01
9.512858000000000425e-02
7.712805000000000355e-02
7.341032999999999586e-02
7.995270000000000155e-02
8.242982000000000087e-02
9.191085000000000227e-02
9.735033999999999355e-02
1.066463200000000028e-01
1.166365300000000021e-01
1.503406599999999871e-01
1.448329999999999895e-01
1.605059799999999925e-01
1.147246400000000027e-01
7.551871999999999752e-02
6.781829999999999803e-02
9.125714999999999522e-02
1.796612300000000051e-01
2.446103500000000042e-01
3.309032299999999926e-01
3.523412300000000053e-01
2.981971199999999822e-01
2.491011900000000001e-01
1.784242199999999945e-01
1.298344100000000112e-01
8.952079000000000286e-02
7.446527000000000007e-02
7.373986000000000429e-02
7.526273999999999464e-02
9.708160999999999874e-02
1.123740700000000065e-01
1.315072300000000027e-01
1.564876099999999992e-01
1.238177000000000028e-01
1.240293400000000018e-01
1.130454500000000057e-01
9.189318000000000486e-02
8.389106000000000340e-02
9.441621000000000041e-02
8.665580999999999978e-02
9.003843999999999737e-02
7.679318999999999729e-02
6.937712000000000045e-02
7.385938999999999699e-02
7.878978999999999844e-02
6.968531999999999504e-02
6.967162000000000355e-02
7.447964999999999447e-02
7.439758999999999955e-02
8.343180999999999514e-02
7.387016999999999889e-02
7.121908999999999879e-02
7.111966000000000121e-02
7.740436000000000538e-02
8.250245000000000495e-02
8.240131000000000538e-02
9.156562999999999508e-02
9.553599999999999592e-02
7.068214999999999915e-02
7.567084999999999784e-02
7.879738000000000020e-02
5.754523999999999750e-02
