5.013763999999999721e-02
7.648530000000000606e-02
6.929122999999999533e-02
8.061384000000000605e-02
1.005316799999999983e-01
9.166994000000000531e-02
1.292616000000000043e-01
1.150535800000000025e-01
1.152476000000000056e-01
7.116008999999999529e-02
6.856157999999999697e-02
6.854834999999999401e-02
7.919589999999999963e-02
9.692204000000000097e-02
1.287301499999999876e-01
1.369513699999999889e-01
1.188152700000000006e-01
1.078146900000000047e-01
1.362066899999999914e-01
1.467529999999999946e-01
1.651546100000000072e-01
8.239212999999999398e-02
8.366189000000000264e-02
1.148458599999999941e-01
2.309857200000000055e-01
3.475470199999999843e-01
4.016994199999999737e-01
3.926971000000000211e-01
3.822252800000000006e-01
2.553993800000000092e-01
1.969135999999999942e-01
1.257997299999999985e-01
9.969264999999999377e-02
6.813544000000000544e-02
7.219087000000000420e-02
8.356114000000000597e-02
8.471757000000000593e-02
1.046197499999999975e-01
1.242381199999999936e-01
1.208243400000000023e-01
1.284387700000000077e-01
1.065397899999999953e-01
9.233376000000000083e-02
7.841852000000000544e-02
7.122227999999999892e-02
7.392079999999999484e-02
7.851357000000000474e-02
8.855625999999999776e-02
7.684240999999999988e-02
8.051772999999999569e-02
7.126585000000000558e-02
6.864457999999999671e-02
6.920315999999999967e-02
7.550727000000000133e-02
8.088568000000000147e-02
7.146378999999999926e-02
6.802618000000000553e-02
6.921742000000000172e-02
6.960301000000000682e-02
6.905282999999999560e-02
6.664865999999999846e-02
7.254860999999999949e-02
7.809037000000000617e-02
5.787135999999999669e-02
