5.380524999999999891e-02
7.156571000000000460e-02
7.474878000000000078e-02
7.883861000000000341e-02
1.192689499999999986e-01
9.688742999999999661e-02
9.373486000000000318e-02
1.028135000000000021e-01
1.442640699999999943e-01
1.957144000000000106e-01
1.921070199999999895e-01
1.865535399999999899e-01
1.007968699999999967e-01
8.399715000000000653e-02
8.009568999999999717e-02
1.121899900000000033e-01
1.932904900000000092e-01
2.238620100000000002e-01
3.529437500000000005e-01
4.106823499999999738e-01
4.099911700000000159e-01
3.776687400000000028e-01
2.787974200000000180e-01
1.956605299999999992e-01
9.768751000000000517e-02
7.797083999999999959e-02
6.911428000000000016e-02
7.326915000000000511e-02
9.099456999999999685e-02
1.299802200000000074e-01
1.215125600000000056e-01
1.322157800000000050e-01
1.555443699999999874e-01
1.450912400000000102e-01
1.329500499999999863e-01
9.435235000000000150e-02
7.371250999999999498e-02
8.037150999999999323e-02
8.733625999999999889e-02
9.770176999999999334e-02
9.175319999999999310e-02
8.049697000000000102e-02
8.657752000000000503e-02
8.094932999999999990e-02
6.934162000000000659e-02
7.017624000000000084e-02
6.799597000000000280e-02
6.903961000000000126e-02
6.792695999999999457e-02
6.698722000000000010e-02
7.575307000000000568e-02
8.747011000000000369e-02
9.270519000000000676e-02
9.624826000000000215e-02
8.509832000000000507e-02
7.817472000000000310e-02
7.286636999999999975e-02
7.509204999999999353e-02
6.911556000000000644e-02
7.040507999999999489e-02
8.258332000000000173e-02
9.004600000000000104e-02
7.980929000000000495e-02
5.821189000000000224e-02
