5.471030999999999811e-02
8.647783000000000553e-02
6.965217999999999410e-02
8.780198999999999643e-02
1.230686500000000017e-01
1.695083500000000021e-01
2.419820400000000093e-01
3.239288000000000167e-01
3.545529199999999936e-01
3.864003100000000246e-01
4.236190899999999759e-01
3.571257299999999746e-01
3.006659400000000204e-01
2.234485900000000025e-01
1.238027500000000031e-01
9.313815999999999762e-02
8.979829999999999757e-02
7.420142999999999878e-02
7.929656000000000204e-02
9.014906999999999782e-02
1.043719599999999997e-01
1.481324599999999936e-01
1.655872800000000034e-01
1.430423999999999862e-01
1.800263500000000016e-01
1.618956599999999968e-01
1.252996200000000004e-01
8.536562000000000316e-02
1.061912599999999957e-01
9.830178000000000527e-02
9.016422999999999799e-02
8.130107999999999779e-02
7.578848000000000529e-02
7.384472999999999732e-02
8.305545000000000289e-02
7.215855000000000186e-02
7.088553000000000215e-02
8.316424000000000039e-02
8.009692000000000200e-02
6.763737000000000221e-02
6.586314999999999531e-02
6.860102999999999340e-02
7.745628999999999709e-02
8.196167999999999509e-02
7.683254999999999946e-02
7.035937999999999914e-02
6.770879000000000481e-02
6.634956000000000187e-02
6.863727000000000023e-02
8.626388000000000111e-02
9.360825000000000395e-02
8.594163999999999970e-02
6.888927999999999718e-02
6.635792000000000079e-02
7.713208000000000564e-02
9.078234000000000303e-02
9.440163999999999500e-02
7.069751000000000507e-02
7.450492999999999699e-02
7.247657000000000405e-02
6.670397000000000132e-02
8.040231999999999934e-02
1.075297399999999987e-01
6.278559999999999697e-02
