6.174844000000000166e-02
1.030252499999999988e-01
1.326110699999999976e-01
1.209608800000000067e-01
1.110687900000000006e-01
1.750986900000000013e-01
1.404520400000000002e-01
1.163117000000000040e-01
1.013721199999999961e-01
7.784591999999999901e-02
7.324145999999999435e-02
1.350040899999999933e-01
2.330007600000000012e-01
3.015444299999999744e-01
3.677006700000000072e-01
4.221075200000000138e-01
4.655606700000000098e-01
4.052414300000000136e-01
3.204782899999999990e-01
2.323085500000000025e-01
1.533579499999999929e-01
1.010725799999999952e-01
7.945132000000000583e-02
7.433781000000000416e-02
8.673730000000000329e-02
8.869481999999999366e-02
1.132406299999999949e-01
1.522457299999999958e-01
1.589973299999999923e-01
1.666445000000000010e-01
1.676867599999999903e-01
1.167710500000000012e-01
1.093732300000000018e-01
8.804729000000000028e-02
8.333073000000000563e-02
9.649272000000000404e-02
8.919678000000000329e-02
7.575273999999999897e-02
7.341818999999999429e-02
8.146441999999999573e-02
9.011028000000000093e-02
7.300178999999999696e-02
6.687492000000000436e-02
6.908967000000000580e-02
6.898094999999999921e-02
7.269759000000000637e-02
7.419227000000000460e-02
8.336472999999999800e-02
8.198510999999999993e-02
9.410968000000000111e-02
9.574823000000000361e-02
8.372902000000000122e-02
7.587351000000000512e-02
6.821198000000000539e-02
7.197404000000000301e-02
8.160135999999999779e-02
9.116704000000000474e-02
8.184094000000000091e-02
8.095691000000000692e-02
7.994355000000000211e-02
6.668082999999999649e-02
6.779301000000000077e-02
7.039344000000000157e-02
6.091718000000000133e-02
