5.375730000000000092e-02
6.947159999999999447e-02
7.115267999999999593e-02
8.141465000000000507e-02
1.303451399999999982e-01
1.584379499999999941e-01
2.043638399999999911e-01
2.359543000000000057e-01
2.543802600000000247e-01
2.725874500000000089e-01
2.892284099999999913e-01
2.084851899999999869e-01
1.734641500000000114e-01
1.322683500000000067e-01
7.839367999999999337e-02
7.228750000000000453e-02
7.442297999999999969e-02
7.069580999999999782e-02
7.104638000000000619e-02
7.757361000000000117e-02
9.631998999999999422e-02
1.121530699999999936e-01
1.146834899999999990e-01
9.817758999999999514e-02
9.867468999999999546e-02
9.023349999999999427e-02
8.862804999999999989e-02
7.784164999999999834e-02
7.960077000000000125e-02
7.422169000000000683e-02
7.239708999999999728e-02
7.103961000000000303e-02
7.087411999999999879e-02
6.914410000000000001e-02
7.067872999999999517e-02
6.742536000000000362e-02
6.995819999999999816e-02
7.333143999999999774e-02
7.378664999999999530e-02
6.581810999999999912e-02
6.415255000000000263e-02
6.630223000000000366e-02
7.471861999999999948e-02
7.682729000000000641e-02
6.898803000000000574e-02
6.704846000000000417e-02
6.712168999999999774e-02
6.874531000000000391e-02
7.092025000000000412e-02
7.777201000000000253e-02
7.419831999999999816e-02
7.567841000000000151e-02
6.610385000000000566e-02
7.040504000000000207e-02
7.602564000000000544e-02
7.994880000000000042e-02
8.161878999999999662e-02
6.789080000000000115e-02
6.761213000000000639e-02
6.816278000000000614e-02
6.737421000000000382e-02
7.070244000000000528e-02
7.841989000000000598e-02
5.772191000000000127e-02
