5.368437000000000209e-02
7.916194000000000008e-02
9.363908999999999427e-02
8.264198000000000377e-02
7.580011999999999861e-02
8.613980000000000248e-02
7.568450999999999651e-02
9.687634000000000523e-02
8.717571999999999821e-02
1.047715899999999978e-01
8.620089999999999697e-02
8.096285000000000287e-02
6.599207999999999463e-02
7.427124999999999699e-02
8.696642999999999735e-02
1.021650999999999948e-01
9.745383000000000517e-02
7.749730000000000507e-02
7.877971999999999753e-02
1.142331600000000003e-01
1.289018799999999965e-01
1.206204300000000007e-01
9.554704999999999449e-02
7.592168000000000527e-02
8.010338000000000180e-02
1.372938800000000070e-01
2.071301500000000129e-01
2.790831899999999810e-01
3.341829499999999786e-01
3.148457700000000248e-01
2.896117599999999959e-01
2.363121699999999881e-01
2.034591900000000120e-01
1.384342799999999929e-01
8.102629999999999555e-02
6.970513999999999877e-02
7.611590999999999496e-02
8.392901999999999307e-02
8.517436999999999925e-02
9.554268000000000483e-02
1.077259599999999956e-01
1.092969399999999952e-01
1.063615200000000011e-01
9.510116999999999876e-02
9.060410000000000685e-02
7.646326999999999985e-02
7.052732999999999919e-02
6.908142000000000449e-02
7.262417000000000178e-02
8.144308000000000103e-02
8.804581999999999686e-02
7.494470999999999772e-02
7.209707999999999395e-02
7.835652999999999369e-02
6.748497000000000523e-02
6.824255999999999378e-02
6.989665999999999935e-02
6.801559999999999551e-02
6.816220000000000612e-02
7.496042999999999457e-02
7.939161000000000135e-02
7.606733999999999718e-02
6.556125999999999621e-02
5.939673000000000175e-02
