5.472476999999999897e-02
6.936406000000000516e-02
6.715762000000000120e-02
7.159058000000000088e-02
7.094847999999999433e-02
7.119340999999999864e-02
6.541076999999999309e-02
6.790203000000000211e-02
6.939106000000000440e-02
7.800949000000000078e-02
7.339777000000000107e-02
7.270946000000000353e-02
7.280411000000000521e-02
6.949589000000000460e-02
7.051875000000000504e-02
7.649371000000000642e-02
7.404449000000000447e-02
6.880332999999999588e-02
6.862986000000000086e-02
6.659081999999999502e-02
7.126792999999999323e-02
8.665229000000000681e-02
9.437547999999999770e-02
7.019810999999999412e-02
6.778589999999999616e-02
6.710826999999999765e-02
7.564414999999999334e-02
7.828100999999999809e-02
7.863749999999999907e-02
6.856861000000000206e-02
6.784990000000000465e-02
7.128172000000000674e-02
7.339184999999999459e-02
7.819834999999999980e-02
7.446804999999999397e-02
7.423519000000000645e-02
7.105917999999999957e-02
9.733218999999999899e-02
8.913514999999999633e-02
7.512546999999999975e-02
6.609172000000000657e-02
6.722268000000000687e-02
7.222409000000000467e-02
8.401493000000000155e-02
9.146825999999999568e-02
9.517965000000000453e-02
9.329598999999999531e-02
1.113999299999999942e-01
9.398533000000000581e-02
1.042520900000000056e-01
8.816482999999999959e-02
9.312544000000000377e-02
7.439361999999999364e-02
8.546602000000000365e-02
1.147354700000000061e-01
1.403206700000000084e-01
1.731593899999999964e-01
2.133742899999999942e-01
2.490302899999999875e-01
2.745238199999999740e-01
2.782060199999999983e-01
2.713774700000000095e-01
1.907023800000000047e-01
5.821466000000000141e-02
