5.136567999999999690e-02
6.840180999999999345e-02
7.489244999999999930e-02
8.256765000000000632e-02
8.467858000000000329e-02
8.272996000000000516e-02
6.767130000000000367e-02
6.532229000000000507e-02
6.303783999999999776e-02
7.405030999999999419e-02
8.810711999999999711e-02
7.043836000000000541e-02
6.758340000000000181e-02
7.569797999999999805e-02
8.408638999999999697e-02
1.042011699999999957e-01
8.752126000000000350e-02
9.561653999999999987e-02
7.090767000000000597e-02
6.655183000000000626e-02
7.068713999999999553e-02
7.787505000000000122e-02
8.909625999999999657e-02
8.812356999999999829e-02
8.078791000000000444e-02
8.568889999999999840e-02
1.124052299999999949e-01
1.552526700000000093e-01
1.087567299999999959e-01
8.209344000000000363e-02
7.457183000000000561e-02
9.044175999999999604e-02
1.577511600000000014e-01
2.359176400000000118e-01
2.288183099999999970e-01
2.779396800000000223e-01
2.961938399999999860e-01
2.620845099999999928e-01
2.045604000000000033e-01
1.125376200000000049e-01
7.372077999999999964e-02
6.485209999999999586e-02
6.611727000000000576e-02
6.835096000000000227e-02
7.378729000000000537e-02
9.085376000000000563e-02
1.090080499999999952e-01
1.238708099999999979e-01
9.904250000000000553e-02
1.181618599999999936e-01
1.044515800000000022e-01
1.029639299999999952e-01
7.727575000000000416e-02
8.717070000000000374e-02
9.498115999999999504e-02
9.906099999999999628e-02
9.175539000000000611e-02
9.850248999999999810e-02
9.752555000000000252e-02
8.256866999999999679e-02
9.559489000000000181e-02
9.647492000000000567e-02
9.038939999999999475e-02
5.597867000000000121e-02
