5.058357000000000131e-02
7.099576999999999971e-02
7.601557999999999926e-02
7.666968999999999868e-02
7.330377999999999894e-02
7.282637999999999612e-02
7.942757999999999763e-02
6.918457999999999553e-02
7.604384000000000143e-02
7.234859000000000429e-02
8.218638000000000332e-02
6.399596000000000451e-02
6.485884000000000094e-02
6.757483000000000239e-02
7.390275999999999790e-02
9.138519999999999976e-02
9.268171000000000048e-02
9.774410000000000043e-02
1.033642699999999942e-01
1.096007700000000001e-01
1.029289099999999985e-01
9.680887000000000520e-02
8.273732999999999782e-02
7.510506000000000126e-02
6.638707000000000635e-02
6.722398000000000262e-02
6.957965000000000677e-02
7.269560999999999384e-02
7.333621999999999364e-02
9.022805999999999882e-02
1.047424500000000008e-01
9.035342999999999847e-02
9.591408999999999352e-02
8.427440999999999405e-02
7.632442999999999866e-02
7.230583999999999623e-02
6.998727000000000420e-02
7.350772999999999335e-02
7.633932999999999691e-02
7.632297999999999860e-02
7.250594000000000483e-02
7.290188999999999697e-02
6.765754999999999686e-02
7.233188000000000117e-02
6.966703000000000479e-02
7.168288999999999911e-02
7.021294999999999620e-02
7.172773999999999817e-02
6.372724000000000444e-02
6.846314000000000566e-02
8.534368999999999983e-02
8.185586000000000251e-02
8.298220000000000596e-02
8.558902000000000176e-02
7.843166999999999500e-02
7.113047000000000120e-02
7.135629999999999751e-02
7.375766999999999740e-02
7.250022999999999884e-02
6.765698000000000545e-02
7.803880000000000539e-02
8.431982000000000366e-02
7.421590999999999605e-02
5.852944000000000202e-02
