9.608012999999999970e-02
2.556936100000000156e-01
2.408539700000000006e-01
2.130519399999999952e-01
1.636552699999999916e-01
1.474342200000000047e-01
1.224834499999999937e-01
8.991625000000000312e-02
7.327351999999999477e-02
7.836629000000000511e-02
7.837007999999999475e-02
7.154844000000000481e-02
7.366739999999999400e-02
7.895958999999999617e-02
8.332858999999999405e-02
9.147621000000000224e-02
8.948343000000000269e-02
9.911907000000000356e-02
9.013527999999999818e-02
7.805911000000000100e-02
6.930614000000000219e-02
6.646248999999999907e-02
6.806950999999999974e-02
6.651675999999999422e-02
7.026472999999999747e-02
7.154749000000000525e-02
6.788557000000000619e-02
6.690290999999999599e-02
6.646407000000000009e-02
6.472432000000000185e-02
6.568496000000000057e-02
6.542839000000000294e-02
6.792858000000000229e-02
6.541022000000000503e-02
6.477750999999999648e-02
6.460829999999999351e-02
6.605208999999999386e-02
6.779797999999999381e-02
6.839787999999999424e-02
6.581618999999999664e-02
6.259087000000000678e-02
6.359070000000000000e-02
6.883427999999999769e-02
6.727937999999999974e-02
6.756133999999999751e-02
6.495478999999999836e-02
6.550501000000000240e-02
6.616394000000000442e-02
6.449077000000000282e-02
6.581576000000000093e-02
6.559141999999999750e-02
6.554735000000000422e-02
6.290479999999999683e-02
6.568313000000000623e-02
6.704477000000000353e-02
6.758084999999999787e-02
6.723761000000000321e-02
6.490704999999999392e-02
6.465983000000000147e-02
6.538180999999999854e-02
6.558120000000000616e-02
6.559988999999999404e-02
6.491036999999999502e-02
5.312502999999999670e-02
