6.968468999999999358e-02
8.944460999999999384e-02
7.523462000000000205e-02
7.239756999999999443e-02
9.164105000000000167e-02
1.081035500000000066e-01
8.385616999999999377e-02
9.899760000000000504e-02
1.133041800000000043e-01
1.725196099999999899e-01
2.001269800000000099e-01
1.740471299999999943e-01
1.509193299999999904e-01
1.065294600000000064e-01
8.167633000000000532e-02
7.925081000000000486e-02
1.103640599999999999e-01
1.683554399999999951e-01
3.120391699999999768e-01
3.900882900000000042e-01
4.266748699999999839e-01
4.136436299999999844e-01
3.539842999999999740e-01
2.751366199999999984e-01
1.656533799999999890e-01
1.043802100000000010e-01
7.330997000000000208e-02
7.360645000000000382e-02
8.434081999999999690e-02
1.072893800000000036e-01
1.119871399999999989e-01
1.427168299999999890e-01
1.595006099999999871e-01
1.687148499999999995e-01
1.544824099999999867e-01
9.729819000000000662e-02
8.617640000000000022e-02
8.002046999999999632e-02
8.214926999999999646e-02
8.858546000000000475e-02
9.786092999999999875e-02
8.564560000000000228e-02
9.187103000000000630e-02
8.114105000000000623e-02
6.911881000000000275e-02
7.077748000000000372e-02
7.188497000000000636e-02
6.882280999999999815e-02
6.814895999999999454e-02
7.068489000000000022e-02
6.787459999999999327e-02
7.800835999999999881e-02
8.898208000000000506e-02
8.449734999999999885e-02
8.798731999999999387e-02
8.034001999999999810e-02
7.968506999999999674e-02
7.045162000000000646e-02
6.801082999999999434e-02
7.080329000000000483e-02
7.982944000000000151e-02
8.780237000000000458e-02
9.215561999999999365e-02
5.903188000000000185e-02
