5.922439000000000175e-02
8.167003000000000457e-02
9.728729999999999323e-02
8.676324000000000536e-02
7.429869999999999530e-02
8.251147999999999816e-02
8.414694999999999814e-02
9.474156999999999718e-02
1.006470000000000004e-01
1.052142499999999953e-01
9.968702000000000119e-02
7.986334999999999962e-02
6.849334999999999452e-02
6.932241999999999571e-02
8.776238000000000095e-02
1.010533700000000035e-01
1.215664099999999997e-01
9.123053000000000412e-02
8.756398999999999433e-02
1.069170700000000029e-01
1.391030000000000044e-01
1.296184200000000120e-01
1.008213099999999973e-01
7.428704999999999337e-02
7.434553000000000689e-02
1.088704600000000022e-01
2.149568099999999982e-01
2.891305699999999756e-01
3.897019299999999742e-01
3.476153300000000002e-01
3.287356799999999746e-01
2.790201900000000013e-01
2.426843300000000037e-01
1.441742199999999918e-01
9.227364999999999873e-02
7.101746999999999921e-02
7.607426999999999939e-02
7.875453999999999788e-02
8.421823000000000503e-02
8.644240999999999731e-02
1.174473800000000040e-01
1.226309800000000005e-01
1.214512400000000020e-01
1.113574100000000039e-01
1.138960200000000006e-01
8.151261999999999397e-02
6.951305000000000678e-02
7.056803000000000381e-02
7.217540999999999540e-02
8.307394999999999363e-02
9.347534999999999872e-02
8.163565000000000405e-02
7.084978000000000109e-02
8.520751999999999493e-02
6.936330000000000273e-02
7.322697000000000234e-02
7.420305000000000650e-02
7.222639999999999616e-02
7.090878999999999932e-02
7.253017000000000492e-02
8.378758000000000039e-02
7.344765999999999795e-02
6.653370000000000117e-02
5.742206999999999867e-02
