6.209445000000000242e-02
1.212397699999999967e-01
1.307510600000000023e-01
1.572985799999999934e-01
1.527569900000000092e-01
1.143101700000000026e-01
9.208059999999999856e-02
7.223074999999999635e-02
7.965708000000000510e-02
1.064998600000000017e-01
9.034628000000000103e-02
1.050682200000000038e-01
1.076244999999999979e-01
1.239710499999999993e-01
1.664665899999999976e-01
1.570723400000000047e-01
1.756685500000000066e-01
1.581839499999999898e-01
9.805223000000000411e-02
7.411139999999999395e-02
8.287397999999999987e-02
2.202042499999999903e-01
3.111127599999999882e-01
3.631630800000000270e-01
3.816655899999999990e-01
4.198705600000000038e-01
3.768133499999999914e-01
2.885984200000000222e-01
2.170071000000000083e-01
1.264143600000000034e-01
8.756938999999999695e-02
7.254800000000000137e-02
8.016900000000000415e-02
9.141683999999999921e-02
9.521011000000000057e-02
1.106853899999999946e-01
1.299002499999999949e-01
1.839231600000000022e-01
1.800836500000000118e-01
1.191291599999999978e-01
8.861375000000000501e-02
8.511367000000000238e-02
7.332550000000000179e-02
8.360924000000000134e-02
9.985341000000000355e-02
9.645968000000000597e-02
7.793722000000000150e-02
8.585590999999999362e-02
8.819478999999999513e-02
7.864177999999999447e-02
7.501270999999999634e-02
7.147114000000000245e-02
6.999848000000000181e-02
7.889367999999999381e-02
8.912433999999999634e-02
8.368114000000000108e-02
7.239587999999999579e-02
7.370266000000000317e-02
9.368540999999999674e-02
8.811473999999999696e-02
9.166634999999999367e-02
8.964305999999999663e-02
8.997044999999999348e-02
5.857852000000000198e-02
