7.602472000000000396e-02
1.329994100000000123e-01
9.031912000000000273e-02
8.035348000000000490e-02
7.502303000000000444e-02
6.852431000000000494e-02
7.059477000000000113e-02
8.606178000000000439e-02
9.685820000000000540e-02
9.568039000000000405e-02
7.542303000000000202e-02
7.470140999999999587e-02
9.173480000000000523e-02
1.251339300000000043e-01
1.179219499999999976e-01
7.489740000000000286e-02
7.307215000000000238e-02
7.634030999999999456e-02
8.980618999999999408e-02
1.001940600000000015e-01
7.743729000000000584e-02
9.774502000000000190e-02
8.458353000000000399e-02
8.378807000000000615e-02
1.153633800000000015e-01
1.216528999999999944e-01
7.788715000000000221e-02
7.911724000000000534e-02
8.586233000000000060e-02
1.521506199999999864e-01
1.453579500000000135e-01
8.381856999999999502e-02
8.281096999999999764e-02
7.536618999999999957e-02
9.400624999999999953e-02
1.339742999999999906e-01
1.568155599999999927e-01
1.200933799999999996e-01
1.102295400000000009e-01
1.189666800000000052e-01
1.695341200000000104e-01
1.707182499999999881e-01
1.236586600000000036e-01
1.004368999999999956e-01
1.364870800000000106e-01
2.257009299999999941e-01
3.599754000000000009e-01
4.649795899999999982e-01
5.403612300000000257e-01
5.334554900000000321e-01
5.381287300000000551e-01
5.024602999999999708e-01
3.685578999999999938e-01
3.839038599999999857e-01
2.426006599999999958e-01
1.732985099999999890e-01
9.076952000000000631e-02
7.408728000000000535e-02
7.628232000000000068e-02
8.222274000000000249e-02
9.046501999999999322e-02
1.019948100000000052e-01
1.194349499999999981e-01
6.426262000000000640e-02
