5.248640999999999723e-02
6.875470000000000192e-02
6.778910999999999965e-02
6.485962000000000671e-02
6.864251000000000380e-02
7.312491999999999603e-02
8.423063000000000078e-02
8.325071000000000554e-02
8.385307000000000177e-02
7.135452000000000461e-02
7.034693999999999670e-02
6.672371000000000552e-02
6.848598999999999659e-02
7.576241000000000225e-02
7.509446999999999650e-02
7.682782999999999973e-02
6.988977999999999857e-02
6.889768000000000281e-02
7.368808000000000302e-02
9.033035999999999843e-02
7.993540999999999841e-02
7.310535999999999424e-02
7.791515000000000246e-02
7.804817999999999478e-02
7.012723999999999347e-02
9.490192000000000072e-02
8.065042000000000044e-02
7.393160999999999483e-02
6.851189000000000584e-02
6.585826000000000180e-02
7.696208999999999689e-02
7.564479000000000342e-02
7.189703999999999540e-02
8.056290000000000673e-02
9.269394999999999718e-02
9.639013000000000442e-02
7.821150999999999798e-02
8.137911999999999924e-02
7.306838000000000222e-02
8.522064999999999502e-02
9.043818000000000690e-02
8.465106000000000019e-02
9.173860000000000348e-02
8.749661999999999717e-02
8.808494000000000046e-02
9.844422999999999369e-02
1.208630799999999977e-01
1.534435500000000119e-01
1.172884000000000010e-01
9.038963999999999333e-02
1.042133300000000068e-01
1.261139400000000077e-01
1.814601100000000078e-01
2.350042200000000137e-01
2.695886499999999852e-01
2.645184700000000055e-01
2.744493499999999808e-01
2.608516499999999905e-01
2.337693899999999936e-01
1.918068400000000062e-01
1.492925400000000014e-01
1.266335199999999994e-01
8.264631000000000061e-02
5.995406999999999820e-02
