5.973748000000000252e-02
7.087622999999999840e-02
7.099891999999999315e-02
7.573704000000000547e-02
7.761595999999999773e-02
7.996685000000000598e-02
7.430968999999999769e-02
6.902062999999999948e-02
6.711657000000000040e-02
7.224102000000000301e-02
7.773771999999999627e-02
7.292292999999999692e-02
6.942450999999999484e-02
7.081534000000000439e-02
6.913136999999999754e-02
6.810307999999999640e-02
7.407561999999999480e-02
7.247201000000000337e-02
7.036625999999999992e-02
7.029415999999999443e-02
6.959476000000000551e-02
7.193107999999999447e-02
7.571635000000000171e-02
7.376409000000000438e-02
6.660388999999999893e-02
6.764259999999999717e-02
7.017982999999999860e-02
7.766083000000000014e-02
7.242975000000000108e-02
6.810810999999999948e-02
7.073814000000000490e-02
6.955086000000000601e-02
7.024771999999999961e-02
7.095824000000000575e-02
7.129017999999999466e-02
6.967276999999999498e-02
6.660217000000000220e-02
7.249537000000000342e-02
7.534986000000000461e-02
7.330465999999999371e-02
6.973403000000000240e-02
6.849454000000000653e-02
7.192793000000000103e-02
7.714227999999999363e-02
8.031770000000000576e-02
7.139299000000000339e-02
6.934632999999999770e-02
6.704367999999999439e-02
6.921468999999999538e-02
7.824657999999999614e-02
8.752337000000000311e-02
9.212241000000000180e-02
9.570750999999999564e-02
1.001376600000000033e-01
1.135541000000000050e-01
1.092684599999999978e-01
1.003898500000000027e-01
9.227267999999999581e-02
8.618571999999999345e-02
7.958753000000000355e-02
7.070524000000000253e-02
6.964114000000000415e-02
6.971117000000000286e-02
5.560583000000000192e-02
