5.751415000000000000e-02
8.203473999999999489e-02
7.330322999999999700e-02
6.675032999999999661e-02
6.718551999999999857e-02
7.274187000000000014e-02
7.357221999999999373e-02
7.683389000000000191e-02
7.007560000000000178e-02
6.828721000000000096e-02
7.172040000000000359e-02
6.695578000000000640e-02
7.019807000000000130e-02
7.243960000000000676e-02
7.028141999999999723e-02
8.289404999999999690e-02
8.596976000000000617e-02
6.789385000000000558e-02
7.259619999999999962e-02
7.576892999999999823e-02
8.020929999999999727e-02
7.210492999999999764e-02
7.266986999999999752e-02
7.391609999999999847e-02
8.633604999999999752e-02
8.867484000000000477e-02
8.679091999999999363e-02
7.495606999999999964e-02
7.047602999999999507e-02
6.842378999999999822e-02
8.136119999999999464e-02
1.010896800000000012e-01
1.213635200000000025e-01
1.117856599999999950e-01
1.137558999999999931e-01
1.437872600000000001e-01
1.160217699999999963e-01
1.016917600000000060e-01
1.069502400000000020e-01
1.457802500000000001e-01
2.119751400000000063e-01
3.173902000000000112e-01
4.197960800000000159e-01
4.454903299999999899e-01
3.979511000000000021e-01
3.325423299999999971e-01
2.062245000000000050e-01
1.426870699999999992e-01
1.328283799999999959e-01
1.046913399999999938e-01
8.652725000000000000e-02
8.744925000000000614e-02
7.859821999999999642e-02
7.609077999999999675e-02
9.086450999999999556e-02
9.927916000000000518e-02
9.617544999999999566e-02
1.028938300000000056e-01
1.046446300000000024e-01
1.339754900000000026e-01
1.207151000000000057e-01
9.643324000000000340e-02
7.577061000000000213e-02
5.795608000000000010e-02
