5.914942000000000116e-02
7.549611000000000516e-02
7.907556999999999781e-02
7.518476999999999799e-02
6.568021999999999749e-02
7.086059999999999581e-02
7.176610999999999407e-02
7.477815999999999630e-02
7.926590999999999498e-02
7.904903000000000624e-02
7.337174999999999947e-02
6.813700999999999786e-02
6.527426999999999535e-02
6.931906999999999652e-02
7.517709000000000197e-02
7.552614000000000549e-02
8.251556999999999642e-02
6.983190999999999704e-02
7.101192000000000615e-02
8.719026000000000554e-02
9.373984000000000483e-02
9.062786000000000453e-02
9.308763000000000454e-02
7.381037999999999488e-02
6.721618999999999511e-02
9.608068000000000164e-02
1.356689899999999893e-01
1.644169400000000114e-01
1.858109199999999905e-01
1.752243599999999957e-01
1.462971100000000080e-01
1.355987300000000007e-01
1.135826199999999953e-01
1.018092899999999967e-01
9.338259000000000143e-02
7.271914999999999629e-02
6.913940999999999837e-02
6.960898000000000085e-02
7.274532000000000220e-02
7.160168000000000088e-02
8.431771999999999878e-02
8.373047000000000128e-02
8.394190999999999458e-02
8.281893999999999367e-02
8.039849000000000301e-02
7.906103999999999909e-02
6.834102999999999706e-02
6.739093000000000167e-02
6.669864000000000348e-02
7.506889999999999397e-02
7.886208999999999580e-02
7.058219999999999772e-02
6.804019999999999513e-02
6.530060999999999505e-02
6.748901000000000205e-02
6.987583999999999462e-02
7.280738999999999961e-02
7.129106999999999805e-02
7.272296000000000316e-02
6.766553999999999625e-02
6.939620000000000510e-02
7.091445999999999861e-02
6.223204999999999709e-02
5.283349999999999852e-02
