5.676997000000000293e-02
6.853431000000000106e-02
6.725514999999999965e-02
6.499030000000000085e-02
6.905065000000000508e-02
7.461365000000000358e-02
7.428848999999999869e-02
7.118565999999999783e-02
6.712867000000000139e-02
6.574807000000000567e-02
6.523640999999999468e-02
6.982671999999999490e-02
7.637694000000000427e-02
7.564073000000000324e-02
7.237211999999999812e-02
6.481180000000000274e-02
6.705329000000000150e-02
6.744308000000000247e-02
7.312678000000000234e-02
7.410709999999999520e-02
8.646147999999999334e-02
7.711442000000000296e-02
8.108535000000000048e-02
9.410143999999999453e-02
8.321219000000000532e-02
8.399819000000000035e-02
8.284790999999999683e-02
7.197375000000000300e-02
6.966653000000000429e-02
7.041084999999999705e-02
7.937645000000000117e-02
9.062246999999999664e-02
1.205195899999999959e-01
1.279988099999999906e-01
1.359002900000000069e-01
1.349368499999999971e-01
1.065962200000000054e-01
9.483421999999999685e-02
1.020926999999999946e-01
1.119528399999999979e-01
1.790949699999999922e-01
2.923802099999999737e-01
3.755987299999999918e-01
3.891369399999999867e-01
3.948372600000000232e-01
3.680451499999999876e-01
3.123978700000000219e-01
2.625778599999999963e-01
2.037531999999999954e-01
1.073165100000000038e-01
7.280857999999999774e-02
7.409425999999999513e-02
8.520766000000000451e-02
1.015455799999999964e-01
1.463464200000000048e-01
1.647673500000000069e-01
1.625500599999999962e-01
1.479495500000000130e-01
1.171215800000000029e-01
1.636139799999999922e-01
1.201646499999999979e-01
1.070524900000000001e-01
7.909386999999999668e-02
6.238501999999999936e-02
