5.823571999999999776e-02
6.708226999999999940e-02
6.772896999999999945e-02
7.029812000000000560e-02
7.761798999999999782e-02
6.924162000000000372e-02
6.704607999999999401e-02
6.839357000000000075e-02
6.503074999999999828e-02
6.552813000000000387e-02
8.051303999999999406e-02
6.958872000000000668e-02
6.905691999999999386e-02
6.945442000000000282e-02
7.672821999999999976e-02
8.968437999999999410e-02
8.804961000000000038e-02
9.884452000000000516e-02
7.905958000000000430e-02
6.797963999999999396e-02
6.755413000000000390e-02
7.771572999999999676e-02
9.663832999999999451e-02
1.076609600000000000e-01
8.754644999999999788e-02
8.603628000000000664e-02
8.925768000000000590e-02
1.078469700000000003e-01
9.620045000000000679e-02
7.963861999999999330e-02
7.181269999999999321e-02
6.988825999999999372e-02
1.058033300000000010e-01
1.711020900000000122e-01
2.061582999999999888e-01
2.591603100000000048e-01
3.190359799999999968e-01
3.434478599999999937e-01
2.850517900000000271e-01
1.854313599999999895e-01
1.090006800000000026e-01
7.353294999999999970e-02
7.282347999999999599e-02
7.507331999999999894e-02
7.115164000000000211e-02
7.976532999999999540e-02
8.870108000000000159e-02
9.369294999999999707e-02
8.740625999999999951e-02
1.078970999999999958e-01
1.094503799999999999e-01
1.045020700000000025e-01
8.713297000000000403e-02
7.617037999999999587e-02
7.248069999999999513e-02
7.363506000000000218e-02
7.112693000000000487e-02
7.198830999999999980e-02
6.770302999999999738e-02
7.291894999999999627e-02
7.599168000000000589e-02
7.683581999999999912e-02
8.170871999999999857e-02
5.435231000000000090e-02
