1.162387599999999965e-01
4.344015399999999749e-01
4.522541199999999817e-01
4.524929799999999891e-01
4.266717700000000058e-01
4.339236000000000204e-01
3.940550999999999915e-01
2.481453700000000040e-01
1.601014600000000010e-01
1.166315599999999952e-01
9.849072000000000382e-02
8.069276999999999700e-02
8.837941000000000547e-02
1.088119699999999940e-01
1.315498800000000079e-01
1.481797699999999884e-01
1.457900900000000111e-01
1.672445399999999971e-01
1.321117699999999895e-01
9.525366000000000388e-02
8.118058999999999692e-02
7.158762000000000458e-02
6.925008000000000552e-02
6.940438999999999636e-02
7.338234000000000423e-02
7.584952999999999834e-02
6.663908000000000331e-02
6.699407999999999752e-02
7.631369000000000347e-02
7.954018999999999673e-02
7.033639999999999337e-02
6.967579000000000133e-02
6.680337999999999554e-02
6.724476999999999538e-02
6.614290000000000447e-02
6.736654999999999727e-02
6.769471000000000516e-02
7.039262000000000297e-02
7.179509000000000585e-02
7.246669000000000027e-02
6.733986999999999612e-02
6.970411999999999442e-02
7.079591999999999830e-02
7.936411000000000160e-02
7.630301000000000444e-02
7.324353000000000113e-02
6.851321000000000494e-02
6.493712999999999569e-02
6.404398000000000035e-02
6.469745999999999830e-02
6.916503000000000234e-02
7.209453000000000389e-02
7.066872999999999905e-02
7.087190000000000156e-02
7.020260999999999862e-02
6.870152000000000203e-02
6.633762999999999466e-02
6.967126999999999348e-02
6.960974999999999802e-02
6.735668999999999684e-02
6.618852000000000069e-02
6.701205999999999829e-02
6.308990999999999905e-02
5.959045999999999788e-02
