7.014107999999999454e-02
1.307418499999999928e-01
1.607369300000000001e-01
1.393248699999999896e-01
1.330746999999999902e-01
1.507803799999999916e-01
1.054786499999999932e-01
7.453424000000000160e-02
1.072776500000000022e-01
1.518000200000000077e-01
2.102725199999999905e-01
2.905907600000000035e-01
3.755515799999999960e-01
4.019551000000000096e-01
3.725578199999999840e-01
3.269806199999999996e-01
3.319922399999999940e-01
2.071853600000000128e-01
1.263017399999999957e-01
7.841797000000000351e-02
7.389650000000000385e-02
7.199862999999999402e-02
8.062824999999999853e-02
9.237075999999999620e-02
1.113161500000000026e-01
1.254147999999999930e-01
1.370825300000000080e-01
1.389260400000000006e-01
1.150783699999999993e-01
9.324867000000000572e-02
8.675715000000000510e-02
8.287377999999999412e-02
9.363472000000000461e-02
1.102401799999999932e-01
9.348583000000000587e-02
9.835610999999999660e-02
8.929813000000000334e-02
7.359586999999999379e-02
7.687578999999999940e-02
7.584620000000000251e-02
7.466357999999999329e-02
6.870692000000000466e-02
6.794622999999999635e-02
7.241827000000000680e-02
7.217899999999999316e-02
7.058029999999999859e-02
7.407643999999999340e-02
8.497445000000000692e-02
8.831084999999999630e-02
8.792273999999999923e-02
8.026034999999999420e-02
6.947327999999999837e-02
7.083712000000000342e-02
8.016044999999999421e-02
8.685386999999999968e-02
7.977637999999999396e-02
7.465626999999999680e-02
6.957874999999999477e-02
6.853863999999999790e-02
7.333401999999999976e-02
8.659600000000000630e-02
8.078296000000000088e-02
7.418033000000000265e-02
5.901971000000000300e-02
