5.936661000000000021e-02
7.541077999999999670e-02
7.743463999999999903e-02
7.998721999999999777e-02
8.249847999999999903e-02
9.604751999999999734e-02
8.580303999999999709e-02
6.937812999999999619e-02
6.938489000000000462e-02
7.955966999999999900e-02
8.712960000000000149e-02
1.095565899999999954e-01
1.275011199999999956e-01
1.422567700000000046e-01
1.337006500000000042e-01
1.378647699999999976e-01
1.422927099999999889e-01
1.413883099999999893e-01
1.086303400000000058e-01
9.164371000000000322e-02
7.657066999999999346e-02
6.815994000000000219e-02
6.545489999999999642e-02
6.649396999999999947e-02
7.209219000000000044e-02
7.387409000000000336e-02
8.396573000000000231e-02
9.536595999999999962e-02
1.021395900000000023e-01
1.133845899999999934e-01
1.156818500000000027e-01
8.073463000000000167e-02
8.036606000000000305e-02
7.102042000000000077e-02
7.662196000000000284e-02
8.284460000000000435e-02
8.591853000000000684e-02
7.059210999999999958e-02
7.082020999999999455e-02
7.418813999999999964e-02
7.166564000000000267e-02
6.862609999999999544e-02
6.669725999999999433e-02
6.960539000000000309e-02
6.726859999999999784e-02
6.882024000000000474e-02
7.014645999999999382e-02
7.963264999999999927e-02
8.019360999999999851e-02
9.709123000000000059e-02
1.062676000000000037e-01
8.664318999999999493e-02
8.228293000000000412e-02
7.293639999999999846e-02
7.624545000000000627e-02
7.891691000000000678e-02
9.264334999999999931e-02
9.922620999999999525e-02
9.658017000000000685e-02
8.404111999999999694e-02
6.751042999999999628e-02
7.056711999999999707e-02
8.254868999999999402e-02
6.436453999999999787e-02
