5.718278999999999723e-02
7.504234999999999378e-02
7.030917999999999890e-02
7.723228999999999511e-02
7.796024999999999483e-02
7.539524999999999699e-02
7.172633000000000481e-02
6.832380000000000397e-02
6.888880000000000003e-02
7.325853000000000226e-02
7.963502999999999554e-02
7.485295000000000143e-02
7.170237999999999612e-02
7.039199999999999624e-02
7.053935000000000066e-02
7.164172000000000595e-02
7.701312999999999909e-02
7.664540999999999715e-02
7.400342000000000031e-02
6.824524999999999342e-02
6.843438999999999772e-02
7.416677000000000686e-02
7.950295000000000278e-02
7.603269999999999473e-02
7.160374999999999379e-02
7.086112999999999440e-02
7.033913999999999445e-02
8.373999999999999500e-02
8.470550999999999775e-02
7.033984999999999543e-02
7.030899999999999650e-02
6.904098000000000179e-02
7.838533999999999780e-02
8.401240000000000097e-02
8.350892999999999511e-02
7.772020000000000317e-02
7.007958999999999716e-02
7.406150000000000233e-02
7.990226000000000273e-02
7.474522000000000110e-02
7.172488999999999948e-02
8.345125999999999933e-02
9.132389999999999952e-02
1.059936699999999982e-01
1.044720299999999935e-01
8.136395000000000433e-02
7.121806999999999443e-02
7.080802999999999403e-02
7.890792000000000639e-02
1.038909900000000025e-01
1.377544099999999938e-01
1.369449000000000083e-01
1.492866999999999944e-01
1.715711099999999989e-01
1.843355899999999936e-01
1.549358399999999913e-01
1.269782899999999937e-01
1.150881400000000054e-01
1.008019400000000065e-01
8.140466000000000368e-02
7.559979000000000005e-02
7.139115999999999518e-02
6.713969999999999660e-02
5.614345999999999920e-02
