6.202051000000000092e-02
8.476034000000000346e-02
6.952724999999999878e-02
6.857269000000000558e-02
7.380747000000000002e-02
7.950251999999999319e-02
7.219944999999999835e-02
7.446975000000000122e-02
8.391397000000000439e-02
7.072776999999999537e-02
7.168953999999999604e-02
7.403708999999999985e-02
8.924319999999999475e-02
1.033495100000000055e-01
9.068526000000000364e-02
7.291090999999999545e-02
7.126459000000000266e-02
6.564296999999999493e-02
7.760704000000000213e-02
8.323714999999999586e-02
6.656873000000000651e-02
7.063627000000000100e-02
7.562449000000000254e-02
8.123537999999999593e-02
1.046717600000000026e-01
9.765359999999999319e-02
7.927889999999999937e-02
8.662698000000000620e-02
8.700691000000000674e-02
1.254926899999999901e-01
1.043634299999999931e-01
6.910832000000000086e-02
6.981344999999999912e-02
7.166121999999999770e-02
9.283600000000000185e-02
1.006655899999999992e-01
1.049726200000000026e-01
9.959523000000000681e-02
1.090913699999999931e-01
1.305985500000000077e-01
1.503319399999999972e-01
1.334675700000000076e-01
9.617649000000000337e-02
7.725933999999999580e-02
9.597466000000000330e-02
1.551829000000000125e-01
2.305954699999999968e-01
2.685950999999999755e-01
2.955939200000000100e-01
2.738987800000000084e-01
2.858238200000000062e-01
2.772457300000000235e-01
2.117164699999999899e-01
1.839243899999999932e-01
1.178099100000000038e-01
9.202113000000000653e-02
7.082658000000000009e-02
7.049879000000000562e-02
7.850340999999999569e-02
7.710087000000000190e-02
8.626011999999999569e-02
9.159241999999999384e-02
9.805290999999999313e-02
6.120569000000000009e-02
