6.117017000000000287e-02
7.829290999999999334e-02
7.098762999999999601e-02
7.336763000000000312e-02
7.423433999999999588e-02
7.572576000000000307e-02
6.971639000000000308e-02
7.684230000000000227e-02
8.238642999999999661e-02
8.673508000000000606e-02
8.068161000000000083e-02
7.982208999999999832e-02
7.444995999999999559e-02
7.135341000000000600e-02
7.814954000000000345e-02
9.503757000000000177e-02
8.596373000000000208e-02
7.201992000000000116e-02
6.649162999999999601e-02
7.237267000000000006e-02
8.542018999999999307e-02
1.147740399999999938e-01
1.098951299999999937e-01
7.169910000000000172e-02
7.238630999999999538e-02
8.264040999999999748e-02
9.931744000000000683e-02
8.444442000000000614e-02
8.683905999999999570e-02
7.278216999999999326e-02
6.872311000000000392e-02
7.890856999999999732e-02
8.014385000000000259e-02
8.277381000000000322e-02
8.978643999999999514e-02
8.218237000000000458e-02
9.147036000000000056e-02
1.330809900000000101e-01
9.971307999999999561e-02
7.452846000000000470e-02
6.620291000000000370e-02
7.478194999999999981e-02
1.031188400000000033e-01
1.158198599999999967e-01
1.073825699999999966e-01
9.732646999999999826e-02
1.130882099999999946e-01
1.303010599999999963e-01
1.237316700000000019e-01
1.296379000000000004e-01
8.304095000000000226e-02
8.068015000000000603e-02
7.703696000000000155e-02
9.779788999999999843e-02
1.823644799999999955e-01
2.005400099999999908e-01
2.883166999999999813e-01
2.979410299999999956e-01
3.350426599999999921e-01
3.512920400000000276e-01
3.142580999999999847e-01
2.893898799999999882e-01
1.736696500000000087e-01
6.011564999999999964e-02
