9.543298999999999532e-02
1.543732100000000107e-01
1.278829700000000125e-01
9.666668999999999956e-02
7.472090000000000676e-02
9.083488000000000673e-02
1.605138500000000135e-01
2.596631300000000198e-01
2.944809199999999794e-01
3.448833499999999774e-01
4.127624300000000135e-01
4.317404300000000084e-01
4.095149599999999834e-01
3.255320199999999775e-01
2.058172100000000004e-01
1.692483999999999933e-01
1.174825500000000050e-01
7.527789999999999482e-02
7.670404000000000111e-02
8.826080999999999510e-02
8.620429000000000286e-02
9.591165000000000107e-02
1.187081299999999950e-01
1.305396900000000138e-01
1.879354699999999934e-01
1.786048100000000027e-01
1.409806200000000009e-01
8.427708999999999895e-02
7.645839999999999581e-02
8.280358000000000163e-02
9.046680999999999473e-02
9.020282000000000300e-02
7.848217000000000387e-02
8.016840000000000077e-02
8.717028999999999750e-02
8.334774999999999823e-02
7.487675000000000580e-02
7.768969000000000569e-02
8.270550000000000124e-02
7.416628000000000109e-02
6.790548000000000417e-02
7.658075999999999772e-02
7.073522999999999616e-02
8.643744999999999901e-02
7.779054000000000524e-02
8.091684000000000376e-02
7.850245000000000140e-02
6.758886999999999534e-02
6.738476999999999661e-02
8.184315000000000340e-02
9.924268999999999452e-02
9.606064999999999743e-02
8.080463999999999702e-02
7.043035000000000267e-02
7.069198999999999622e-02
8.691350000000000464e-02
8.432346000000000286e-02
7.976329999999999532e-02
8.680881999999999488e-02
7.844573999999999991e-02
6.786881999999999637e-02
7.524938000000000460e-02
8.014298999999999729e-02
5.935035000000000310e-02
