8.921413999999999733e-02
1.928217100000000073e-01
2.284159099999999998e-01
1.894874599999999965e-01
2.207604099999999903e-01
2.130208199999999996e-01
1.339800700000000067e-01
7.240509000000000528e-02
1.221288299999999938e-01
2.038464799999999966e-01
2.792842999999999853e-01
3.481337400000000248e-01
4.029195300000000257e-01
4.039314099999999907e-01
3.294400599999999790e-01
3.124913899999999800e-01
2.813560700000000137e-01
2.083790199999999981e-01
1.555205899999999863e-01
7.906354999999999633e-02
7.025683000000000622e-02
7.380106000000000166e-02
8.087157000000000373e-02
9.678686000000000234e-02
1.063046200000000024e-01
1.043122600000000039e-01
1.090916799999999964e-01
1.161682200000000026e-01
1.016773400000000049e-01
8.237970999999999488e-02
7.831319999999999948e-02
7.145363999999999882e-02
7.697498999999999314e-02
7.887204999999999910e-02
7.322716999999999421e-02
7.448688000000000531e-02
6.759017999999999970e-02
6.696559000000000539e-02
6.960305999999999438e-02
7.136038999999999577e-02
6.722485000000000266e-02
6.587094000000000282e-02
6.535554999999999837e-02
6.699979000000000351e-02
6.661554000000000086e-02
6.615490000000000259e-02
6.560770999999999964e-02
6.984226000000000323e-02
6.679796000000000344e-02
6.544495000000000173e-02
6.557520000000000016e-02
6.649314000000000613e-02
6.528638000000000496e-02
6.617051000000000183e-02
6.856626000000000387e-02
6.921567000000000691e-02
6.765738000000000307e-02
6.558817000000000119e-02
6.646438999999999819e-02
6.582192000000000598e-02
6.813569999999999349e-02
6.679200000000000415e-02
7.071344999999999714e-02
5.510415999999999925e-02
