1.510639599999999971e-01
3.558536500000000213e-01
3.768068299999999815e-01
3.747578599999999982e-01
3.070797599999999794e-01
2.899863999999999775e-01
2.197104099999999949e-01
1.377312699999999890e-01
8.804794000000000509e-02
8.835735999999999590e-02
9.132165000000000421e-02
9.012008999999999992e-02
1.018699799999999989e-01
1.203612399999999943e-01
1.292873300000000059e-01
1.644756199999999891e-01
1.648704699999999912e-01
1.824749699999999863e-01
1.494639200000000001e-01
1.067512000000000044e-01
8.736460999999999533e-02
7.679428000000000643e-02
7.369088999999999501e-02
7.377556999999999865e-02
8.488787999999999889e-02
9.825620000000000187e-02
7.299458999999999809e-02
7.044875999999999916e-02
7.359765000000000057e-02
7.335073000000000287e-02
7.805942999999999909e-02
8.129308000000000367e-02
7.850598000000000298e-02
7.118963000000000374e-02
7.258752999999999733e-02
7.238184999999999758e-02
7.546878999999999393e-02
7.901025000000000409e-02
7.831833000000000544e-02
7.287299999999999334e-02
6.827244000000000368e-02
7.417237999999999609e-02
8.687757000000000118e-02
8.653191999999999828e-02
8.980942999999999565e-02
7.024038000000000503e-02
7.408678999999999959e-02
8.393116000000000465e-02
8.535392999999999453e-02
7.593732000000000260e-02
7.231719999999999815e-02
7.297768999999999784e-02
6.878053000000000639e-02
7.563736999999999544e-02
7.523496999999999824e-02
7.600113999999999481e-02
7.772358999999999518e-02
7.206745000000000512e-02
7.347979000000000316e-02
7.679597999999999980e-02
7.758028000000000146e-02
8.073357999999999923e-02
7.827586999999999740e-02
5.891480000000000328e-02
