5.380940000000000029e-02
7.398448000000000524e-02
6.712160000000000348e-02
6.964824000000000015e-02
6.580582000000000098e-02
6.696459999999999912e-02
6.902610000000000690e-02
6.499662000000000495e-02
6.836483999999999617e-02
6.704343999999999582e-02
7.014075999999999644e-02
6.894413000000000624e-02
7.485804000000000069e-02
8.041386000000000367e-02
8.465079000000000353e-02
7.668453000000000075e-02
6.930282000000000109e-02
6.653101999999999627e-02
6.916424999999999657e-02
7.121998999999999691e-02
7.398865999999999776e-02
7.309095999999999649e-02
7.739013999999999616e-02
7.856999000000000621e-02
7.977895000000000125e-02
8.824324000000000057e-02
8.783396000000000259e-02
8.543773999999999813e-02
7.020342000000000249e-02
6.537838999999999456e-02
8.412977000000000649e-02
1.011722800000000033e-01
1.146720400000000029e-01
1.259502799999999978e-01
1.064260399999999995e-01
1.064601500000000034e-01
1.026085899999999995e-01
9.367324000000000483e-02
8.111843000000000525e-02
7.141343999999999470e-02
6.512771000000000532e-02
6.582353000000000509e-02
6.617428999999999673e-02
6.745321999999999429e-02
6.601774000000000531e-02
7.270680000000000198e-02
7.999799000000000493e-02
8.296222000000000318e-02
7.141060000000000463e-02
7.162457999999999325e-02
6.983562000000000103e-02
7.727443000000000506e-02
6.525611000000000606e-02
7.198682000000000691e-02
7.074941999999999342e-02
7.602391000000000010e-02
7.154135000000000355e-02
7.617714999999999903e-02
8.247013999999999734e-02
7.373192000000000634e-02
7.099428000000000683e-02
6.808519999999999850e-02
6.666508000000000156e-02
5.468561000000000255e-02
