5.821509999999999879e-02
1.013860099999999986e-01
1.091724599999999989e-01
1.142066300000000034e-01
1.173077700000000057e-01
1.769501300000000110e-01
1.385295199999999893e-01
1.018166199999999966e-01
1.147362700000000013e-01
7.810124999999999706e-02
7.188340999999999481e-02
1.138062799999999958e-01
2.477925400000000056e-01
2.989274000000000098e-01
3.533748099999999837e-01
3.838923899999999723e-01
4.101786599999999727e-01
3.545675600000000038e-01
2.611297100000000149e-01
1.634343000000000046e-01
1.326742599999999883e-01
8.828123000000000220e-02
7.199216999999999422e-02
6.821191999999999533e-02
8.596629999999999550e-02
8.959941000000000433e-02
1.302997499999999920e-01
1.555891199999999974e-01
1.406754699999999969e-01
1.604474899999999982e-01
1.644602000000000008e-01
1.133898599999999951e-01
8.900927999999999618e-02
8.704734999999999556e-02
9.117163000000000350e-02
1.112613100000000022e-01
9.097761999999999516e-02
7.262627000000000665e-02
7.526947999999999972e-02
7.890584000000000486e-02
8.333411000000000290e-02
7.173081000000000595e-02
7.040992000000000084e-02
7.188472999999999391e-02
7.131804999999999395e-02
7.236283000000000298e-02
7.540557999999999983e-02
8.064546999999999688e-02
8.062492000000000270e-02
9.612408000000000063e-02
1.086166799999999932e-01
8.541675999999999436e-02
7.192461999999999467e-02
6.984260999999999942e-02
7.422344000000000164e-02
7.847084000000000004e-02
8.745914999999999939e-02
8.437904000000000238e-02
8.216555999999999860e-02
7.756348999999999883e-02
6.878420999999999841e-02
6.811707999999999652e-02
7.313669000000000420e-02
5.991512000000000226e-02
