5.045647000000000326e-02
6.575187999999999866e-02
6.629166999999999699e-02
6.633198999999999346e-02
6.850668000000000035e-02
7.410329000000000221e-02
7.592604000000000020e-02
7.581235000000000057e-02
7.558119000000000642e-02
6.677424999999999333e-02
6.943190999999999946e-02
6.561672999999999811e-02
7.003739000000000492e-02
7.644670000000000631e-02
7.018188000000000204e-02
7.147789999999999699e-02
6.838848999999999623e-02
6.775652000000000064e-02
7.263353999999999644e-02
8.055566000000000115e-02
7.900463000000000624e-02
6.747873000000000066e-02
6.978827999999999421e-02
7.917169000000000290e-02
7.540566999999999409e-02
8.032061000000000062e-02
7.172731000000000245e-02
7.063113000000000030e-02
6.515803000000000567e-02
6.985031999999999353e-02
6.787327999999999417e-02
7.190467999999999860e-02
7.459862000000000437e-02
7.421234999999999637e-02
9.630357000000000500e-02
8.703447999999999740e-02
7.243510999999999700e-02
7.177089000000000385e-02
8.004899999999999516e-02
8.244123000000000423e-02
7.062145999999999701e-02
6.914048999999999889e-02
7.777435000000000598e-02
8.676554000000000211e-02
9.564857000000000220e-02
9.695803999999999534e-02
1.142711800000000000e-01
9.859793000000000029e-02
8.556329999999999492e-02
9.269012000000000084e-02
1.177814400000000011e-01
1.169277100000000041e-01
1.431144799999999884e-01
1.684002599999999961e-01
2.014399299999999893e-01
1.843572300000000108e-01
2.003367500000000079e-01
1.818332199999999899e-01
1.803138099999999910e-01
1.540869500000000003e-01
1.017762599999999934e-01
8.323774000000000450e-02
7.101253000000000426e-02
5.790826000000000306e-02
