5.488602000000000064e-02
6.924908999999999926e-02
6.915575000000000194e-02
6.635879000000000083e-02
7.014394999999999658e-02
8.429873999999999701e-02
8.909569999999999990e-02
9.669841999999999327e-02
9.457124000000000086e-02
8.244614000000000109e-02
6.971202999999999428e-02
6.722232000000000207e-02
7.648647999999999558e-02
7.992022999999999489e-02
8.310088000000000197e-02
8.456552999999999987e-02
7.005060999999999927e-02
7.159970999999999697e-02
7.240230999999999750e-02
8.525135000000000352e-02
8.134897000000000655e-02
8.064868000000000037e-02
8.032496999999999554e-02
7.490961000000000147e-02
7.031842000000000648e-02
8.943520000000000636e-02
8.293538999999999772e-02
7.656852999999999576e-02
7.084459999999999369e-02
6.899334000000000022e-02
7.440280000000000504e-02
7.234575999999999507e-02
7.433766999999999459e-02
8.482667000000000679e-02
9.135820999999999525e-02
9.643551000000000206e-02
8.546931000000000667e-02
7.625232999999999317e-02
7.568046999999999969e-02
8.071055000000000590e-02
7.225128000000000106e-02
7.554325000000000623e-02
8.310172999999999865e-02
8.512830000000000397e-02
9.338664000000000687e-02
1.064009100000000013e-01
9.930211999999999373e-02
1.333940899999999929e-01
1.212598700000000057e-01
9.894186000000000647e-02
8.468605999999999356e-02
9.737110999999999683e-02
1.429265100000000066e-01
2.393444899999999931e-01
3.162171500000000024e-01
3.178899600000000270e-01
2.946041500000000091e-01
2.965726900000000277e-01
2.824091599999999924e-01
2.382073600000000069e-01
1.466949899999999973e-01
1.502749899999999972e-01
8.741923000000000055e-02
6.440972999999999837e-02
