5.275984000000000229e-02
7.780534999999999535e-02
9.096113000000000115e-02
7.770523000000000013e-02
7.341759999999999953e-02
8.906073000000000461e-02
1.166880899999999943e-01
1.258209000000000133e-01
1.200385800000000058e-01
1.025114899999999968e-01
8.332570000000000254e-02
6.957301000000000457e-02
7.317358000000000195e-02
9.215334000000000025e-02
1.369871500000000020e-01
1.347855900000000107e-01
1.210751300000000030e-01
8.781595999999999846e-02
1.014423099999999939e-01
1.607743799999999945e-01
1.840521200000000135e-01
1.054143099999999972e-01
8.479691000000000312e-02
8.412548000000000248e-02
1.377587799999999973e-01
2.616934499999999941e-01
4.232143199999999772e-01
4.939637199999999950e-01
5.064398599999999639e-01
3.683803700000000125e-01
2.718419999999999725e-01
1.968586300000000067e-01
1.651403200000000071e-01
8.564405999999999408e-02
6.787005000000000121e-02
7.571245999999999532e-02
8.605862000000000234e-02
9.785626999999999520e-02
1.043479699999999982e-01
1.071099400000000007e-01
1.489766100000000093e-01
1.419077699999999886e-01
1.545773699999999917e-01
8.653479000000000032e-02
8.121612999999999749e-02
7.117643999999999360e-02
7.809193000000000384e-02
8.618262000000000145e-02
7.432134999999999436e-02
9.103875999999999635e-02
8.777274999999999661e-02
7.407555999999999863e-02
7.367144999999999944e-02
8.325325999999999560e-02
7.377039000000000513e-02
6.917853000000000196e-02
7.092672999999999339e-02
7.168858000000000175e-02
7.405335999999999863e-02
7.669681000000000415e-02
7.256274999999999531e-02
7.692491999999999386e-02
7.529835000000000000e-02
5.962362999999999691e-02
