5.820572000000000246e-02
8.676630000000000453e-02
1.005698099999999956e-01
8.387416000000000316e-02
7.906262999999999486e-02
8.615095999999999865e-02
7.640252999999999628e-02
8.651820999999999817e-02
8.281455999999999540e-02
8.807428000000000479e-02
9.336753999999999887e-02
7.511569999999999359e-02
6.585775000000000656e-02
6.775813999999999448e-02
7.848557999999999923e-02
8.332644000000000162e-02
8.315506999999999760e-02
6.928278999999999688e-02
7.134206999999999355e-02
9.613238999999999812e-02
1.319322099999999942e-01
1.239722199999999941e-01
1.005971100000000035e-01
7.222220000000000029e-02
7.980943000000000065e-02
9.663987999999999745e-02
1.349831400000000015e-01
1.782707400000000109e-01
2.266794900000000113e-01
2.050022800000000089e-01
2.014429299999999923e-01
1.648619500000000071e-01
1.612409200000000098e-01
1.309352400000000083e-01
1.097823500000000008e-01
1.081231400000000065e-01
9.994076999999999822e-02
9.229176000000000046e-02
1.216081999999999996e-01
1.357154999999999889e-01
9.897701000000000415e-02
9.834756999999999527e-02
1.275989700000000060e-01
1.002725399999999933e-01
8.699213999999999558e-02
7.987247000000000097e-02
6.750248000000000359e-02
7.193591000000000568e-02
6.736759000000000497e-02
9.581209999999999727e-02
1.010999199999999959e-01
8.171229000000000686e-02
6.852368999999999821e-02
8.123632999999999549e-02
7.048709000000000224e-02
7.387668999999999486e-02
7.238347000000000531e-02
6.962680999999999731e-02
6.570821999999999774e-02
7.205678999999999557e-02
7.881080999999999503e-02
7.139908999999999839e-02
6.641888999999999432e-02
5.731920000000000071e-02
