1.167241799999999968e-01
2.489268799999999893e-01
3.720478999999999870e-01
4.660359900000000111e-01
5.191938299999999673e-01
5.306208700000000222e-01
5.008013199999999943e-01
4.271427099999999810e-01
3.598823500000000175e-01
3.124884099999999942e-01
2.623685900000000126e-01
1.494960599999999862e-01
1.082414200000000049e-01
9.866402999999999979e-02
1.104975400000000052e-01
1.002865899999999949e-01
1.058378199999999991e-01
1.253777600000000048e-01
1.456343099999999890e-01
1.196234600000000009e-01
1.527575300000000025e-01
1.633907900000000080e-01
1.319646499999999889e-01
9.656433000000000377e-02
8.632357999999999698e-02
9.007223000000000313e-02
1.030511800000000061e-01
9.904756000000000671e-02
9.785024999999999973e-02
1.132065500000000030e-01
8.092399999999999594e-02
7.776763999999999899e-02
7.480243999999999782e-02
7.053708999999999674e-02
7.455449999999999577e-02
8.288474999999999315e-02
7.754698000000000147e-02
8.773501000000000216e-02
9.515263000000000193e-02
1.168171699999999980e-01
9.866305000000000214e-02
1.087318399999999963e-01
9.502971000000000334e-02
8.350934999999999608e-02
9.439205000000000512e-02
1.396375300000000097e-01
1.123099899999999984e-01
9.641850000000000420e-02
7.928306999999999716e-02
7.236673999999999884e-02
7.004581000000000002e-02
8.266961000000000448e-02
1.016400799999999938e-01
1.126312700000000055e-01
1.033147700000000002e-01
8.208303999999999601e-02
8.097081000000000417e-02
1.113340599999999986e-01
1.189446700000000023e-01
9.624770000000000547e-02
9.419215999999999700e-02
7.878277000000000196e-02
8.578903000000000223e-02
6.634442999999999591e-02
