5.394145999999999663e-02
6.404698000000000335e-02
6.979752999999999652e-02
7.276778999999999886e-02
6.951375999999999389e-02
7.377198999999999562e-02
6.812390999999999586e-02
8.020781999999999912e-02
1.014465400000000017e-01
1.421053100000000124e-01
1.621218899999999907e-01
1.620150499999999938e-01
1.989257000000000108e-01
1.733805999999999958e-01
1.078950000000000048e-01
8.438635999999999360e-02
7.868068000000000284e-02
7.213210000000000455e-02
7.603250999999999760e-02
9.592852000000000323e-02
1.139588099999999937e-01
1.364098599999999939e-01
1.477087400000000050e-01
1.465663500000000119e-01
1.757951100000000044e-01
1.559426200000000040e-01
1.188426100000000013e-01
8.404920000000000446e-02
8.667982000000000464e-02
8.929690999999999323e-02
9.063002000000000558e-02
8.356164000000000647e-02
8.304567000000000199e-02
7.912384000000000084e-02
9.540970999999999480e-02
8.214709000000000594e-02
7.819774999999999643e-02
8.754821999999999604e-02
8.368588999999999889e-02
7.041659999999999586e-02
6.793282999999999960e-02
7.525819999999999732e-02
9.398971000000000409e-02
1.040637999999999980e-01
8.673061999999999439e-02
8.145218999999999376e-02
7.792298000000000280e-02
7.201046999999999310e-02
8.705209999999999337e-02
1.233528599999999947e-01
1.461246300000000053e-01
1.247410699999999956e-01
8.745166999999999524e-02
7.038590999999999598e-02
8.974039000000000321e-02
1.257370899999999958e-01
1.166454600000000064e-01
8.502560000000000673e-02
1.046011099999999971e-01
9.309997999999999885e-02
6.678644999999999721e-02
8.949435000000000029e-02
1.162806299999999959e-01
6.692404999999999882e-02
