5.690210999999999880e-02
7.281289999999999984e-02
8.919594999999999607e-02
7.621793000000000318e-02
8.043274000000000257e-02
7.971633000000000191e-02
7.082354000000000427e-02
7.182041000000000119e-02
7.749530999999999781e-02
9.157925000000000093e-02
8.328697999999999657e-02
9.241549999999999765e-02
8.059346000000000565e-02
7.786366999999999594e-02
7.378983000000000070e-02
7.727641000000000371e-02
9.740411999999999682e-02
8.560408999999999380e-02
8.211702999999999364e-02
8.571421999999999375e-02
9.409364000000000616e-02
1.067693499999999990e-01
1.145171900000000048e-01
9.458763000000000587e-02
8.061957999999999624e-02
7.403936999999999324e-02
9.087459000000000509e-02
1.443153600000000036e-01
2.019863299999999917e-01
2.263321399999999872e-01
2.644575800000000254e-01
2.593225200000000008e-01
2.298048900000000117e-01
2.130099099999999968e-01
1.373580399999999868e-01
1.050772999999999985e-01
7.530929999999999569e-02
7.089433000000000540e-02
8.232507000000000019e-02
8.075799999999999645e-02
9.228925000000000323e-02
9.505686000000000691e-02
1.132173900000000011e-01
1.050287300000000007e-01
1.134680500000000009e-01
8.555485999999999647e-02
8.415773999999999477e-02
7.436895000000000311e-02
7.305377000000000398e-02
7.837209000000000536e-02
8.091987999999999959e-02
8.164552999999999394e-02
7.523531999999999442e-02
7.539658000000000471e-02
7.068164999999999865e-02
8.033176999999999679e-02
7.240067000000000030e-02
6.986678999999999806e-02
6.884273000000000475e-02
7.868633999999999351e-02
8.167950999999999684e-02
7.905810000000000615e-02
7.318682999999999439e-02
5.624416000000000138e-02
