6.789282000000000650e-02
1.207637599999999978e-01
9.499572000000000571e-02
7.575614999999999433e-02
8.839286999999999839e-02
1.248145999999999978e-01
1.808226300000000120e-01
3.149098799999999754e-01
3.737983999999999751e-01
4.182726700000000131e-01
4.274035400000000262e-01
3.840199999999999725e-01
3.353567700000000262e-01
2.778602199999999911e-01
1.659789999999999877e-01
1.098110300000000039e-01
1.017543399999999987e-01
7.393843999999999417e-02
7.457780999999999438e-02
8.636143999999999765e-02
8.946840000000000348e-02
9.919324999999999670e-02
1.161218299999999953e-01
1.177079800000000037e-01
1.685547099999999965e-01
1.626619800000000116e-01
1.269871700000000103e-01
7.338147999999999893e-02
8.016753999999999547e-02
8.026827000000000267e-02
9.238308000000000630e-02
9.175690000000000235e-02
8.305774999999999963e-02
8.745551999999999493e-02
9.531534999999999314e-02
8.362938000000000316e-02
7.823404999999999943e-02
8.272324999999999817e-02
8.205877999999999783e-02
7.790310999999999764e-02
7.141255999999999993e-02
7.495019999999999460e-02
7.660126999999999908e-02
8.592605999999999855e-02
8.305334000000000327e-02
8.187410999999999994e-02
7.771387999999999907e-02
7.117553999999999548e-02
7.013930999999999638e-02
8.428112000000000104e-02
9.345625999999999933e-02
9.532677000000000511e-02
7.835409000000000124e-02
6.756768000000000496e-02
6.852864000000000178e-02
8.532982000000000067e-02
9.036441000000000612e-02
7.620419000000000498e-02
8.689974000000000309e-02
8.244229000000000140e-02
6.966526000000000662e-02
7.675946999999999631e-02
8.008735999999999633e-02
5.804154000000000257e-02
