5.680679999999999757e-02
6.885847000000000495e-02
6.755031000000000230e-02
6.745558999999999583e-02
6.436273000000000688e-02
6.515149000000000634e-02
6.488257000000000052e-02
6.507445000000000590e-02
6.569067000000000656e-02
6.785613000000000061e-02
6.980725000000000124e-02
6.704893000000000658e-02
6.570355999999999419e-02
6.861383999999999539e-02
6.935990999999999684e-02
7.090970000000000606e-02
7.174838000000000049e-02
6.316942999999999864e-02
6.511011999999999356e-02
6.379877999999999938e-02
6.720191000000000359e-02
6.655639000000000693e-02
6.789399999999999602e-02
6.547917999999999794e-02
7.103926000000000684e-02
7.583078999999999514e-02
7.912706999999999380e-02
7.248126000000000568e-02
6.864204000000000139e-02
6.646776000000000073e-02
6.563781999999999950e-02
7.158823000000000270e-02
7.631023000000000667e-02
7.926590999999999498e-02
7.901682999999999624e-02
7.878894999999999649e-02
8.295107999999999648e-02
9.243999999999999440e-02
8.373058999999999363e-02
7.410519000000000134e-02
6.879243999999999637e-02
7.954234999999999778e-02
1.077677900000000022e-01
1.443324199999999891e-01
1.577092999999999967e-01
1.666466699999999967e-01
1.532922999999999925e-01
1.371992800000000068e-01
1.308734900000000090e-01
9.749581999999999693e-02
8.618422000000000582e-02
8.270199000000000300e-02
7.090725000000000500e-02
6.995700000000000529e-02
7.083372000000000279e-02
7.504763000000000406e-02
7.262913999999999481e-02
7.856425999999999688e-02
7.986540000000000306e-02
8.780116999999999783e-02
9.022093999999999947e-02
8.895477000000000245e-02
7.731301000000000145e-02
5.537627999999999995e-02
