5.567649000000000209e-02
6.646699000000000357e-02
6.670576999999999757e-02
6.613829000000000236e-02
7.006271000000000027e-02
7.484472000000000347e-02
7.565734999999999821e-02
7.273121999999999920e-02
7.296244000000000340e-02
6.686043999999999321e-02
6.679767000000000343e-02
6.781666000000000083e-02
7.057067000000000201e-02
7.297702000000000355e-02
7.198688000000000309e-02
6.927418000000000464e-02
7.056571999999999845e-02
7.117632000000000125e-02
7.406369999999999620e-02
7.778143999999999336e-02
7.448267000000000082e-02
6.919417999999999402e-02
7.257078999999999613e-02
7.300067000000000361e-02
6.846779999999999533e-02
8.187432999999999517e-02
7.206257000000000634e-02
7.041532999999999820e-02
7.107608999999999455e-02
6.853417000000000536e-02
6.988379000000000119e-02
6.889430000000000553e-02
6.902642999999999973e-02
7.339418999999999804e-02
7.974199999999999344e-02
7.615795999999999677e-02
6.606576000000000115e-02
6.625562999999999592e-02
6.992771000000000403e-02
7.291069999999999496e-02
7.155807000000000140e-02
7.059873999999999317e-02
7.599103000000000108e-02
8.671429999999999416e-02
8.785648999999999542e-02
8.610057999999999601e-02
8.931532999999999833e-02
9.490526000000000517e-02
8.056615000000000304e-02
7.422399999999999831e-02
8.231249000000000204e-02
9.073784999999999490e-02
1.049794399999999933e-01
1.299054799999999898e-01
1.751454899999999870e-01
1.756688999999999889e-01
1.780765199999999882e-01
1.688372300000000048e-01
1.506466599999999878e-01
1.231953499999999951e-01
9.759900000000000519e-02
8.887902000000000302e-02
6.906508999999999565e-02
5.571465999999999918e-02
