6.784840999999999789e-02
9.602549000000000501e-02
1.174322099999999952e-01
1.383349899999999910e-01
1.286655100000000107e-01
1.025949599999999989e-01
7.707640999999999798e-02
7.018602000000000174e-02
1.123284300000000069e-01
1.799067400000000094e-01
2.046765100000000059e-01
2.678311500000000178e-01
3.081453100000000056e-01
3.722910300000000228e-01
3.503081200000000006e-01
3.536367100000000208e-01
3.432866600000000212e-01
2.243769499999999917e-01
1.280809599999999937e-01
8.243623999999999397e-02
7.232383000000000561e-02
8.537303999999999726e-02
8.243063999999999947e-02
8.987778999999999907e-02
1.030202699999999971e-01
1.185102199999999995e-01
1.252041899999999930e-01
1.247522600000000037e-01
1.058098900000000037e-01
9.066781000000000146e-02
8.729117000000000126e-02
8.812245999999999968e-02
1.011925899999999989e-01
1.046934199999999954e-01
8.808910999999999825e-02
1.076294299999999982e-01
7.797985999999999807e-02
6.886881999999999726e-02
7.283755000000000090e-02
7.142389999999999850e-02
6.907069000000000403e-02
7.251125999999999405e-02
6.562814000000000147e-02
6.808607999999999327e-02
7.183502999999999417e-02
6.808820000000000150e-02
7.264866000000000379e-02
8.054571000000000647e-02
8.505361000000000171e-02
8.055832999999999744e-02
7.573884000000000172e-02
6.896729000000000054e-02
7.340644999999999809e-02
7.950562999999999381e-02
8.116131999999999513e-02
7.577024000000000259e-02
7.144797999999999427e-02
6.865873999999999588e-02
6.766772999999999538e-02
7.034476000000000617e-02
7.396679000000000448e-02
7.507748000000000199e-02
7.572674000000000072e-02
5.812028999999999807e-02
