5.404528000000000110e-02
8.330540000000000167e-02
7.386355999999999478e-02
7.082800000000000207e-02
7.375763999999999931e-02
6.821573999999999693e-02
7.103951999999999489e-02
7.169441000000000008e-02
7.237620000000000164e-02
7.904661000000000326e-02
7.959961000000000120e-02
9.633300000000000196e-02
8.803105999999999431e-02
1.004179999999999934e-01
9.302562999999999804e-02
7.375139999999999474e-02
6.802205999999999531e-02
6.848519000000000134e-02
9.294889000000000623e-02
1.130380299999999977e-01
1.461141099999999915e-01
2.018215800000000004e-01
1.928537200000000063e-01
1.692366299999999990e-01
1.483906200000000009e-01
1.258794099999999971e-01
9.073022000000000031e-02
7.639509999999999357e-02
7.064006000000000451e-02
6.711016999999999677e-02
6.862902999999999365e-02
7.206052999999999764e-02
7.825261000000000022e-02
8.045489000000000113e-02
9.180183999999999567e-02
8.152268000000000014e-02
8.220117000000000396e-02
7.793943000000000398e-02
7.775364999999999360e-02
7.230991000000000501e-02
6.919213000000000446e-02
7.118109999999999715e-02
6.776219999999999466e-02
6.794368000000000629e-02
6.957795999999999426e-02
6.866584000000000576e-02
6.696907000000000554e-02
6.624362999999999779e-02
6.622223000000000692e-02
6.712450999999999834e-02
6.956031000000000020e-02
6.897736999999999619e-02
6.601173000000000457e-02
6.664225000000000010e-02
6.725369000000000486e-02
6.825494999999999479e-02
6.899354000000000597e-02
7.231157000000000556e-02
7.449124999999999497e-02
7.571775000000000033e-02
6.595144000000000006e-02
6.388792000000000082e-02
6.347279999999999589e-02
5.344937999999999773e-02
