6.490308000000000188e-02
8.270102000000000009e-02
7.106840999999999853e-02
1.215244699999999956e-01
1.589328600000000091e-01
1.997761700000000029e-01
2.347407599999999928e-01
2.678161299999999856e-01
2.611621000000000081e-01
2.571636999999999951e-01
2.585543699999999778e-01
2.037669000000000008e-01
1.602820199999999973e-01
1.330983299999999869e-01
8.889759999999999329e-02
7.688734999999999320e-02
7.498820000000000485e-02
6.858116999999999686e-02
7.194219000000000308e-02
7.711624000000000256e-02
8.257699000000000289e-02
8.957822999999999480e-02
9.234641000000000377e-02
9.133057999999999454e-02
1.065157099999999996e-01
9.424116000000000437e-02
8.546533000000000602e-02
7.080719000000000596e-02
7.433610999999999691e-02
7.140815000000000357e-02
7.346221999999999475e-02
7.080678999999999446e-02
7.171600000000000197e-02
7.196381999999999779e-02
7.290476999999999375e-02
6.883303999999999812e-02
7.236320000000000252e-02
7.927898999999999363e-02
7.379719999999999336e-02
6.418353000000000252e-02
6.451245999999999370e-02
6.860228999999999633e-02
7.712315999999999616e-02
8.080534999999999801e-02
7.295720999999999457e-02
6.853225999999999762e-02
6.744535000000000113e-02
6.892605999999999733e-02
7.236217999999999817e-02
8.448123999999999911e-02
8.229690000000000616e-02
7.589081999999999772e-02
6.492929999999999535e-02
6.669820999999999389e-02
7.561408000000000018e-02
8.205070999999999892e-02
8.217236999999999458e-02
6.824223999999999568e-02
6.773060999999999665e-02
6.799292999999999310e-02
6.856731000000000631e-02
6.970679000000000458e-02
7.488284000000000606e-02
5.749823999999999907e-02
