6.295773000000000341e-02
1.195896999999999932e-01
1.102596099999999940e-01
9.005523000000000000e-02
7.246289000000000202e-02
7.183283000000000029e-02
7.812381999999999660e-02
1.168185499999999932e-01
1.445887200000000039e-01
1.852762400000000087e-01
1.764644099999999882e-01
1.811220600000000014e-01
1.954334500000000086e-01
1.618722499999999953e-01
1.201569499999999985e-01
1.059574199999999966e-01
9.376742999999999884e-02
7.617770000000000097e-02
7.115256000000000358e-02
6.927266999999999453e-02
7.068781000000000370e-02
7.008973999999999760e-02
7.393465000000000453e-02
8.137871000000000687e-02
9.798189000000000204e-02
1.025656600000000029e-01
9.584020999999999513e-02
7.877852999999999939e-02
8.014259999999999440e-02
7.150745000000000018e-02
7.612531999999999632e-02
7.386993000000000031e-02
7.238898000000000554e-02
7.903451000000000226e-02
7.346046000000000520e-02
7.371424999999999506e-02
7.036794000000000382e-02
6.960012999999999617e-02
7.173282999999999743e-02
7.018752999999999798e-02
6.433281000000000416e-02
6.822965000000000280e-02
6.587134000000000045e-02
7.053487999999999425e-02
7.122053000000000411e-02
7.383560000000000123e-02
7.449825999999999671e-02
7.340470999999999802e-02
7.053663000000000294e-02
6.605663999999999980e-02
7.184424000000000365e-02
7.409709999999999908e-02
7.185489999999999933e-02
7.210888999999999494e-02
7.039589000000000263e-02
6.804691000000000212e-02
6.689006999999999592e-02
6.788985999999999632e-02
7.277978000000000225e-02
7.054642999999999331e-02
7.184232999999999592e-02
6.900630000000000652e-02
6.673421999999999688e-02
5.540431999999999996e-02
