5.551603000000000093e-02
6.807802999999999771e-02
6.587071999999999372e-02
6.493057000000000689e-02
6.484616999999999465e-02
7.047514000000000556e-02
7.155609000000000275e-02
7.335316999999999532e-02
7.596724000000000532e-02
6.978294000000000163e-02
6.763136000000000148e-02
6.574333000000000260e-02
6.670992000000000588e-02
7.008135999999999532e-02
7.106688999999999368e-02
7.320269999999999555e-02
6.824521000000000059e-02
6.587376999999999816e-02
6.535618999999999457e-02
7.117469999999999353e-02
7.056808999999999998e-02
7.476742999999999584e-02
7.439748999999999668e-02
6.896304000000000323e-02
6.567122999999999711e-02
7.329718999999999818e-02
7.344324000000000685e-02
6.971987000000000323e-02
6.730231999999999881e-02
6.605374999999999441e-02
6.789296999999999693e-02
6.854657000000000111e-02
6.977239000000000357e-02
7.006494000000000610e-02
7.172776000000000152e-02
7.408024000000000553e-02
6.934194999999999942e-02
7.512058000000000624e-02
7.088005000000000000e-02
6.563573000000000324e-02
6.534526000000000223e-02
6.562846999999999431e-02
7.166414000000000117e-02
7.481588000000000127e-02
7.577359999999999651e-02
7.501404999999999879e-02
7.624395000000000477e-02
8.205956000000000361e-02
7.476402999999999521e-02
7.025525999999999993e-02
6.816508000000000289e-02
6.777405999999999708e-02
6.833235000000000003e-02
7.187324999999999964e-02
9.632485000000000352e-02
9.869070000000000620e-02
1.164285899999999985e-01
1.255582399999999876e-01
1.245493500000000031e-01
1.167916999999999983e-01
1.051882900000000037e-01
8.915099999999999414e-02
7.842736000000000152e-02
5.375673000000000257e-02
