5.653496999999999689e-02
6.780298999999999354e-02
6.793164000000000147e-02
6.517304000000000153e-02
6.573299000000000503e-02
6.895133000000000512e-02
7.680958999999999703e-02
7.731604999999999728e-02
8.106375000000000386e-02
7.031123000000000234e-02
6.641012999999999777e-02
6.484890999999999572e-02
6.462595000000000145e-02
6.914771999999999585e-02
7.021186999999999567e-02
7.253940000000000388e-02
6.620139999999999358e-02
6.702921000000000573e-02
6.505505999999999789e-02
6.873318000000000483e-02
7.005414000000000085e-02
7.056526000000000465e-02
6.935932000000000208e-02
6.608015999999999890e-02
6.921990000000000087e-02
7.157539000000000262e-02
6.924289999999999612e-02
6.991173000000000526e-02
6.951517000000000113e-02
6.465521999999999936e-02
6.809044999999999681e-02
6.637909000000000170e-02
6.697330999999999424e-02
7.505201999999999707e-02
6.858358000000000509e-02
7.327472000000000152e-02
7.584580999999999962e-02
7.589371999999999785e-02
6.699760000000000437e-02
6.997968000000000244e-02
7.448844999999999772e-02
7.242706000000000144e-02
7.057130000000000347e-02
7.753730999999999818e-02
7.361932999999999672e-02
7.599664000000000419e-02
9.661872999999999989e-02
1.077767800000000026e-01
8.078501000000000432e-02
7.931939000000000350e-02
7.860876999999999448e-02
8.014153999999999722e-02
9.297813000000000605e-02
1.086233300000000040e-01
1.568526500000000101e-01
1.456736600000000104e-01
1.647476300000000060e-01
1.722972500000000129e-01
1.954016699999999995e-01
1.738091099999999889e-01
1.599849200000000027e-01
1.304120000000000001e-01
8.872691000000000605e-02
5.777518000000000237e-02
