5.626313000000000147e-02
7.834763000000000144e-02
7.970778000000000585e-02
9.880845000000000600e-02
1.021033400000000008e-01
9.353371000000000601e-02
8.656945000000000612e-02
7.177463000000000592e-02
7.200960000000000694e-02
7.249687000000000492e-02
7.264429000000000025e-02
7.681923000000000223e-02
8.543710000000000193e-02
9.063760999999999346e-02
9.792858000000000118e-02
1.001971799999999968e-01
9.894078000000000594e-02
9.932153999999999983e-02
9.228712999999999500e-02
9.421169000000000071e-02
8.723595000000000654e-02
7.246347000000000205e-02
1.024361399999999950e-01
1.383076799999999884e-01
1.765527000000000069e-01
2.500382999999999911e-01
2.519932999999999756e-01
2.295468200000000125e-01
2.231756000000000018e-01
1.326302099999999984e-01
1.028203000000000034e-01
8.092364999999999975e-02
7.855919000000000096e-02
6.919113000000000346e-02
6.675216999999999956e-02
7.678003999999999385e-02
7.049561999999999495e-02
9.971886000000000638e-02
1.091328300000000001e-01
9.386165999999999954e-02
8.813311000000000062e-02
7.786569999999999603e-02
7.197183999999999526e-02
7.072517999999999860e-02
7.325871999999999939e-02
7.242310000000000414e-02
6.864423000000000052e-02
7.466000999999999888e-02
7.420253999999999739e-02
7.317690000000000305e-02
7.712241000000000235e-02
6.994638000000000244e-02
7.401868000000000336e-02
7.124326000000000270e-02
7.048975000000000379e-02
6.769147000000000358e-02
7.016285999999999357e-02
7.025868999999999864e-02
6.784102000000000188e-02
6.777130000000000654e-02
6.369545000000000068e-02
7.027656999999999654e-02
7.582930999999999699e-02
5.324260000000000104e-02
