5.231456000000000300e-02
6.649254000000000275e-02
6.520578000000000485e-02
6.365249000000000601e-02
6.479909000000000363e-02
6.698468000000000477e-02
6.757963000000000164e-02
7.088007000000000335e-02
6.890251999999999488e-02
6.621288999999999647e-02
6.753932999999999465e-02
6.383031000000000121e-02
6.696346000000000243e-02
6.766924000000000550e-02
6.897060000000000690e-02
7.245754000000000083e-02
6.754802999999999502e-02
6.812857999999999414e-02
6.865770000000000206e-02
7.340670000000000528e-02
7.362459999999999838e-02
7.215338000000000307e-02
7.150610999999999773e-02
6.623998000000000386e-02
7.062680000000000347e-02
7.671023999999999898e-02
7.377147000000000565e-02
7.116177999999999393e-02
6.922963000000000033e-02
6.335312999999999362e-02
7.012169000000000041e-02
7.034611000000000336e-02
7.042692000000000396e-02
7.135421999999999598e-02
7.410814999999999764e-02
7.769278999999999769e-02
7.304631999999999792e-02
7.955987999999999949e-02
7.343077000000000631e-02
7.005116999999999594e-02
6.763552000000000453e-02
7.001098999999999517e-02
7.870008000000000559e-02
8.958897000000000388e-02
9.095738999999999908e-02
1.035123599999999977e-01
1.298056200000000104e-01
1.388235999999999915e-01
9.778235000000000399e-02
8.361204999999999332e-02
8.696165999999999618e-02
1.050469099999999933e-01
1.089148600000000022e-01
1.594177200000000127e-01
2.219187599999999927e-01
2.221901599999999977e-01
2.668774700000000055e-01
2.760027299999999739e-01
2.908535300000000268e-01
2.548520599999999914e-01
2.164720099999999925e-01
1.739996799999999899e-01
1.269394299999999920e-01
5.741740000000000038e-02
