6.524939999999999907e-02
9.144438000000000566e-02
9.441312000000000315e-02
1.377428800000000120e-01
1.454245899999999925e-01
1.334481100000000087e-01
1.169702299999999945e-01
9.091388999999999720e-02
8.206256000000000661e-02
7.375547000000000353e-02
8.072662999999999367e-02
8.242120999999999476e-02
9.178703000000000556e-02
1.291097300000000059e-01
1.271602199999999905e-01
1.327976899999999960e-01
1.457536500000000124e-01
1.449166699999999974e-01
1.328743799999999864e-01
1.178063300000000008e-01
1.006248099999999951e-01
9.968638000000000499e-02
2.106070700000000073e-01
2.483067100000000138e-01
3.321130600000000155e-01
4.454337999999999909e-01
4.321548900000000137e-01
3.775329000000000046e-01
3.458819399999999988e-01
1.884204299999999999e-01
1.121321599999999946e-01
7.606316999999999939e-02
8.454960999999999727e-02
8.078573000000000004e-02
8.288903000000000243e-02
1.022292499999999937e-01
1.060809499999999933e-01
1.659320099999999909e-01
1.882333200000000095e-01
1.405724600000000102e-01
1.195458900000000019e-01
9.115650999999999615e-02
7.931852000000000347e-02
7.843345999999999651e-02
8.733375999999999639e-02
8.622154999999999403e-02
7.552206999999999670e-02
9.244478999999999891e-02
8.702617999999999465e-02
8.894444999999999435e-02
7.670659999999999978e-02
6.739710000000000145e-02
7.113822999999999674e-02
7.554175000000000473e-02
9.365635999999999406e-02
8.962003000000000330e-02
7.657511000000000179e-02
7.137443000000000259e-02
7.256298999999999388e-02
7.216757999999999507e-02
7.810301999999999523e-02
9.027681999999999374e-02
1.033594500000000055e-01
5.894566999999999862e-02
