8.151443999999999357e-02
4.078799200000000069e-01
3.868340800000000246e-01
3.312278100000000114e-01
2.500359400000000121e-01
2.049870599999999987e-01
1.433331200000000083e-01
9.535406000000000437e-02
7.139742999999999784e-02
7.043778000000000539e-02
8.018089000000000466e-02
8.615293000000000256e-02
1.076177200000000000e-01
1.569628600000000096e-01
1.754652600000000118e-01
1.716228300000000040e-01
1.551698400000000033e-01
1.678684199999999904e-01
1.244968800000000042e-01
1.039122499999999977e-01
9.156843000000000621e-02
8.745711999999999930e-02
7.976244999999999863e-02
7.028516999999999404e-02
7.874417000000000222e-02
8.560326999999999520e-02
7.915790999999999800e-02
7.270031999999999883e-02
7.001812999999999787e-02
7.106861000000000428e-02
7.670939999999999703e-02
8.132569000000000603e-02
7.575241000000000613e-02
7.008509000000000266e-02
7.112846000000000446e-02
7.460102000000000400e-02
7.634017999999999360e-02
7.971348000000000322e-02
7.271101000000000647e-02
7.065586999999999562e-02
7.075322000000000555e-02
6.987714000000000425e-02
8.779441999999999802e-02
8.081280999999999881e-02
8.640219000000000371e-02
7.286945999999999701e-02
7.756678999999999657e-02
8.763658000000000559e-02
8.437606000000000273e-02
7.538622000000000378e-02
7.064795000000000103e-02
6.852305999999999675e-02
6.936166000000000553e-02
7.937349000000000487e-02
7.697911999999999810e-02
7.189732000000000067e-02
7.231700000000000628e-02
7.171268000000000087e-02
7.338310000000000666e-02
7.289352000000000331e-02
7.407418999999999809e-02
7.871216999999999797e-02
7.191440000000000332e-02
5.988914000000000043e-02
