5.637009999999999937e-02
7.259015000000000606e-02
8.414963999999999777e-02
8.554994000000000487e-02
9.950688000000000588e-02
1.072791699999999931e-01
1.035170900000000060e-01
1.049385000000000040e-01
1.352894799999999897e-01
1.457357599999999920e-01
1.339476300000000120e-01
8.335958000000000256e-02
7.346635999999999445e-02
9.434807000000000610e-02
1.483963699999999997e-01
2.516529000000000127e-01
3.159468500000000013e-01
3.266407499999999797e-01
3.503568499999999974e-01
3.468550100000000191e-01
3.247505099999999922e-01
2.372466900000000101e-01
1.360529500000000058e-01
1.078068999999999972e-01
7.210286999999999946e-02
7.276478000000000113e-02
7.434962999999999989e-02
6.981233000000000577e-02
8.125818999999999404e-02
1.379555600000000048e-01
1.186538000000000037e-01
1.205773099999999931e-01
1.455045500000000103e-01
1.037411699999999937e-01
1.008484899999999990e-01
8.156125000000000180e-02
7.029199999999999338e-02
7.977314000000000627e-02
8.493080999999999547e-02
8.979463000000000028e-02
7.519256000000000550e-02
7.914625999999999606e-02
7.877765000000000462e-02
7.455143999999999660e-02
6.870031000000000054e-02
6.648938999999999544e-02
7.002416000000000196e-02
6.860365999999999687e-02
6.571691000000000338e-02
6.953802000000000594e-02
7.741752999999999829e-02
7.624757000000000062e-02
7.533180000000000431e-02
7.607418000000000513e-02
7.382835000000000092e-02
7.110389999999999766e-02
6.701239999999999974e-02
7.022235999999999756e-02
6.977476999999999985e-02
6.796660000000000201e-02
6.916579000000000477e-02
7.399825999999999626e-02
6.982104000000000088e-02
5.461072000000000148e-02
