5.374897000000000008e-02
8.115931999999999313e-02
8.015558999999999878e-02
8.141434000000000171e-02
8.772665000000000324e-02
9.859052999999999567e-02
1.363818199999999869e-01
1.268180299999999983e-01
1.220478400000000047e-01
8.457990999999999426e-02
7.764835999999999960e-02
6.914887000000000117e-02
8.250393000000000310e-02
9.853082000000000507e-02
1.325549000000000033e-01
1.425296400000000130e-01
1.294252300000000022e-01
1.143281800000000015e-01
1.385164100000000065e-01
1.778155299999999994e-01
1.619310399999999983e-01
9.414564000000000266e-02
7.607856000000000340e-02
8.704393000000000546e-02
1.801689999999999958e-01
3.184366499999999878e-01
4.080045500000000214e-01
4.514657599999999937e-01
4.782114299999999929e-01
3.271994599999999975e-01
2.530491899999999794e-01
1.744121499999999880e-01
1.420998400000000050e-01
8.066972000000000032e-02
7.540270000000000306e-02
8.477613000000000509e-02
8.102064999999999961e-02
9.567702999999999625e-02
1.163791700000000040e-01
1.184622800000000031e-01
1.530500899999999997e-01
1.356021299999999874e-01
1.076030999999999932e-01
7.966774000000000078e-02
7.223172999999999400e-02
7.021990000000000176e-02
7.592503999999999920e-02
8.359283000000000685e-02
7.208166000000000573e-02
7.888459999999999916e-02
7.981486999999999610e-02
7.380633000000000332e-02
7.229252999999999374e-02
7.584452999999999334e-02
7.665719999999999479e-02
6.896315999999999558e-02
6.818151000000000073e-02
6.877120000000000455e-02
6.853091999999999517e-02
7.135801999999999423e-02
7.063294999999999990e-02
7.382993000000000194e-02
7.158839999999999648e-02
5.901316999999999674e-02
