5.392067999999999861e-02
7.264537999999999551e-02
6.815309999999999424e-02
6.872612000000000165e-02
6.567333000000000198e-02
6.661234000000000599e-02
6.662577000000000083e-02
6.860731999999999942e-02
7.018014000000000197e-02
6.948213000000000306e-02
6.970305999999999724e-02
6.778647999999999618e-02
6.957737999999999423e-02
7.286078999999999473e-02
7.390104000000000117e-02
6.796098000000000416e-02
6.751725000000000088e-02
6.687806999999999780e-02
6.882828000000000557e-02
7.138060999999999712e-02
6.809927999999999815e-02
7.040013000000000520e-02
6.871816999999999509e-02
6.849913000000000529e-02
7.380208000000000601e-02
7.602166999999999952e-02
7.223849999999999716e-02
7.279805000000000303e-02
7.800442000000000486e-02
8.757566999999999435e-02
9.323091999999999491e-02
7.339611999999999525e-02
7.367282999999999471e-02
6.807984999999999731e-02
7.033230999999999511e-02
8.038963999999999832e-02
9.537769000000000108e-02
9.531628000000000323e-02
8.646201000000000580e-02
8.218815000000000148e-02
9.379060999999999648e-02
1.071554900000000060e-01
9.703591999999999773e-02
8.368710000000000038e-02
7.690898000000000179e-02
8.996951999999999727e-02
1.482872199999999974e-01
1.628303700000000021e-01
2.222225999999999924e-01
2.383177400000000001e-01
2.634565799999999958e-01
2.481753499999999890e-01
2.039330799999999888e-01
2.040836500000000053e-01
1.537255600000000111e-01
1.042456400000000005e-01
7.203729999999999856e-02
6.999463999999999686e-02
7.050267999999999813e-02
6.771955999999999809e-02
6.895888999999999491e-02
7.050185999999999953e-02
7.602509000000000350e-02
5.649682999999999788e-02
