5.597197000000000283e-02
7.698850000000000138e-02
7.026991999999999960e-02
7.050646000000000690e-02
8.087796999999999348e-02
7.848020999999999470e-02
7.866900000000000281e-02
8.326616000000000573e-02
7.220946000000000309e-02
6.852909000000000084e-02
7.555942000000000214e-02
7.064236999999999600e-02
8.098458000000000045e-02
8.194600000000000495e-02
8.288497000000000225e-02
7.386410000000000198e-02
7.257776000000000505e-02
8.641145999999999550e-02
8.763424999999999687e-02
8.332169000000000381e-02
8.282981999999999845e-02
6.752168000000000059e-02
7.570754999999999846e-02
8.152352999999999683e-02
8.780383999999999411e-02
1.046226799999999957e-01
1.069218200000000007e-01
1.627000600000000075e-01
1.476946000000000092e-01
1.534010299999999938e-01
1.343781099999999951e-01
9.564920999999999840e-02
9.529339000000000559e-02
1.597499500000000017e-01
2.131086899999999895e-01
2.639686500000000269e-01
3.409196999999999922e-01
3.892791899999999972e-01
3.225272900000000220e-01
2.519874899999999807e-01
1.802738299999999960e-01
1.296240700000000079e-01
1.007893299999999964e-01
1.068560999999999955e-01
8.285966000000000165e-02
8.128510999999999376e-02
8.581234000000000084e-02
1.043202700000000066e-01
1.051985399999999932e-01
1.534743799999999936e-01
1.656657199999999885e-01
1.782964800000000072e-01
1.326097999999999999e-01
1.056467299999999943e-01
9.468519000000000241e-02
1.032397300000000018e-01
1.046260999999999997e-01
1.138379900000000000e-01
9.495153000000000620e-02
8.179290999999999645e-02
8.526757999999999560e-02
9.640914999999999901e-02
1.049033000000000049e-01
6.003867999999999705e-02
