5.504014000000000129e-02
8.025098999999999427e-02
6.883888999999999980e-02
7.045866000000000628e-02
6.610478000000000187e-02
6.845561000000000007e-02
6.836997999999999687e-02
6.755877000000000410e-02
7.005870000000000153e-02
6.688613000000000197e-02
7.485870000000000024e-02
6.816977000000000453e-02
7.682158000000000042e-02
7.661439999999999917e-02
7.800163000000000235e-02
7.745278999999999359e-02
6.827281999999999795e-02
6.632396000000000125e-02
6.834714000000000067e-02
7.269844000000000306e-02
7.318868000000000595e-02
7.096036999999999484e-02
8.738558000000000436e-02
8.891564999999999885e-02
8.644261999999999779e-02
1.003518600000000011e-01
9.486026000000000180e-02
9.137829000000000090e-02
7.442812000000000039e-02
7.402960999999999570e-02
8.883282000000000678e-02
1.093541400000000025e-01
1.223619900000000038e-01
1.576390699999999923e-01
1.343419100000000088e-01
1.352248500000000075e-01
1.308999399999999924e-01
9.219180000000000430e-02
6.901996999999999993e-02
6.646530000000000493e-02
6.697877000000000691e-02
6.607387000000000676e-02
7.269929999999999448e-02
6.961776000000000075e-02
6.914327000000000667e-02
8.051774000000000431e-02
8.278154999999999542e-02
8.172598999999999836e-02
7.043596000000000579e-02
7.020263000000000198e-02
6.889720000000000566e-02
7.742899000000000309e-02
7.522552000000000405e-02
7.346468000000000442e-02
7.554895000000000360e-02
7.695499999999999563e-02
7.487884999999999680e-02
8.679992999999999737e-02
9.034607999999999528e-02
7.809836000000000555e-02
7.225402000000000213e-02
7.817029999999999812e-02
6.758954000000000351e-02
5.764832000000000289e-02
