1.229410999999999976e-01
2.639056100000000127e-01
3.261290199999999917e-01
3.094669600000000131e-01
2.446366100000000043e-01
2.091519400000000084e-01
1.671888500000000000e-01
1.159843099999999932e-01
7.270314999999999417e-02
8.123727000000000031e-02
9.079987999999999948e-02
8.800640999999999325e-02
1.028559400000000068e-01
1.533733200000000074e-01
1.862670499999999896e-01
1.733273700000000084e-01
1.580474699999999955e-01
1.652982199999999957e-01
1.243932100000000041e-01
1.068554800000000027e-01
9.205046999999999535e-02
8.448026999999999620e-02
7.555509000000000530e-02
7.255702999999999459e-02
8.626989000000000185e-02
9.043076999999999366e-02
8.034322000000000685e-02
7.905974000000000335e-02
8.036069999999999325e-02
7.334649999999999503e-02
8.094112000000000529e-02
8.093522000000000216e-02
7.690594000000000596e-02
7.131759000000000015e-02
7.390544999999999753e-02
7.636278000000000510e-02
7.945365000000000066e-02
8.066953999999999791e-02
7.309583000000000053e-02
7.192938000000000109e-02
7.601528000000000451e-02
7.430963000000000152e-02
9.223829000000000056e-02
8.310599999999999932e-02
8.556996000000000047e-02
7.885475000000000123e-02
8.551520999999999428e-02
8.795935000000000559e-02
7.978968000000000171e-02
7.164913000000000531e-02
7.043673000000000295e-02
6.801796999999999704e-02
7.053603999999999430e-02
7.898573999999999873e-02
7.961384999999999990e-02
7.628851000000000382e-02
7.684771999999999437e-02
7.275863999999999943e-02
7.826929000000000525e-02
7.554196999999999995e-02
7.910499999999999476e-02
8.181162000000000156e-02
7.442638000000000031e-02
6.196631999999999835e-02
