5.622633999999999965e-02
6.949577999999999312e-02
7.746831999999999330e-02
7.141211999999999560e-02
6.825112999999999319e-02
6.821249000000000062e-02
6.569239000000000328e-02
7.308130999999999655e-02
8.178394999999999415e-02
8.941390000000000449e-02
8.646995999999999849e-02
7.796812000000000187e-02
7.018710999999999700e-02
7.063571999999999906e-02
7.932965000000000155e-02
9.007448999999999317e-02
9.401020999999999683e-02
9.230828000000000644e-02
8.338384000000000074e-02
8.895767999999999731e-02
9.332071000000000116e-02
9.997870000000000368e-02
8.448980999999999852e-02
7.765020000000000255e-02
7.079836999999999936e-02
7.304815000000000613e-02
9.849207000000000101e-02
1.169192200000000043e-01
2.098734399999999944e-01
2.066057199999999927e-01
2.148426800000000081e-01
2.044524699999999973e-01
1.785879599999999900e-01
1.560489399999999971e-01
9.291813999999999629e-02
8.335868999999999918e-02
7.524119999999999420e-02
6.921923000000000659e-02
6.966609999999999470e-02
7.276386999999999439e-02
7.587512000000000423e-02
8.611420999999999659e-02
1.024969399999999947e-01
9.677724999999999522e-02
1.045803099999999958e-01
9.062831999999999832e-02
7.369668999999999526e-02
7.234055999999999820e-02
7.699287999999999965e-02
7.293238000000000498e-02
7.200578000000000534e-02
7.182885999999999438e-02
6.922791999999999835e-02
6.992202000000000139e-02
7.425452999999999915e-02
8.286843000000000681e-02
7.750973999999999364e-02
7.732859000000000260e-02
7.087984999999999425e-02
7.061736000000000402e-02
7.529347000000000123e-02
6.840767999999999849e-02
6.870987000000000622e-02
5.442228000000000343e-02
