5.753782000000000341e-02
7.136236999999999442e-02
6.850517999999999885e-02
7.509908999999999335e-02
7.048962000000000283e-02
7.206661000000000317e-02
6.787445000000000284e-02
7.393938999999999373e-02
8.148700999999999861e-02
8.557708999999999455e-02
7.909691000000000638e-02
7.616976999999999776e-02
7.327061999999999464e-02
6.975526999999999422e-02
7.822076999999999503e-02
9.692910000000000414e-02
8.583780000000000576e-02
7.390757000000000576e-02
6.498076999999999326e-02
7.045603999999999756e-02
7.411579000000000084e-02
1.073511999999999939e-01
1.105296100000000004e-01
8.318699999999999706e-02
7.045874000000000581e-02
7.288767999999999636e-02
8.812068000000000678e-02
8.344922000000000450e-02
7.900833999999999635e-02
7.103154000000000412e-02
6.664900999999999465e-02
7.078761000000000081e-02
8.818579000000000001e-02
8.552041000000000504e-02
6.558654999999999347e-02
8.593365999999999505e-02
1.007809699999999975e-01
1.134340499999999946e-01
8.899421999999999888e-02
7.571263999999999772e-02
6.704852000000000034e-02
7.514355999999999813e-02
9.778836000000000472e-02
1.247492899999999988e-01
1.391026399999999996e-01
1.405814999999999981e-01
1.669425800000000071e-01
2.062532599999999938e-01
1.853312699999999924e-01
1.580683300000000069e-01
1.071352500000000013e-01
9.978686999999999974e-02
1.082061899999999938e-01
1.677572300000000072e-01
2.718302899999999744e-01
3.268102700000000138e-01
4.221944499999999989e-01
4.760738899999999996e-01
5.016396600000000427e-01
4.998996900000000077e-01
4.244028300000000087e-01
4.041137699999999833e-01
2.705000900000000263e-01
6.302768000000000259e-02
