5.480514999999999692e-02
7.743440999999999519e-02
7.574121000000000326e-02
8.723116999999999677e-02
9.501888999999999474e-02
9.743525999999999576e-02
9.233133000000000312e-02
7.035062000000000260e-02
7.069042000000000381e-02
7.338361000000000189e-02
8.205856000000000261e-02
8.216455000000000286e-02
7.497420999999999947e-02
7.133040000000000214e-02
6.789224000000000647e-02
7.634457000000000049e-02
9.544405999999999723e-02
8.583612999999999660e-02
7.806704000000000421e-02
7.312821999999999378e-02
7.190622000000000680e-02
7.581496999999999542e-02
8.919570000000000276e-02
7.820423999999999431e-02
7.048173000000000632e-02
7.696472000000000036e-02
7.577229000000000603e-02
9.033169000000000615e-02
8.920690000000000563e-02
7.493729999999999836e-02
8.108740000000000392e-02
8.382299999999999474e-02
8.724996000000000140e-02
9.058792999999999707e-02
1.051124499999999962e-01
9.039481000000000599e-02
8.298888999999999572e-02
8.938454999999999318e-02
1.031393399999999960e-01
9.086130000000000595e-02
8.267272000000000509e-02
9.920113999999999321e-02
1.302761699999999967e-01
1.755128200000000138e-01
1.640324099999999896e-01
9.642850999999999506e-02
8.141365999999999881e-02
9.422363999999999740e-02
1.551206300000000093e-01
2.142113099999999881e-01
3.239949599999999985e-01
3.600174800000000008e-01
4.237960900000000142e-01
4.855344300000000168e-01
4.911644499999999747e-01
3.920348300000000008e-01
3.252546800000000182e-01
2.408900700000000117e-01
1.805333600000000038e-01
1.194764799999999960e-01
9.349158999999999942e-02
8.024842000000000086e-02
8.184323000000000292e-02
6.383431000000000521e-02
