5.381574000000000080e-02
6.726733999999999492e-02
7.324878999999999418e-02
7.374184999999999768e-02
7.417906000000000499e-02
6.980369000000000157e-02
6.613159999999999872e-02
6.465651999999999511e-02
6.500303999999999804e-02
7.086913000000000240e-02
8.344667000000000057e-02
6.777310000000000278e-02
6.539003999999999650e-02
7.189096000000000375e-02
7.715312000000000558e-02
8.227099000000000217e-02
7.800413999999999959e-02
7.585503000000000384e-02
6.656890000000000029e-02
6.430578000000000682e-02
6.621003999999999778e-02
6.967091999999999730e-02
7.015098999999999640e-02
6.922823999999999645e-02
6.829601999999999895e-02
7.414985000000000326e-02
8.387693000000000232e-02
1.056376100000000068e-01
9.135770000000000002e-02
8.242984000000000422e-02
6.774906999999999457e-02
6.944461000000000384e-02
7.388190999999999509e-02
1.292268299999999870e-01
1.412853199999999920e-01
1.798452399999999896e-01
1.853639499999999996e-01
1.751388600000000073e-01
1.616101100000000013e-01
1.371724199999999894e-01
9.887733999999999412e-02
7.821153000000000133e-02
6.699633000000000671e-02
6.773642000000000551e-02
7.026411999999999936e-02
7.398707000000000200e-02
7.444373999999999436e-02
8.071883000000000530e-02
7.554028999999999605e-02
7.464730999999999450e-02
7.256345000000000156e-02
7.319699000000000344e-02
6.624054999999999527e-02
6.577563000000000160e-02
6.870025000000000437e-02
7.543036000000000185e-02
7.042507000000000628e-02
6.562835999999999670e-02
6.777263999999999511e-02
6.990556000000000547e-02
6.929984999999999618e-02
7.336149000000000142e-02
6.963982000000000505e-02
5.373532000000000308e-02
