5.714297000000000126e-02
7.539432000000000078e-02
6.742346000000000450e-02
6.883021000000000278e-02
6.760186999999999446e-02
7.102638000000000007e-02
6.696415999999999480e-02
7.393276999999999488e-02
8.224339999999999429e-02
8.242599000000000453e-02
7.502361000000000446e-02
7.561160000000000103e-02
7.311565000000000425e-02
6.747541999999999429e-02
7.731312999999999380e-02
8.665775000000000561e-02
7.973726999999999898e-02
7.060848000000000124e-02
6.684252999999999723e-02
7.193492999999999415e-02
6.989929000000000281e-02
8.548638000000000070e-02
9.228237999999999719e-02
7.022913999999999546e-02
6.658005999999999647e-02
7.488031000000000548e-02
8.033482999999999596e-02
8.290074000000000054e-02
8.242571999999999399e-02
6.756544999999999912e-02
6.823928999999999412e-02
7.145796999999999566e-02
7.210397999999999807e-02
7.833014000000000643e-02
6.853860999999999981e-02
7.431348999999999594e-02
6.857067000000000023e-02
7.829603999999999731e-02
7.584219000000000377e-02
7.108470000000000066e-02
6.708015999999999979e-02
6.909452000000000649e-02
8.268222999999999545e-02
9.128666000000000558e-02
9.324267999999999446e-02
8.466145999999999394e-02
8.949240999999999446e-02
1.103995400000000043e-01
1.018973299999999943e-01
9.511585000000000178e-02
8.939318000000000264e-02
8.463350999999999513e-02
8.972570000000000545e-02
1.313957400000000109e-01
1.896392100000000025e-01
2.953510300000000144e-01
3.477473600000000054e-01
3.438899200000000156e-01
3.647311899999999829e-01
3.271070400000000156e-01
2.441649300000000022e-01
2.686187899999999962e-01
1.674025399999999886e-01
5.878926000000000290e-02
