6.940527999999999975e-02
1.481177200000000083e-01
1.113657400000000047e-01
7.601879999999999749e-02
8.022432999999999648e-02
9.847881999999999469e-02
1.731488999999999945e-01
2.782883600000000124e-01
3.192685499999999843e-01
3.353874099999999969e-01
3.251416699999999937e-01
2.405885299999999949e-01
1.989514500000000019e-01
1.605123599999999928e-01
1.083614600000000067e-01
1.060287599999999997e-01
9.178282000000000107e-02
7.514382000000000006e-02
6.798825000000000007e-02
6.702122000000000634e-02
6.753765999999999936e-02
7.005722000000000338e-02
7.280660999999999383e-02
7.337375999999999621e-02
8.177935000000000065e-02
8.386488999999999749e-02
7.403766000000000513e-02
6.902518000000000542e-02
6.885223000000000038e-02
6.560074999999999934e-02
6.554664000000000323e-02
6.525796000000000374e-02
6.827344999999999942e-02
6.947353000000000556e-02
7.010924000000000322e-02
7.047617999999999938e-02
6.870191999999999966e-02
6.782596999999999932e-02
7.205672999999999939e-02
6.845099999999999796e-02
6.784047999999999468e-02
6.751340999999999593e-02
7.068800000000000083e-02
7.496263999999999705e-02
7.189570000000000682e-02
7.735754999999999715e-02
7.445406000000000246e-02
6.812627000000000266e-02
6.752057000000000198e-02
7.352670999999999513e-02
8.406658999999999660e-02
9.038586999999999316e-02
8.743449000000000360e-02
7.146180000000000587e-02
6.805477999999999528e-02
7.580356000000000594e-02
7.286471999999999394e-02
7.600408000000000164e-02
9.264727999999999852e-02
8.393723999999999630e-02
8.187473000000000667e-02
8.229809999999999903e-02
7.998872999999999400e-02
6.475880000000000525e-02
