5.503522000000000275e-02
7.267173999999999856e-02
6.581454999999999944e-02
6.796103000000000560e-02
6.780727000000000282e-02
6.910705000000000320e-02
7.292651999999999468e-02
7.000359000000000442e-02
7.016746999999999568e-02
6.716344000000000480e-02
6.952595999999999776e-02
6.698751000000000011e-02
6.788774999999999671e-02
6.960038999999999809e-02
7.119619000000000641e-02
6.896104000000000123e-02
7.813201000000000174e-02
8.849410000000000609e-02
8.223975000000000035e-02
8.853215000000000390e-02
8.527577999999999547e-02
7.083929999999999394e-02
7.378086000000000366e-02
8.530724000000000640e-02
9.715893999999999919e-02
9.558279999999999554e-02
8.464753999999999334e-02
8.872178000000000009e-02
8.913538000000000017e-02
9.158763000000000321e-02
9.494362000000000634e-02
9.184899000000000535e-02
8.199915000000000675e-02
7.743530999999999331e-02
1.102902999999999939e-01
1.499060399999999904e-01
1.987057499999999866e-01
2.124157000000000128e-01
2.404942800000000047e-01
2.039495299999999900e-01
1.389073000000000113e-01
1.088569300000000045e-01
8.877633000000000052e-02
7.499880000000000435e-02
7.738085999999999576e-02
7.040317999999999576e-02
7.131268000000000329e-02
7.541227000000000347e-02
7.737832000000000043e-02
9.531700999999999369e-02
9.546179000000000470e-02
1.360302300000000020e-01
1.118246600000000063e-01
1.061429599999999945e-01
9.878275999999999724e-02
8.215274000000000187e-02
8.716725999999999641e-02
8.116479999999999528e-02
7.861244000000000565e-02
8.453431000000000139e-02
8.128726999999999481e-02
7.659547999999999357e-02
9.008663000000000087e-02
5.831626000000000171e-02
