5.958219000000000015e-02
7.154354000000000269e-02
6.919633999999999507e-02
6.884732999999999825e-02
6.975185000000000413e-02
6.830999000000000099e-02
6.620866999999999725e-02
6.801612999999999409e-02
6.948052000000000394e-02
6.922272000000000147e-02
7.410695000000000476e-02
7.137664000000000508e-02
8.409292999999999629e-02
9.333818000000000670e-02
1.026635899999999990e-01
1.048766200000000037e-01
7.612597999999999587e-02
6.965393000000000279e-02
6.753146999999999622e-02
7.428637000000000434e-02
7.689261999999999486e-02
7.815068000000000015e-02
8.378473999999999644e-02
8.508035999999999377e-02
9.000450000000000117e-02
1.025391100000000028e-01
1.246134299999999973e-01
1.335981499999999988e-01
8.210623999999999700e-02
6.971457000000000348e-02
8.494796000000000291e-02
1.022033700000000017e-01
1.200798500000000019e-01
1.841026199999999946e-01
1.744640199999999974e-01
2.304351000000000038e-01
2.271664599999999867e-01
1.913887300000000069e-01
1.256017399999999895e-01
9.664100999999999941e-02
7.495058000000000276e-02
6.925349000000000088e-02
7.761245999999999423e-02
7.498211000000000459e-02
7.187156000000000100e-02
8.805580000000000351e-02
1.333784299999999923e-01
1.183978700000000023e-01
1.083359599999999950e-01
1.037706099999999992e-01
1.040528700000000056e-01
9.578535000000000521e-02
7.180103999999999653e-02
7.828962999999999894e-02
7.970929000000000209e-02
8.682130000000000403e-02
8.166840000000000210e-02
7.877947999999999895e-02
9.126302999999999499e-02
8.044922000000000184e-02
8.292289999999999384e-02
8.630772000000000443e-02
8.223611000000000115e-02
5.874866000000000116e-02
