5.356670999999999655e-02
6.597582999999999920e-02
6.650781999999999528e-02
6.751409999999999356e-02
6.725203000000000431e-02
7.015269000000000366e-02
6.463444000000000134e-02
6.482739999999999336e-02
6.404511999999999705e-02
6.691350000000000076e-02
7.032621999999999485e-02
6.534781000000000617e-02
6.616695999999999689e-02
6.876928999999999681e-02
7.139336000000000293e-02
7.525060000000000082e-02
7.294124999999999914e-02
7.690201000000000675e-02
6.860289999999999444e-02
6.332838999999999829e-02
6.456981999999999999e-02
7.366572999999999871e-02
8.337885999999999909e-02
8.089374000000000564e-02
7.705742999999999621e-02
7.999291000000000040e-02
8.576863999999999322e-02
1.063347899999999985e-01
8.511224000000000567e-02
7.271096000000000503e-02
6.659652000000000627e-02
7.542907000000000084e-02
9.983669000000000571e-02
1.447190499999999880e-01
1.442437799999999881e-01
1.708710499999999965e-01
2.022441500000000114e-01
1.788003300000000073e-01
1.722993899999999967e-01
1.253150399999999887e-01
1.025548599999999977e-01
7.347887999999999642e-02
6.784703999999999735e-02
6.795226999999999518e-02
6.643045999999999673e-02
6.681850000000000289e-02
7.054301000000000321e-02
7.221328000000000469e-02
7.727752000000000232e-02
7.565038000000000318e-02
8.125185000000000046e-02
9.261674000000000295e-02
7.245078000000000629e-02
8.563516000000000183e-02
7.984837000000000184e-02
7.826847000000000665e-02
6.857236999999999361e-02
7.763048000000000171e-02
7.282665000000000666e-02
6.774442999999999437e-02
7.621253000000000055e-02
7.770870000000000555e-02
7.853343000000000129e-02
5.603066999999999770e-02
