6.208944000000000268e-02
9.726065000000000405e-02
7.412994000000000527e-02
7.223925999999999958e-02
7.035953999999999819e-02
6.585319000000000589e-02
6.535158000000000633e-02
7.201298000000000421e-02
7.656340000000000368e-02
7.623203000000000618e-02
7.447624999999999384e-02
6.897250000000000603e-02
7.357078999999999702e-02
8.247580000000000189e-02
8.463500000000000190e-02
7.195672000000000179e-02
7.029928000000000565e-02
6.882311000000000678e-02
7.340391999999999750e-02
7.999752999999999725e-02
7.014571000000000001e-02
7.935235999999999679e-02
6.968283000000000116e-02
6.972538000000000347e-02
8.074380999999999919e-02
8.120083000000000162e-02
7.325610999999999928e-02
7.844294000000000266e-02
8.544664999999999899e-02
1.040998600000000024e-01
1.039820899999999992e-01
8.525694000000000328e-02
8.896647000000000582e-02
7.468732000000000149e-02
7.393368000000000162e-02
7.912151000000000600e-02
1.077244499999999994e-01
1.081665299999999968e-01
1.112158599999999997e-01
9.132052000000000225e-02
1.133679999999999966e-01
1.436333499999999930e-01
1.285187600000000097e-01
9.957354999999999678e-02
9.436398999999999482e-02
9.855413000000000368e-02
1.577035800000000099e-01
2.168953700000000040e-01
2.972599599999999898e-01
3.344986099999999740e-01
3.770203899999999830e-01
3.784501900000000196e-01
3.297396599999999900e-01
3.177159999999999984e-01
2.549289499999999875e-01
1.714000400000000035e-01
1.065292099999999992e-01
8.252893999999999508e-02
7.458852000000000537e-02
6.606795000000000029e-02
7.025753999999999333e-02
7.710153000000000145e-02
8.588278000000000578e-02
5.863770000000000093e-02
