5.890158999999999673e-02
6.942929999999999935e-02
6.843556000000000639e-02
7.851547999999999861e-02
8.793397000000000019e-02
8.342636999999999969e-02
8.672660999999999565e-02
7.759177999999999908e-02
6.851976999999999374e-02
6.825670000000000348e-02
9.016788000000000580e-02
7.502456999999999876e-02
8.498194000000000581e-02
8.961196999999999913e-02
8.465343999999999647e-02
9.122407999999999906e-02
8.569520999999999389e-02
1.200619599999999954e-01
1.013800799999999974e-01
8.737657000000000063e-02
7.633629000000000109e-02
7.623435000000000628e-02
8.857262000000000468e-02
1.012475399999999970e-01
8.941910000000000136e-02
8.925887000000000404e-02
8.812752000000000085e-02
1.412449299999999908e-01
1.418079299999999987e-01
1.377895799999999948e-01
1.195215599999999989e-01
8.438466000000000022e-02
9.011748999999999454e-02
1.475405200000000083e-01
1.946330500000000019e-01
2.700867100000000076e-01
3.506422299999999992e-01
3.758123800000000014e-01
3.440490099999999885e-01
2.586159100000000044e-01
1.499088600000000049e-01
1.044559199999999938e-01
8.744979999999999420e-02
8.083845000000000613e-02
7.445253999999999761e-02
7.586476000000000330e-02
8.881355999999999973e-02
1.082139800000000013e-01
9.348874999999999547e-02
1.573339599999999949e-01
1.682243200000000105e-01
2.102378900000000106e-01
1.307634900000000100e-01
1.110628000000000032e-01
8.693298000000000691e-02
1.071819900000000048e-01
1.096247000000000055e-01
1.140998899999999955e-01
8.790383000000000224e-02
8.340535999999999783e-02
1.011720599999999942e-01
1.026977699999999938e-01
1.540420700000000032e-01
6.300988999999999896e-02
