8.054822999999999844e-02
2.752791900000000069e-01
4.464322000000000012e-01
5.487113599999999813e-01
6.055665000000000076e-01
6.293878600000000212e-01
5.839743600000000257e-01
5.238692799999999927e-01
4.446375699999999820e-01
3.726416200000000067e-01
3.505796500000000204e-01
1.850683100000000136e-01
1.437224099999999949e-01
9.080665000000000264e-02
1.050495099999999987e-01
1.073206099999999968e-01
1.239696099999999940e-01
1.624717599999999929e-01
1.969770799999999988e-01
1.784930999999999879e-01
2.072753300000000076e-01
1.850986000000000020e-01
1.182514300000000046e-01
8.886483000000000576e-02
7.411252999999999591e-02
7.909923000000000648e-02
7.368036999999999503e-02
8.221918000000000282e-02
8.470133000000000523e-02
7.763620000000000243e-02
6.857955000000000301e-02
6.676227999999999330e-02
7.349719000000000391e-02
6.915544999999999332e-02
6.691431000000000462e-02
6.932842000000000171e-02
6.576592000000000549e-02
6.839446000000000414e-02
6.982059000000000182e-02
6.953273999999999566e-02
6.338973999999999998e-02
6.790042999999999773e-02
6.602887999999999813e-02
6.757037999999999933e-02
6.656726000000000310e-02
6.818665000000000143e-02
6.747361000000000331e-02
6.885840000000000016e-02
6.556162999999999574e-02
6.575846999999999942e-02
6.495006000000000390e-02
6.637265999999999999e-02
6.745065000000000088e-02
7.377849000000000212e-02
7.618708000000000424e-02
7.131605000000000583e-02
6.950138999999999623e-02
7.197910999999999893e-02
7.707458999999999838e-02
7.145603999999999845e-02
7.759665999999999786e-02
6.617599999999999871e-02
6.873923999999999312e-02
6.094414000000000081e-02
