1.172902200000000006e-01
3.906044699999999814e-01
3.856418699999999977e-01
3.561405500000000002e-01
2.598591100000000043e-01
2.221806299999999901e-01
1.765336399999999917e-01
1.104299499999999989e-01
7.611561000000000021e-02
7.790750999999999926e-02
8.465309999999999502e-02
9.193007999999999735e-02
1.162993400000000010e-01
1.510614000000000123e-01
1.935295599999999894e-01
1.858977099999999938e-01
1.555044499999999885e-01
1.612630600000000136e-01
1.283817299999999995e-01
1.047642299999999999e-01
9.185242999999999880e-02
8.640949000000000546e-02
7.900179000000000229e-02
7.032919999999999450e-02
7.543561999999999490e-02
8.205861000000000405e-02
7.863842000000000054e-02
7.442914000000000474e-02
7.301689000000000096e-02
7.140591999999999773e-02
7.512476999999999350e-02
7.825197999999999876e-02
7.728155000000000441e-02
7.168209999999999860e-02
7.359369999999999801e-02
7.841790999999999345e-02
7.628442000000000556e-02
7.903685000000000571e-02
7.679511999999999450e-02
7.050692000000000070e-02
7.227455000000000684e-02
7.756678999999999657e-02
9.092988000000000459e-02
8.652764999999999762e-02
8.172458999999999973e-02
7.407191000000000469e-02
8.075967000000000562e-02
9.232619000000000242e-02
8.639716000000000062e-02
8.017483999999999722e-02
7.279278999999999611e-02
6.894504999999999384e-02
7.413857000000000086e-02
7.993305000000000549e-02
7.772157000000000371e-02
7.517559000000000047e-02
7.529486000000000512e-02
7.641881999999999842e-02
7.609367000000000214e-02
7.307724999999999638e-02
7.470408000000000603e-02
7.541828000000000420e-02
7.634077999999999697e-02
5.633355999999999780e-02
