5.939698999999999673e-02
1.073294999999999944e-01
8.360418999999999490e-02
7.396764000000000117e-02
6.978131999999999391e-02
6.758142000000000316e-02
6.889697000000000182e-02
7.721466000000000440e-02
9.001333999999999724e-02
7.907975000000000421e-02
7.282283000000000506e-02
6.942410000000000247e-02
8.733364000000000404e-02
1.022707399999999989e-01
9.906666999999999557e-02
7.382176999999999489e-02
6.918035000000000156e-02
6.862335999999999436e-02
8.216919000000000306e-02
9.762774000000000452e-02
7.173335999999999602e-02
7.843638999999999473e-02
7.408607999999999860e-02
8.209995999999999960e-02
1.052514799999999945e-01
9.681468000000000018e-02
8.094241000000000630e-02
8.617945000000000466e-02
1.161953500000000028e-01
1.635059700000000005e-01
1.382240499999999872e-01
7.932825000000000293e-02
7.959368999999999472e-02
8.587163999999999908e-02
9.526036999999999699e-02
9.571124000000000298e-02
1.157358400000000065e-01
1.088488299999999936e-01
1.015439900000000006e-01
1.237783699999999987e-01
1.566175800000000062e-01
1.785045399999999893e-01
1.223783900000000036e-01
8.678088999999999942e-02
9.142976999999999355e-02
1.249872699999999975e-01
2.248139799999999966e-01
2.649693499999999924e-01
3.879230300000000020e-01
4.009993099999999977e-01
4.290936300000000037e-01
4.120475599999999794e-01
3.289556200000000041e-01
3.017779300000000275e-01
1.983911700000000056e-01
1.452925999999999940e-01
8.742806999999999662e-02
7.499962000000000295e-02
7.386176999999999326e-02
7.897290999999999339e-02
8.486559999999999937e-02
9.215254000000000500e-02
9.809991999999999324e-02
6.424680000000000668e-02
