5.297512000000000054e-02
6.639865000000000350e-02
6.531198000000000559e-02
6.509226999999999375e-02
6.688882000000000161e-02
6.719783000000000006e-02
6.575400000000000689e-02
6.512614999999999377e-02
6.563420999999999839e-02
6.757304999999999562e-02
6.928243000000000595e-02
6.887670999999999377e-02
6.664647999999999406e-02
6.916202000000000460e-02
6.844364000000000003e-02
6.850095000000000489e-02
6.776000000000000079e-02
6.496504999999999641e-02
6.404824000000000628e-02
6.413460999999999468e-02
6.545602999999999838e-02
6.653362999999999639e-02
6.666824999999999835e-02
6.584126999999999341e-02
6.672060000000000490e-02
7.013083000000000511e-02
7.189054999999999751e-02
6.995832999999999913e-02
6.738454000000000665e-02
6.521143000000000078e-02
6.589029000000000413e-02
6.784967000000000081e-02
7.180857999999999686e-02
7.312198999999999782e-02
6.928127000000000590e-02
7.093776999999999722e-02
7.207202000000000053e-02
7.722629999999999773e-02
7.300025999999999737e-02
6.903990000000000127e-02
6.813049000000000188e-02
7.343819000000000041e-02
8.738385999999999376e-02
9.807623999999999509e-02
1.076113999999999959e-01
1.347603099999999943e-01
1.571575400000000122e-01
1.520633500000000138e-01
1.428190900000000096e-01
1.171204099999999942e-01
1.181197100000000028e-01
1.092766299999999996e-01
8.360405999999999394e-02
7.316807999999999645e-02
7.096241000000000354e-02
7.119659000000000404e-02
7.577976999999999630e-02
7.746701000000000281e-02
9.007684000000000524e-02
1.072590399999999999e-01
1.168616700000000008e-01
1.060782700000000023e-01
9.377024999999999944e-02
6.136511000000000049e-02
