6.453594999999999471e-02
8.082061999999999580e-02
6.969256000000000062e-02
6.679127999999999454e-02
7.245298999999999490e-02
7.434683000000000264e-02
6.881265000000000298e-02
6.831397999999999637e-02
7.513640000000000596e-02
6.636844000000000077e-02
6.959278000000000686e-02
6.895661000000000151e-02
7.806316000000000643e-02
8.947729000000000099e-02
8.033883999999999470e-02
6.532892999999999339e-02
6.672870000000000190e-02
6.583459999999999313e-02
6.750533999999999701e-02
7.986596999999999447e-02
6.510414999999999952e-02
7.088867999999999558e-02
7.439403999999999462e-02
8.551585999999999910e-02
9.201758000000000159e-02
1.003386599999999962e-01
7.299323000000000616e-02
7.962308999999999359e-02
7.992420000000000080e-02
1.178446100000000024e-01
8.920617999999999603e-02
6.887878999999999530e-02
7.599868999999999375e-02
7.936226999999999865e-02
8.833586999999999689e-02
8.260262999999999634e-02
8.238995000000000346e-02
8.934878999999999738e-02
8.810642999999999947e-02
1.057035199999999953e-01
1.320890899999999923e-01
1.399411399999999916e-01
9.327488000000000445e-02
7.521281000000000494e-02
1.253205099999999961e-01
1.886490000000000111e-01
2.477453900000000098e-01
2.721502199999999982e-01
3.056462099999999737e-01
2.718007299999999904e-01
2.531089200000000150e-01
2.391773600000000055e-01
1.390091200000000138e-01
1.224268000000000023e-01
8.318570999999999604e-02
7.669850000000000279e-02
8.797035000000000271e-02
6.876290999999999654e-02
7.370471000000000661e-02
1.146011700000000022e-01
1.369147400000000070e-01
1.183306199999999975e-01
1.049876099999999951e-01
5.895253000000000299e-02
