9.466196000000000332e-02
4.060495800000000211e-01
3.532861199999999813e-01
2.921827399999999963e-01
2.002079300000000062e-01
1.665823200000000059e-01
1.486288199999999948e-01
1.019046499999999994e-01
7.277666000000000690e-02
7.649915999999999661e-02
8.433833999999999775e-02
8.564784000000000286e-02
1.047719800000000007e-01
1.327800799999999948e-01
1.680567599999999995e-01
1.535363800000000001e-01
1.301470000000000127e-01
1.222307900000000058e-01
1.042615199999999964e-01
8.383305000000000617e-02
8.056319000000000674e-02
7.521263999999999728e-02
7.082291999999999754e-02
6.706051999999999846e-02
7.268357999999999763e-02
8.352178000000000380e-02
7.661661000000000166e-02
7.531303999999999776e-02
7.393772999999999318e-02
7.447265999999999608e-02
7.608083999999999680e-02
8.215330999999999328e-02
7.920528000000000290e-02
7.414595999999999687e-02
7.485893000000000408e-02
7.783133000000000412e-02
7.566538000000000430e-02
7.909431999999999574e-02
7.441039000000000680e-02
7.280195000000000416e-02
7.582033000000000522e-02
7.496684000000000681e-02
9.112800999999999541e-02
8.314968999999999832e-02
9.022541000000000588e-02
7.774477000000000471e-02
8.756144999999999901e-02
1.014565699999999959e-01
8.703740999999999561e-02
7.869800999999999880e-02
7.359923999999999633e-02
7.125022999999999773e-02
7.365136999999999379e-02
8.362287000000000192e-02
8.076144000000000378e-02
7.691016999999999992e-02
7.577280000000000126e-02
8.060180000000000122e-02
8.078604999999999814e-02
7.642127999999999421e-02
7.625521000000000382e-02
7.809560000000000113e-02
7.341282999999999836e-02
5.873327999999999882e-02
