5.640442999999999846e-02
8.068398000000000236e-02
8.524824999999999764e-02
8.263014000000000470e-02
8.207765000000000200e-02
9.176017000000000201e-02
8.163736000000000603e-02
6.979177999999999771e-02
6.830835000000000379e-02
7.295116000000000100e-02
7.464105999999999519e-02
9.700345000000000495e-02
1.330459400000000014e-01
1.472714800000000102e-01
1.444938500000000070e-01
1.638842399999999866e-01
1.586298200000000047e-01
1.482234900000000133e-01
1.129494100000000001e-01
8.424576000000000287e-02
7.422736000000000611e-02
7.069324000000000441e-02
6.999929000000000567e-02
7.196779999999999844e-02
7.730552000000000257e-02
7.458800999999999626e-02
9.280866000000000116e-02
9.813908999999999827e-02
8.686417000000000443e-02
9.049912999999999708e-02
8.700819999999999388e-02
7.239080000000000514e-02
7.401939000000000435e-02
7.623712000000000544e-02
7.064929000000000348e-02
7.535940000000000694e-02
7.533868999999999982e-02
6.750897000000000148e-02
6.837574000000000429e-02
7.114262999999999837e-02
7.121196000000000470e-02
6.580365000000000519e-02
6.647298000000000096e-02
6.886478999999999517e-02
6.782288000000000205e-02
6.826783000000000157e-02
6.684167000000000580e-02
7.348343999999999709e-02
7.260985999999999829e-02
8.010868999999999629e-02
8.253567000000000542e-02
7.118177000000000532e-02
6.634273000000000253e-02
6.643541000000000030e-02
6.901100999999999763e-02
7.373865999999999754e-02
7.642160000000000619e-02
7.233448000000000655e-02
7.347792999999999686e-02
7.015714000000000672e-02
6.634088999999999958e-02
6.588911000000000073e-02
6.521554000000000240e-02
5.868264000000000119e-02
