5.554297999999999874e-02
6.607412999999999481e-02
6.496103000000000294e-02
6.571385999999999894e-02
6.967064000000000590e-02
6.912785000000000457e-02
6.707275999999999516e-02
6.379519000000000162e-02
6.566225000000000533e-02
6.526289999999999869e-02
6.830276000000000403e-02
6.771626999999999508e-02
6.919234999999999969e-02
7.072733000000000492e-02
6.810048000000000490e-02
7.075599999999999945e-02
7.229724999999999346e-02
6.640872000000000441e-02
6.592765000000000430e-02
6.818586000000000091e-02
6.538987999999999745e-02
6.707660000000000011e-02
7.198247000000000673e-02
7.113521000000000427e-02
7.524461999999999817e-02
7.923573000000000421e-02
7.313891999999999616e-02
7.766860999999999904e-02
7.497323000000000182e-02
8.109320999999999890e-02
7.282138000000000500e-02
6.784724000000000310e-02
7.163153999999999355e-02
7.577876000000000056e-02
7.746949999999999670e-02
7.738330000000000208e-02
7.849820999999999882e-02
8.740876000000000201e-02
1.012381100000000062e-01
9.483929000000000664e-02
8.977528999999999371e-02
7.566718000000000055e-02
7.012419000000000291e-02
7.794228999999999741e-02
1.030202499999999938e-01
1.473296699999999959e-01
1.817702200000000101e-01
1.921703100000000108e-01
1.954466699999999890e-01
1.537196600000000080e-01
1.456056699999999926e-01
1.416952599999999896e-01
9.979834999999999401e-02
1.019615799999999961e-01
7.085262000000000504e-02
6.952556000000000014e-02
7.320000000000000118e-02
7.121494000000000435e-02
7.518178000000000361e-02
7.324619999999999742e-02
7.968688999999999634e-02
7.624179000000000372e-02
7.705030999999999686e-02
5.656328000000000050e-02
