8.242167999999999717e-02
1.558564000000000060e-01
1.123384199999999944e-01
8.238744000000000622e-02
8.393643000000000631e-02
8.772396000000000360e-02
1.381463300000000116e-01
2.669865799999999734e-01
3.374952700000000139e-01
3.941413799999999856e-01
4.130050499999999847e-01
3.913266400000000034e-01
3.772028700000000234e-01
3.250921700000000136e-01
2.015703899999999882e-01
1.389456799999999881e-01
1.111725300000000055e-01
7.823934999999999917e-02
7.605114999999999792e-02
8.483203000000000271e-02
8.418013000000000579e-02
8.502616999999999814e-02
1.051980099999999946e-01
1.181660600000000033e-01
1.592177200000000070e-01
1.602139300000000044e-01
1.178358099999999992e-01
7.692209999999999326e-02
7.942485000000000517e-02
7.813153000000000459e-02
8.901736000000000371e-02
9.075239000000000222e-02
8.788688999999999529e-02
9.509908000000000250e-02
9.545141000000000042e-02
9.028298999999999352e-02
8.295305000000000040e-02
8.396997000000000488e-02
8.386989999999999723e-02
8.190221999999999780e-02
7.649880000000000568e-02
7.957930000000000559e-02
7.483908999999999700e-02
7.805533000000000610e-02
8.149546000000000567e-02
8.431452000000000391e-02
8.176743000000000205e-02
7.712344999999999617e-02
7.389244000000000367e-02
7.451736999999999944e-02
9.274907000000000290e-02
9.839544999999999542e-02
9.109364999999999823e-02
7.334006999999999332e-02
6.923461999999999672e-02
8.082375999999999450e-02
8.189441999999999555e-02
7.764846999999999722e-02
9.023335999999999857e-02
8.619936999999999738e-02
8.015163999999999622e-02
8.273076000000000041e-02
6.890021999999999813e-02
5.985535000000000161e-02
