5.682352999999999710e-02
6.952896999999999550e-02
7.122291999999999512e-02
7.213160000000000405e-02
7.379322000000000659e-02
7.493613000000000357e-02
6.619753999999999916e-02
7.009374000000000160e-02
7.457324999999999371e-02
7.133096999999999355e-02
7.697991999999999335e-02
7.826086999999999627e-02
7.190485000000000626e-02
7.051902000000000170e-02
7.143633000000000621e-02
7.179887999999999548e-02
7.179193999999999853e-02
7.091342000000000478e-02
7.394517999999999924e-02
8.341136999999999857e-02
9.124485000000000234e-02
8.853445999999999538e-02
8.518842000000000081e-02
6.828024000000000593e-02
6.714185000000000292e-02
7.038447000000000453e-02
7.414022000000000667e-02
7.692003000000000035e-02
7.217199000000000531e-02
7.114426999999999557e-02
7.666190999999999978e-02
8.984427999999999859e-02
9.937034999999999618e-02
7.610675000000000079e-02
7.077352000000000642e-02
7.923634000000000233e-02
1.106357200000000068e-01
1.596345000000000125e-01
2.448482100000000106e-01
2.240575399999999995e-01
1.907706000000000124e-01
1.753907899999999909e-01
1.451063499999999951e-01
1.064718699999999962e-01
7.766504000000000463e-02
6.899859999999999327e-02
6.589356999999999853e-02
6.898888000000000242e-02
7.468814000000000008e-02
7.104085000000000261e-02
8.024207999999999341e-02
8.903595999999999733e-02
1.039831999999999979e-01
1.157107299999999978e-01
9.932720999999999911e-02
1.037784399999999996e-01
9.595547999999999578e-02
7.542699999999999405e-02
7.971116000000000312e-02
8.537427000000000210e-02
7.538635000000000475e-02
7.686967000000000105e-02
7.801334000000000046e-02
5.681193999999999827e-02
