5.123831000000000219e-02
7.138044999999999807e-02
7.503065000000000428e-02
8.670498000000000094e-02
8.973889999999999645e-02
9.420636000000000287e-02
7.517909000000000397e-02
8.160187000000000690e-02
9.726703000000000432e-02
1.056063599999999963e-01
1.117344299999999957e-01
9.908232000000000150e-02
6.736275999999999375e-02
6.750577000000000660e-02
7.557961000000000540e-02
1.186693399999999982e-01
1.535872699999999980e-01
1.636943800000000004e-01
2.176878200000000041e-01
2.473278799999999999e-01
2.512965500000000074e-01
1.998589600000000022e-01
1.473285099999999959e-01
1.149981100000000006e-01
7.598311000000000648e-02
6.854891000000000456e-02
6.768831000000000153e-02
6.715248999999999524e-02
7.479729000000000239e-02
8.411058999999999897e-02
8.870872999999999953e-02
1.014315600000000039e-01
1.156860700000000020e-01
1.030190099999999942e-01
9.514978999999999798e-02
7.845278999999999447e-02
6.995049999999999879e-02
7.961198999999999359e-02
7.663013999999999937e-02
7.495448999999999862e-02
7.477999000000000451e-02
7.009477000000000069e-02
7.796039999999999914e-02
7.645773999999999626e-02
6.851728999999999459e-02
6.515630999999999506e-02
6.642678000000000471e-02
6.597063999999999706e-02
6.585791000000000561e-02
6.867932999999999677e-02
7.022153000000000422e-02
7.751075999999999799e-02
7.430238000000000120e-02
7.201311000000000517e-02
7.472254000000000396e-02
7.080880999999999981e-02
6.977911000000000530e-02
7.003426999999999569e-02
6.599457999999999713e-02
6.882407000000000108e-02
6.838458999999999510e-02
7.813151000000000124e-02
6.973648000000000347e-02
5.445335999999999926e-02
