8.861249999999999682e-02
1.984560200000000108e-01
2.458476900000000076e-01
1.912799299999999869e-01
2.078014800000000106e-01
2.041520900000000083e-01
1.231424099999999938e-01
1.008388499999999938e-01
1.311481899999999978e-01
3.547197000000000267e-01
3.923347300000000204e-01
5.133254499999999609e-01
5.939517600000000508e-01
6.297839299999999918e-01
5.687673100000000259e-01
5.253015800000000457e-01
4.644900900000000221e-01
2.969745100000000249e-01
1.662634000000000056e-01
7.499579000000000661e-02
8.167776999999999676e-02
8.466556999999999555e-02
9.216654000000000513e-02
1.397902400000000100e-01
1.976742400000000011e-01
2.034302400000000122e-01
2.139109800000000006e-01
2.118964899999999929e-01
1.536451400000000134e-01
9.079595999999999500e-02
1.055342900000000028e-01
1.162496999999999975e-01
1.077548200000000012e-01
1.316041199999999911e-01
1.236178700000000047e-01
1.263156500000000015e-01
1.137268599999999991e-01
8.133753000000000510e-02
8.587132000000000098e-02
8.635218000000000060e-02
8.276972999999999969e-02
7.678422000000000025e-02
7.091359999999999331e-02
7.396684000000000592e-02
7.775469999999999604e-02
8.591409999999999325e-02
9.234746000000000621e-02
9.353764000000000522e-02
9.939439999999999387e-02
8.375137000000000553e-02
8.193569000000000546e-02
7.836529999999999885e-02
8.428576000000000124e-02
8.617635999999999352e-02
8.295473000000000430e-02
7.993031000000000441e-02
7.271392000000000133e-02
6.953204000000000329e-02
7.255010000000000625e-02
8.200005000000000488e-02
9.308665000000000689e-02
8.852401999999999493e-02
7.390818000000000387e-02
6.208591000000000110e-02
