5.622818000000000260e-02
6.863875999999999311e-02
6.670959999999999390e-02
6.409033999999999565e-02
6.665981999999999463e-02
6.789815000000000433e-02
6.872738999999999931e-02
7.139913999999999983e-02
7.274084999999999579e-02
7.220152999999999988e-02
6.909220000000000639e-02
6.596048999999999662e-02
6.591531000000000473e-02
6.735360999999999432e-02
7.024666000000000243e-02
7.479943000000000008e-02
6.986583999999999850e-02
6.470608999999999389e-02
6.377976999999999952e-02
6.768277000000000321e-02
6.978763999999999801e-02
7.647241999999999928e-02
7.631507999999999348e-02
6.967653000000000041e-02
6.806060999999999361e-02
7.159308000000000338e-02
7.333971000000000240e-02
7.132223000000000035e-02
6.995431000000000565e-02
6.572229999999999739e-02
6.708564000000000194e-02
6.867570000000000618e-02
7.119346000000000008e-02
6.934348999999999374e-02
6.722904999999999853e-02
7.041392000000000484e-02
7.286615999999999926e-02
8.120681000000000427e-02
7.151733000000000395e-02
6.702980000000000049e-02
6.635449999999999682e-02
6.972021000000000468e-02
7.624603000000000630e-02
7.967153000000000429e-02
7.807703000000000559e-02
7.777721999999999414e-02
8.003454999999999597e-02
8.440822000000000602e-02
7.821016999999999553e-02
7.239131999999999512e-02
6.908155000000000545e-02
6.934062000000000558e-02
6.678613999999999384e-02
7.037733999999999657e-02
9.616626999999999814e-02
1.066979299999999964e-01
1.208070400000000044e-01
1.186881999999999937e-01
1.308794199999999963e-01
1.287128499999999898e-01
1.114615899999999993e-01
1.172861999999999932e-01
9.663262999999999714e-02
5.480246999999999896e-02
