7.040644000000000069e-02
1.328395800000000126e-01
1.464140899999999967e-01
1.456252799999999958e-01
1.291926399999999975e-01
1.315647100000000014e-01
1.200860200000000017e-01
9.852450999999999570e-02
8.369735999999999843e-02
7.377599999999999436e-02
7.011659000000000641e-02
6.529886000000000024e-02
6.687985999999999931e-02
7.023585999999999718e-02
6.867629000000000095e-02
7.309978000000000309e-02
7.837993999999999517e-02
8.758469000000000670e-02
8.350694999999999646e-02
7.588609000000000326e-02
7.227203000000000099e-02
7.073524000000000478e-02
6.936847999999999625e-02
6.986127000000000309e-02
7.466154999999999320e-02
7.667926999999999382e-02
7.111926000000000359e-02
6.909532999999999647e-02
6.910373000000000210e-02
7.278948000000000362e-02
6.987200000000000355e-02
7.609195000000000542e-02
7.266612000000000071e-02
6.819184999999999830e-02
6.750775000000000525e-02
6.897472999999999799e-02
6.873529000000000444e-02
7.161578999999999862e-02
7.412024000000000390e-02
7.065702000000000094e-02
6.828513999999999418e-02
6.978974000000000288e-02
8.128623999999999572e-02
8.432567000000000534e-02
8.779325000000000323e-02
7.116508000000000556e-02
6.753386999999999585e-02
7.329784000000000299e-02
7.188585000000000114e-02
7.325444000000000400e-02
7.192405999999999799e-02
6.873045999999999323e-02
6.573948999999999765e-02
6.588091000000000086e-02
6.967039999999999345e-02
7.159250000000000336e-02
7.229438000000000530e-02
7.056271999999999545e-02
7.315465000000000162e-02
6.862901999999999891e-02
6.737255000000000327e-02
6.924858999999999876e-02
6.369611999999999497e-02
5.434404000000000318e-02
