5.494674000000000086e-02
7.583465999999999818e-02
6.881263999999999437e-02
7.120037999999999367e-02
6.948443999999999454e-02
6.790210000000000690e-02
6.393469999999999709e-02
6.560130000000000128e-02
6.740522999999999654e-02
7.107492999999999450e-02
7.187665000000000026e-02
6.919894999999999519e-02
6.847457999999999323e-02
6.981273000000000339e-02
7.145537000000000416e-02
6.871491000000000404e-02
7.159347000000000627e-02
6.894327000000000094e-02
6.713199000000000249e-02
6.622480999999999507e-02
6.792831000000000563e-02
7.449838000000000293e-02
7.135837999999999903e-02
6.740920000000000245e-02
6.767992999999999926e-02
6.681246000000000407e-02
7.176641000000000270e-02
7.521471999999999880e-02
7.848810000000000509e-02
7.335962999999999512e-02
8.051342999999999694e-02
7.699617000000000266e-02
7.927260999999999336e-02
7.462816999999999368e-02
7.092879000000000544e-02
7.094635999999999998e-02
7.976323000000000440e-02
8.440511000000000541e-02
9.037206000000000405e-02
7.651410000000000156e-02
7.271687999999999763e-02
8.843948999999999561e-02
9.042585999999999680e-02
9.019729999999999415e-02
8.431764999999999399e-02
7.609486999999999501e-02
8.332254000000000049e-02
9.666183000000000414e-02
1.318201300000000076e-01
1.769910600000000056e-01
2.091837800000000136e-01
2.018149899999999997e-01
2.048259799999999908e-01
2.116760000000000030e-01
1.955916600000000005e-01
1.370401099999999928e-01
1.152619299999999986e-01
9.035300999999999749e-02
8.355092999999999548e-02
6.919095999999999580e-02
7.003289999999999516e-02
6.898390999999999551e-02
7.226306999999999869e-02
5.624614000000000003e-02
