6.336503999999999748e-02
9.253532999999999897e-02
7.534491000000000105e-02
8.068002000000000506e-02
6.851280999999999344e-02
7.279616999999999338e-02
7.460326000000000457e-02
8.259191000000000449e-02
7.713841999999999921e-02
7.034455000000000569e-02
6.961617999999999973e-02
6.413613999999999427e-02
7.081044000000000227e-02
7.604241000000000472e-02
7.382476000000000316e-02
7.060415000000000441e-02
7.187105000000000576e-02
8.376311000000000173e-02
9.303340000000000221e-02
1.124873599999999946e-01
1.162585500000000022e-01
8.638015000000000276e-02
7.455834999999999546e-02
7.416596000000000299e-02
9.187560999999999645e-02
9.635193000000000230e-02
8.150947999999999527e-02
8.712640000000000662e-02
9.318840000000000456e-02
1.031352999999999992e-01
1.303527999999999909e-01
1.266988099999999950e-01
9.956766999999999701e-02
9.293178000000000549e-02
1.087115000000000026e-01
1.792132399999999959e-01
2.321924900000000014e-01
3.124446599999999852e-01
3.984461699999999884e-01
3.363702900000000162e-01
2.479415199999999986e-01
1.891722799999999982e-01
1.264278400000000135e-01
9.537685999999999387e-02
7.116907000000000094e-02
7.073796000000000250e-02
7.734865999999999964e-02
9.017880000000000340e-02
9.286357000000000639e-02
1.273822300000000129e-01
1.558794400000000080e-01
2.012388099999999902e-01
1.698454199999999970e-01
1.399709700000000001e-01
1.046234100000000000e-01
8.187690000000000246e-02
9.113034000000000412e-02
9.135242999999999836e-02
8.137572999999999335e-02
8.809369999999999701e-02
8.876396000000000286e-02
9.090254999999999863e-02
1.228227100000000016e-01
5.783179000000000097e-02
