5.477034000000000069e-02
9.221622000000000152e-02
7.191087999999999647e-02
7.008604000000000223e-02
7.067605000000000415e-02
7.342901000000000289e-02
6.867465999999999848e-02
7.834087000000000689e-02
9.002723999999999449e-02
7.510129999999999584e-02
6.914405999999999330e-02
7.119989999999999652e-02
8.103040000000000243e-02
9.596182000000000323e-02
9.368806999999999829e-02
6.769714999999999760e-02
6.877321999999999602e-02
6.673009000000000579e-02
8.584176999999999780e-02
9.609292999999999307e-02
7.012588000000000155e-02
7.537667000000000672e-02
7.652180999999999567e-02
8.927704000000000195e-02
1.120242500000000058e-01
9.842779000000000111e-02
7.513651999999999831e-02
8.240912000000000237e-02
8.781292999999999738e-02
1.321371000000000073e-01
1.066611999999999977e-01
7.141674000000000633e-02
7.307963000000000653e-02
7.383782999999999319e-02
8.343884000000000023e-02
1.137718399999999991e-01
1.265609099999999987e-01
1.273438899999999874e-01
1.188421999999999951e-01
1.194173199999999935e-01
1.565371999999999875e-01
1.500288700000000086e-01
9.066623999999999517e-02
8.878640000000000143e-02
1.182708400000000021e-01
1.779430399999999968e-01
3.206735600000000241e-01
3.538219599999999909e-01
3.847133500000000095e-01
3.647702899999999970e-01
3.515459599999999907e-01
3.450895500000000227e-01
2.499540199999999990e-01
2.094507399999999964e-01
1.362569499999999878e-01
9.528712000000000293e-02
7.471055999999999531e-02
7.659852999999999801e-02
8.077721000000000207e-02
9.243698000000000192e-02
1.025626599999999999e-01
9.917686000000000557e-02
1.129391599999999968e-01
6.101768999999999943e-02
