5.588165999999999967e-02
7.522125999999999812e-02
6.929430000000000311e-02
6.751920999999999617e-02
6.561340999999999701e-02
6.835753999999999442e-02
6.608709999999999585e-02
6.818630000000000524e-02
6.682768000000000042e-02
6.940084000000000530e-02
6.929652999999999508e-02
6.613167999999999824e-02
6.591861000000000248e-02
6.934134999999999605e-02
7.297961000000000031e-02
7.250463000000000047e-02
6.804401000000000199e-02
6.641895999999999911e-02
6.618098999999999510e-02
6.824853000000000169e-02
6.790809000000000428e-02
6.697293999999999470e-02
7.046183000000000307e-02
7.495511000000000534e-02
7.839923000000000031e-02
8.441650000000000542e-02
8.365382000000000373e-02
6.906310999999999700e-02
6.803945000000000132e-02
6.737398999999999472e-02
7.196102000000000054e-02
7.758676000000000461e-02
8.705032999999999521e-02
8.594559999999999700e-02
8.659580999999999529e-02
9.106448000000000320e-02
8.590633000000000297e-02
8.667652000000000689e-02
8.041379999999999362e-02
7.297496000000000538e-02
7.568537999999999655e-02
9.788787999999999656e-02
1.555421399999999954e-01
1.869968899999999989e-01
2.128015299999999888e-01
2.180011900000000113e-01
2.101614800000000116e-01
1.815654499999999894e-01
1.445458500000000035e-01
9.426594000000000639e-02
7.588822000000000623e-02
7.365755000000000219e-02
6.812189000000000438e-02
6.900349000000000066e-02
8.236356999999999706e-02
7.879455000000000486e-02
7.535830999999999780e-02
8.180400999999999645e-02
7.863153999999999977e-02
9.115268999999999455e-02
8.574924000000000435e-02
8.329949999999999855e-02
7.429267999999999983e-02
5.571361999999999842e-02
