5.552291000000000171e-02
7.043628000000000389e-02
7.121212000000000375e-02
8.530290000000000095e-02
9.483732000000000273e-02
1.096385899999999941e-01
8.659917999999999783e-02
9.786683000000000188e-02
1.450602000000000003e-01
1.452636900000000009e-01
1.690991799999999878e-01
1.379917900000000031e-01
9.756861000000000006e-02
7.099234000000000100e-02
8.324531999999999765e-02
1.133648800000000012e-01
1.939933899999999878e-01
2.202307599999999976e-01
2.938729500000000217e-01
3.445807699999999807e-01
3.439514900000000264e-01
2.976137999999999839e-01
2.137598500000000012e-01
1.736667000000000072e-01
8.327323999999999837e-02
7.218383999999999912e-02
7.049858000000000513e-02
7.202031000000000405e-02
8.268296999999999453e-02
1.192901299999999942e-01
1.161215800000000020e-01
1.085983400000000015e-01
1.355766999999999944e-01
1.293344800000000017e-01
1.137814699999999957e-01
7.913702999999999710e-02
7.258311000000000623e-02
7.843661000000000383e-02
8.062142999999999393e-02
9.090818999999999983e-02
7.668395999999999546e-02
7.576861999999999486e-02
8.077365000000000239e-02
7.671909999999999841e-02
7.057360999999999496e-02
6.837646999999999475e-02
7.078697000000000461e-02
7.345106999999999331e-02
6.749779999999999669e-02
7.119590000000000640e-02
7.560994000000000048e-02
8.652622999999999565e-02
9.147231999999999585e-02
9.460082000000000213e-02
7.974520000000000219e-02
7.724483999999999517e-02
7.204581000000000179e-02
7.168194999999999428e-02
7.086609000000000658e-02
6.942977999999999650e-02
7.942654999999999854e-02
8.640538000000000385e-02
7.677388999999999741e-02
5.732115000000000127e-02
