5.880393999999999899e-02
8.699548000000000003e-02
7.086507999999999696e-02
7.543511999999999440e-02
7.134661000000000475e-02
7.230586999999999431e-02
8.161635999999999891e-02
7.602443000000000395e-02
7.540916000000000285e-02
6.910331999999999586e-02
7.678927000000000669e-02
8.111377000000000170e-02
9.283444000000000418e-02
1.132185500000000011e-01
1.250531699999999913e-01
1.021909500000000026e-01
7.052202000000000470e-02
6.966443999999999415e-02
7.453514999999999446e-02
7.392994999999999428e-02
7.905049999999999577e-02
7.140022999999999509e-02
9.417291999999999330e-02
1.257833700000000055e-01
1.127788299999999966e-01
1.021459499999999992e-01
1.008877200000000002e-01
8.532594000000000289e-02
8.161295999999999828e-02
1.576742100000000091e-01
2.180261300000000124e-01
3.296488200000000091e-01
3.145387800000000178e-01
3.949751899999999760e-01
2.479088499999999862e-01
2.501409399999999783e-01
2.397808600000000123e-01
1.165350200000000030e-01
1.056557300000000033e-01
7.778092999999999813e-02
9.432393999999999501e-02
1.571558399999999911e-01
9.456863999999999548e-02
1.550042199999999981e-01
1.130067000000000016e-01
1.636115900000000012e-01
1.156859499999999957e-01
1.251037899999999925e-01
1.077726999999999991e-01
7.160026999999999364e-02
7.439772999999999525e-02
6.892160999999999427e-02
7.999557999999999669e-02
7.858300999999999481e-02
1.082968500000000001e-01
9.032748999999999640e-02
1.025898499999999963e-01
8.070210999999999357e-02
8.734369000000000161e-02
8.209964000000000151e-02
7.983869000000000382e-02
8.145476000000000105e-02
8.012062000000000350e-02
5.768658000000000119e-02
