5.610455000000000303e-02
7.661078999999999806e-02
7.914005000000000345e-02
8.791364000000000123e-02
7.548159999999999592e-02
7.481053999999999482e-02
6.624589999999999645e-02
6.548191000000000428e-02
6.839676999999999563e-02
7.403751999999999556e-02
9.167817999999999801e-02
6.783902999999999461e-02
7.110064000000000661e-02
8.157171000000000560e-02
8.988646999999999609e-02
1.047484899999999997e-01
8.491854000000000069e-02
8.465794000000000097e-02
6.775425000000000197e-02
7.289724000000000204e-02
7.591222999999999721e-02
7.738283999999999441e-02
9.354313000000000211e-02
9.018236000000000308e-02
8.435410999999999604e-02
1.040198100000000042e-01
1.313311199999999956e-01
1.422634999999999872e-01
9.228735000000000410e-02
7.102643000000000151e-02
9.201734000000000302e-02
1.357719699999999918e-01
1.626368599999999942e-01
2.763207599999999986e-01
2.539561100000000127e-01
2.808712999999999904e-01
2.831815200000000199e-01
2.318124599999999980e-01
1.684232200000000124e-01
1.258134200000000091e-01
7.886548999999999643e-02
7.881298999999999944e-02
7.922996999999999679e-02
7.627512999999999654e-02
7.914010000000000489e-02
1.007881399999999983e-01
1.163711099999999998e-01
1.299532700000000096e-01
1.027856099999999995e-01
1.073550600000000022e-01
9.199408000000000585e-02
8.613974000000000630e-02
7.191240000000000132e-02
8.018946999999999881e-02
9.303366999999999887e-02
1.044760200000000028e-01
9.596772000000000635e-02
1.013909999999999950e-01
1.018864899999999962e-01
7.752763000000000015e-02
8.519804000000000266e-02
9.512173999999999630e-02
7.015820999999999863e-02
5.841509999999999758e-02
