5.943189000000000111e-02
9.032439000000000440e-02
1.057460100000000014e-01
9.728960000000000385e-02
1.099008900000000011e-01
1.374672399999999906e-01
1.322309999999999874e-01
1.101599600000000012e-01
9.371759999999999813e-02
6.956118999999999497e-02
7.266124000000000194e-02
9.428857999999999684e-02
1.521585000000000021e-01
2.148581400000000030e-01
2.311740200000000078e-01
2.762100399999999900e-01
2.940524500000000208e-01
2.170799399999999990e-01
1.727869200000000105e-01
1.273305600000000093e-01
9.699098999999999915e-02
7.740745999999999738e-02
7.184985000000000677e-02
6.608672000000000157e-02
6.826057000000000652e-02
7.060893999999999504e-02
7.492028000000000576e-02
8.421233000000000191e-02
8.195049000000000083e-02
9.307398000000000060e-02
9.089704999999999313e-02
7.811635000000000106e-02
7.312905999999999573e-02
6.885555000000000148e-02
6.906555000000000333e-02
6.947266000000000552e-02
6.816619999999999624e-02
6.640438999999999370e-02
6.685491999999999824e-02
6.522994999999999488e-02
6.446037999999999768e-02
6.472144000000000508e-02
6.554282000000000163e-02
6.522237999999999647e-02
6.375506999999999702e-02
6.559489999999999765e-02
6.546564000000000549e-02
6.657710000000000017e-02
6.489954000000000556e-02
6.547509999999999442e-02
6.762832000000000565e-02
6.785668000000000255e-02
6.762384999999999924e-02
6.618290999999999757e-02
6.512284000000000128e-02
6.574766999999999417e-02
6.484813999999999856e-02
6.514950999999999381e-02
6.631175000000000264e-02
6.496335999999999777e-02
6.475508000000000652e-02
6.478688999999999976e-02
6.437149999999999817e-02
5.313497999999999832e-02
