5.944859999999999728e-02
8.029632999999999909e-02
8.662409000000000081e-02
8.027966999999999742e-02
7.525495000000000101e-02
7.489331000000000460e-02
7.107233000000000300e-02
6.857594000000000189e-02
6.789019999999999777e-02
7.943888999999999811e-02
8.522551999999999905e-02
8.014351999999999587e-02
7.041775000000000118e-02
7.566312999999999511e-02
8.329383999999999399e-02
9.618767000000000289e-02
8.585800000000000376e-02
6.995437000000000183e-02
6.373067999999999789e-02
6.762555000000000649e-02
7.136257999999999491e-02
7.034063999999999595e-02
7.522191000000000294e-02
7.384551000000000309e-02
8.532272000000000467e-02
9.743469999999999909e-02
1.047702400000000006e-01
9.939541999999999822e-02
8.499977999999999700e-02
7.346756000000000120e-02
7.014731000000000438e-02
7.292200999999999544e-02
8.621109000000000411e-02
8.678613000000000299e-02
8.004421000000000452e-02
8.783001000000000003e-02
9.382722999999999758e-02
9.923450000000000326e-02
9.292641000000000095e-02
7.646983000000000252e-02
6.944395000000000429e-02
6.847290999999999794e-02
8.895753000000000688e-02
1.055537099999999950e-01
1.251401600000000003e-01
1.340630399999999944e-01
1.574480500000000061e-01
1.795313699999999957e-01
1.900339699999999965e-01
1.632131599999999960e-01
1.229905899999999969e-01
1.158438100000000054e-01
7.179771000000000070e-02
6.816371999999999709e-02
8.016684999999999783e-02
7.106838999999999518e-02
7.203178999999999832e-02
7.718975000000000142e-02
8.368733999999999895e-02
1.140633999999999953e-01
1.384898099999999910e-01
1.111385700000000060e-01
9.703554999999999819e-02
6.291947999999999985e-02
