5.260056999999999927e-02
7.956291999999999531e-02
8.377721000000000473e-02
8.285657000000000438e-02
8.078014999999999501e-02
1.034895700000000029e-01
1.022673699999999963e-01
9.845610999999999946e-02
1.035265900000000017e-01
1.186753499999999989e-01
1.089574100000000045e-01
8.282412999999999581e-02
7.148094000000000670e-02
1.127053400000000011e-01
1.457965499999999970e-01
2.244500799999999963e-01
2.780813300000000154e-01
2.796896099999999774e-01
2.858282600000000007e-01
2.725329400000000013e-01
2.257656500000000122e-01
1.459456500000000101e-01
1.006307200000000068e-01
8.433303000000000327e-02
7.027472999999999359e-02
7.824172999999999545e-02
8.326693999999999762e-02
8.585913000000000572e-02
9.267884999999999318e-02
1.165542900000000048e-01
1.472813600000000001e-01
1.229860900000000062e-01
1.259301600000000132e-01
8.667529000000000206e-02
8.202255999999999436e-02
8.113067999999999669e-02
7.890850000000000641e-02
7.739293999999999341e-02
7.644210999999999367e-02
8.649052999999999602e-02
7.172786000000000439e-02
7.716082000000000496e-02
6.937661999999999995e-02
6.780105999999999633e-02
7.078355999999999537e-02
7.289238000000000661e-02
7.217603000000000213e-02
7.298831000000000069e-02
7.011507000000000156e-02
7.382993000000000194e-02
8.922892000000000323e-02
8.488524999999999543e-02
8.777530999999999528e-02
8.639125999999999750e-02
7.520193999999999490e-02
7.122535000000000671e-02
6.892334999999999434e-02
7.409528999999999421e-02
7.906633999999999884e-02
7.171122000000000607e-02
7.420543999999999751e-02
8.150828999999999713e-02
7.349894999999999345e-02
6.037834999999999730e-02
