5.800376000000000143e-02
6.690052000000000498e-02
6.559660000000000490e-02
6.862780000000000269e-02
6.871610000000000218e-02
6.855031999999999792e-02
6.867824000000000151e-02
6.565861000000000613e-02
6.479313000000000433e-02
6.794685999999999781e-02
7.210138000000000658e-02
6.778359999999999941e-02
6.662368000000000456e-02
6.710994000000000681e-02
6.693627000000000604e-02
6.790350000000000552e-02
7.295301999999999343e-02
7.105646000000000184e-02
6.840825000000000378e-02
6.529643000000000252e-02
6.839605999999999464e-02
6.957027999999999823e-02
7.243861999999999524e-02
6.841120000000000534e-02
6.479451999999999434e-02
6.587279000000000051e-02
6.693351000000000162e-02
7.517076000000000313e-02
7.466071000000000513e-02
7.001451999999999676e-02
7.078822999999999366e-02
7.110642999999999825e-02
7.643226000000000186e-02
7.803374999999999895e-02
7.333270999999999540e-02
6.923224000000000045e-02
6.927261999999999309e-02
7.850696000000000063e-02
8.211569999999999980e-02
7.597239999999999549e-02
7.197591999999999879e-02
8.018274999999999708e-02
9.242358999999999991e-02
1.056188200000000021e-01
1.121664899999999937e-01
8.386535000000000517e-02
7.144319000000000364e-02
7.187614000000000503e-02
8.775945999999999747e-02
1.479382499999999934e-01
2.024712999999999929e-01
2.080366499999999896e-01
2.316909900000000133e-01
2.531872700000000198e-01
2.591620399999999824e-01
2.180102800000000007e-01
1.857926500000000036e-01
1.546817000000000053e-01
1.208887099999999964e-01
9.160408999999999913e-02
7.966196999999999862e-02
7.853913999999999340e-02
6.557678000000000118e-02
5.668822999999999918e-02
