4.973556999999999978e-02
6.949671999999999794e-02
1.130086899999999950e-01
1.133844700000000011e-01
1.093809099999999979e-01
1.591551499999999952e-01
1.101173000000000013e-01
1.653646199999999900e-01
1.629334400000000127e-01
1.678069799999999945e-01
1.893734599999999935e-01
1.178650299999999956e-01
8.038881999999999972e-02
8.408643999999999841e-02
1.453276699999999921e-01
2.371809500000000015e-01
3.323933499999999763e-01
3.535054599999999936e-01
3.896937100000000265e-01
3.887233399999999728e-01
3.620701700000000245e-01
2.447240699999999880e-01
1.522833100000000051e-01
1.123006099999999952e-01
7.404697000000000362e-02
7.899894000000000360e-02
8.069690999999999670e-02
8.357850999999999475e-02
8.292605999999999589e-02
1.469472500000000015e-01
1.670381700000000136e-01
1.387271599999999883e-01
1.398975000000000080e-01
1.080742900000000034e-01
1.002822099999999966e-01
9.012858999999999454e-02
7.794850000000000390e-02
8.298152999999999779e-02
8.614935999999999428e-02
9.304832999999999854e-02
7.323910000000000142e-02
7.697710000000000663e-02
6.819603000000000470e-02
7.016353999999999647e-02
6.847757000000000149e-02
7.640666999999999598e-02
7.741109000000000184e-02
7.553282000000000052e-02
6.950908999999999560e-02
7.419006999999999685e-02
9.007400000000000129e-02
1.000754900000000031e-01
9.230847000000000357e-02
8.555092999999999726e-02
8.107167999999999319e-02
6.984347999999999945e-02
6.817898999999999488e-02
7.597700999999999760e-02
8.309666999999999748e-02
7.498291999999999458e-02
7.254840999999999374e-02
8.478563000000000072e-02
7.419407999999999559e-02
6.078428000000000303e-02
