5.441970000000000141e-02
6.469714000000000020e-02
6.581006999999999829e-02
6.418654000000000026e-02
6.350184000000000384e-02
6.461430999999999425e-02
6.257712999999999470e-02
6.398632999999999404e-02
6.530719000000000107e-02
6.503973000000000393e-02
6.801498999999999739e-02
6.391400999999999333e-02
6.715630000000000210e-02
6.672654000000000085e-02
6.996341999999999839e-02
6.713041999999999621e-02
6.676898000000000555e-02
6.290033000000000429e-02
6.572999000000000203e-02
6.905285999999999369e-02
7.171890999999999683e-02
6.735346000000000388e-02
7.188819000000000459e-02
7.489282999999999357e-02
7.461882000000000237e-02
7.390826000000000340e-02
7.374397000000000590e-02
6.728420000000000234e-02
6.716279999999999473e-02
6.994192000000000464e-02
7.687228999999999590e-02
8.915011999999999937e-02
9.898226000000000246e-02
9.795067000000000357e-02
1.071682300000000032e-01
1.039047300000000007e-01
8.731708000000000525e-02
9.638106999999999924e-02
8.928055999999999492e-02
7.808078999999999714e-02
1.084438600000000030e-01
1.906006899999999893e-01
2.797146999999999828e-01
3.238302200000000020e-01
3.607714499999999935e-01
3.363434399999999935e-01
2.783871600000000224e-01
2.384668400000000132e-01
1.768736700000000106e-01
9.882770999999999917e-02
7.587913000000000296e-02
7.497968000000000688e-02
6.975723000000000340e-02
7.662916999999999645e-02
9.553006999999999471e-02
1.162989499999999982e-01
1.024344900000000030e-01
1.151904200000000017e-01
1.206952500000000039e-01
1.472022500000000067e-01
1.400024599999999952e-01
1.198993700000000051e-01
8.845601000000000158e-02
5.999212000000000294e-02
