5.020963999999999983e-02
9.251475000000000670e-02
7.936811000000000560e-02
7.214088999999999918e-02
6.772056999999999383e-02
8.495313999999999643e-02
7.538482999999999989e-02
8.311660999999999355e-02
7.765002000000000015e-02
8.572137999999999980e-02
8.712335999999999692e-02
9.261134000000000033e-02
1.009769999999999973e-01
9.023989999999999789e-02
9.144194999999999407e-02
7.274933999999999568e-02
6.887698000000000431e-02
7.155962999999999907e-02
1.116028800000000015e-01
1.553105599999999864e-01
1.953380299999999958e-01
2.221674299999999991e-01
1.984368599999999927e-01
1.812378000000000045e-01
1.412577799999999995e-01
1.096579899999999969e-01
9.494434000000000207e-02
7.876199000000000394e-02
7.013395999999999519e-02
6.773247999999999769e-02
7.163519000000000136e-02
7.870828000000000546e-02
8.234300999999999426e-02
8.863703000000000554e-02
9.447585999999999484e-02
8.556329999999999492e-02
8.562079000000000217e-02
8.376693999999999807e-02
7.724163000000000556e-02
7.337525000000000297e-02
7.611316999999999389e-02
7.254367000000000454e-02
7.324700000000000655e-02
6.950697000000000125e-02
6.800122999999999585e-02
6.989115999999999385e-02
6.876466000000000522e-02
6.947290999999999883e-02
6.703534999999999355e-02
6.907562999999999898e-02
7.372241999999999684e-02
7.186128999999999434e-02
7.011035999999999657e-02
6.639235999999999749e-02
7.060627999999999349e-02
7.023139000000000465e-02
7.607365000000000654e-02
7.130499999999999339e-02
8.112194000000000349e-02
7.648372999999999977e-02
6.850000000000000533e-02
6.697815999999999492e-02
6.659876000000000684e-02
5.446287999999999824e-02
