1.260839800000000122e-01
3.004485399999999862e-01
3.522341500000000236e-01
3.445813099999999740e-01
2.949669999999999792e-01
2.643795299999999737e-01
2.269212499999999910e-01
1.450001700000000115e-01
1.110123199999999977e-01
1.044226099999999990e-01
9.698323000000000360e-02
8.452334999999999710e-02
8.772430999999999979e-02
1.161718600000000018e-01
1.033962400000000004e-01
1.299383299999999908e-01
1.330937100000000040e-01
1.566271300000000033e-01
1.165927900000000017e-01
9.530465000000000464e-02
7.883437999999999557e-02
7.278629000000000349e-02
7.298456000000000388e-02
7.196160000000000057e-02
7.727378999999999498e-02
8.643175000000000163e-02
7.078948000000000185e-02
6.861264999999999725e-02
6.972794999999999688e-02
6.991646999999999446e-02
7.184553000000000467e-02
7.351681999999999662e-02
7.612879000000000174e-02
6.852450999999999681e-02
6.887419999999999654e-02
6.770015000000000061e-02
6.924484999999999668e-02
7.263920999999999573e-02
7.681469999999999965e-02
7.169950999999999408e-02
6.557341999999999338e-02
7.226419000000000592e-02
8.902603000000000599e-02
8.583884999999999432e-02
8.529208000000000622e-02
6.805018000000000178e-02
6.983277999999999708e-02
7.276668000000000025e-02
7.292746999999999424e-02
7.554362000000000577e-02
7.488319000000000225e-02
7.161272000000000471e-02
6.698777000000000204e-02
6.962289000000000672e-02
7.277268000000000625e-02
7.528284000000000364e-02
7.624923000000000117e-02
7.137749000000000177e-02
7.354913000000000423e-02
7.364843999999999558e-02
6.863824999999999787e-02
7.858872000000000080e-02
7.342078999999999966e-02
5.701185000000000280e-02
