6.303806000000000687e-02
8.370616000000000168e-02
8.633672000000000568e-02
7.552184000000000674e-02
6.868509999999999893e-02
6.858493999999999702e-02
6.771997000000000433e-02
7.033844999999999681e-02
6.961599999999999733e-02
7.427076999999999984e-02
7.504942000000000557e-02
6.838913000000000630e-02
6.559834000000000498e-02
7.050797000000000314e-02
7.824253000000000458e-02
8.018559000000000103e-02
8.073993999999999616e-02
6.750164000000000164e-02
6.622367999999999311e-02
6.956035000000000690e-02
7.311085999999999974e-02
6.928971999999999909e-02
7.469439999999999413e-02
7.252102000000000548e-02
8.258250000000000313e-02
1.001484500000000000e-01
1.067004899999999951e-01
9.540605000000000613e-02
8.021842999999999335e-02
7.422808999999999657e-02
7.394209999999999672e-02
8.398208999999999536e-02
9.193914000000000253e-02
9.923390999999999462e-02
1.146345099999999950e-01
1.234676900000000049e-01
1.107387400000000022e-01
1.122353999999999991e-01
9.761079000000000283e-02
7.697998999999999814e-02
7.584934999999999594e-02
1.128252700000000053e-01
1.688768900000000017e-01
2.241886899999999960e-01
2.529207199999999878e-01
2.638903000000000221e-01
2.555632299999999746e-01
2.465178700000000001e-01
2.025820899999999924e-01
1.354491600000000129e-01
1.032085400000000014e-01
9.265445999999999405e-02
6.783854000000000273e-02
7.396671000000000495e-02
8.452113999999999461e-02
8.711626999999999565e-02
9.367055000000000520e-02
1.057030600000000015e-01
1.011633100000000063e-01
1.200634500000000021e-01
1.330735399999999902e-01
1.283380100000000024e-01
8.980878999999999945e-02
5.914309000000000233e-02
