1.766964199999999929e-01
3.847037300000000215e-01
5.158869000000000371e-01
5.687715399999999644e-01
6.091011200000000514e-01
6.187083100000000391e-01
5.962704399999999572e-01
5.047252800000000539e-01
4.050182999999999978e-01
3.424977399999999950e-01
2.802828600000000225e-01
1.397054000000000074e-01
9.957992000000000232e-02
9.031606000000000356e-02
1.009565699999999955e-01
1.184277200000000002e-01
1.368816800000000056e-01
1.998256599999999883e-01
2.027775599999999956e-01
1.664815500000000059e-01
1.844971800000000106e-01
1.704181700000000077e-01
1.268381199999999986e-01
9.125078000000000356e-02
8.676013000000000475e-02
9.700274000000000396e-02
7.930916000000000354e-02
8.282454000000000205e-02
8.211999000000000382e-02
9.775322000000000178e-02
7.588412999999999409e-02
7.968754000000000115e-02
7.940564999999999429e-02
7.558165000000000022e-02
7.383088000000000151e-02
7.713148999999999700e-02
6.946713000000000193e-02
7.100354999999999861e-02
7.991296999999999984e-02
8.556864000000000137e-02
7.327205999999999997e-02
7.777863999999999611e-02
6.891751000000000127e-02
7.500010000000000010e-02
8.056834000000000218e-02
8.364974000000000021e-02
7.488540999999999948e-02
7.273253999999999830e-02
6.915232999999999797e-02
6.712740999999999847e-02
6.554530999999999552e-02
6.751324999999999688e-02
6.667291999999999663e-02
7.033303000000000471e-02
7.115150000000000641e-02
6.756853000000000165e-02
6.854187000000000474e-02
7.333137000000000683e-02
7.373045000000000293e-02
6.934232999999999369e-02
6.852416000000000063e-02
6.508601999999999443e-02
6.405927999999999622e-02
5.385319999999999691e-02
