5.913968000000000003e-02
7.584394999999999332e-02
8.149043999999999732e-02
9.051257000000000053e-02
8.453302999999999512e-02
8.313523999999999914e-02
7.066197000000000450e-02
6.211727000000000221e-02
6.737601000000000007e-02
8.112629000000000368e-02
1.317488800000000126e-01
1.938568499999999972e-01
2.105512499999999954e-01
2.491896500000000125e-01
2.455742999999999954e-01
2.490938299999999883e-01
2.502648800000000229e-01
1.863416099999999909e-01
1.272438599999999864e-01
8.039032000000000122e-02
7.766805000000000236e-02
7.324920999999999516e-02
7.580634999999999457e-02
7.821607999999999339e-02
1.022405499999999995e-01
1.195732099999999992e-01
1.559244700000000095e-01
1.582923099999999916e-01
1.505483099999999907e-01
1.444393099999999874e-01
1.175784500000000010e-01
9.227124000000000437e-02
1.019531800000000044e-01
1.125480999999999981e-01
9.500057000000000640e-02
1.188274899999999940e-01
9.354497999999999980e-02
7.304128000000000009e-02
7.614045999999999315e-02
7.893126000000000309e-02
6.997502999999999362e-02
6.408233000000000679e-02
7.140802000000000260e-02
7.014776000000000344e-02
6.520410999999999568e-02
6.700697999999999377e-02
6.957818000000000336e-02
7.561927000000000232e-02
7.467651999999999624e-02
7.457165999999999795e-02
7.348712000000000300e-02
6.611229000000000411e-02
6.519078000000000372e-02
6.957425000000000415e-02
7.451473000000000124e-02
7.048221999999999821e-02
7.544599000000000444e-02
6.970627999999999547e-02
6.451081000000000176e-02
6.589129999999999987e-02
7.364867999999999415e-02
7.397604000000000679e-02
7.170522000000000007e-02
5.859269999999999756e-02
