6.006659000000000304e-02
8.975669999999999482e-02
6.871757000000000559e-02
6.736707999999999585e-02
6.857995999999999537e-02
7.355138999999999427e-02
7.178441000000000682e-02
7.617446999999999413e-02
7.424516000000000449e-02
7.045366999999999602e-02
6.907623999999999709e-02
7.077337999999999685e-02
7.677678999999999754e-02
9.548666000000000098e-02
8.549283000000000576e-02
7.231790999999999914e-02
6.925312000000000134e-02
6.684252999999999723e-02
7.586982000000000448e-02
8.658322000000000240e-02
6.661493000000000275e-02
7.247800000000000076e-02
7.381535999999999653e-02
8.300722000000000655e-02
9.772144000000000663e-02
9.351743999999999335e-02
7.262676999999999328e-02
8.052409000000000650e-02
9.236144000000000298e-02
1.120480199999999982e-01
9.374027999999999528e-02
7.105827000000000671e-02
7.327796999999999783e-02
7.113719999999999766e-02
8.624727000000000088e-02
9.011956000000000133e-02
1.057494400000000001e-01
1.011351399999999984e-01
9.899354999999999960e-02
1.137290999999999996e-01
1.277017099999999961e-01
1.151784400000000069e-01
8.574761000000000188e-02
7.463187999999999767e-02
7.826634000000000368e-02
1.366802000000000017e-01
1.953042100000000059e-01
2.357520499999999908e-01
2.784521899999999883e-01
2.776431699999999947e-01
3.054285299999999759e-01
2.976508400000000276e-01
2.567323100000000191e-01
2.244346999999999870e-01
1.383632399999999985e-01
1.050427000000000027e-01
7.456266999999999756e-02
7.106843999999999661e-02
8.026688999999999352e-02
7.298986999999999836e-02
7.790856000000000170e-02
8.565522000000000413e-02
9.401982999999999868e-02
5.858145000000000019e-02
