5.371866000000000141e-02
6.791070999999999913e-02
6.786717000000000444e-02
7.074239000000000221e-02
7.016748000000000429e-02
6.883279000000000480e-02
6.521005000000000551e-02
6.324137000000000508e-02
6.520201000000000469e-02
6.912424000000000346e-02
7.015565999999999469e-02
6.675689999999999402e-02
6.543082999999999538e-02
6.787103999999999360e-02
7.020047999999999566e-02
6.797778999999999627e-02
7.133697999999999428e-02
7.059063000000000143e-02
6.665695000000000647e-02
6.429511000000000254e-02
6.754683999999999688e-02
7.258873000000000408e-02
7.283340000000000647e-02
6.520323999999999565e-02
6.609563999999999717e-02
6.608543000000000056e-02
6.920548999999999451e-02
7.471073999999999771e-02
7.514316999999999525e-02
6.846829999999999583e-02
7.671205999999999858e-02
7.560843999999999898e-02
7.473842999999999459e-02
7.382932000000000383e-02
6.971505999999999537e-02
6.699958000000000302e-02
7.378337999999999564e-02
8.165000999999999509e-02
8.741653000000000617e-02
7.449910999999999339e-02
7.238073999999999897e-02
8.067665000000000253e-02
9.331422999999999801e-02
1.015593000000000051e-01
9.007086000000000259e-02
7.162451000000000234e-02
7.335991999999999513e-02
8.244055999999999607e-02
1.092544299999999996e-01
1.526771199999999995e-01
1.789612299999999989e-01
1.820021699999999909e-01
1.933386199999999888e-01
2.049793199999999926e-01
1.941523300000000118e-01
1.533195400000000042e-01
1.247656600000000005e-01
9.943572000000000521e-02
8.790552000000000088e-02
7.492698999999999887e-02
6.993707999999999869e-02
7.039526999999999590e-02
6.845202999999999705e-02
5.606888000000000150e-02
