5.219055000000000222e-02
6.585046999999999429e-02
6.647846999999999784e-02
6.759052999999999589e-02
7.105999000000000343e-02
7.647030000000000494e-02
8.196929999999999494e-02
7.698826999999999754e-02
7.712496000000000629e-02
6.825241999999999420e-02
6.995988999999999680e-02
6.824117000000000377e-02
7.303635999999999462e-02
7.443199000000000343e-02
6.934861999999999971e-02
6.874876000000000598e-02
6.845078999999999747e-02
7.068752000000000368e-02
7.614609999999999435e-02
7.937167000000000527e-02
7.479457000000000466e-02
6.780936999999999382e-02
7.344630000000000603e-02
7.920328999999999564e-02
7.490761999999999421e-02
8.195584999999999676e-02
7.145158000000000065e-02
7.049324999999999342e-02
6.900111999999999912e-02
6.893456000000000583e-02
6.760952000000000628e-02
6.777070000000000316e-02
6.979383000000000115e-02
7.511004000000000291e-02
7.906003000000000336e-02
8.016840000000000077e-02
7.007164000000000448e-02
6.871217000000000297e-02
7.232959999999999390e-02
7.564261999999999375e-02
7.245809000000000277e-02
7.239057999999999604e-02
7.704573000000000671e-02
8.077987000000000362e-02
8.230234999999999634e-02
7.914696999999999705e-02
8.245863999999999971e-02
8.229348000000000218e-02
7.191472000000000142e-02
6.869949000000000194e-02
7.252213000000000409e-02
7.714322999999999320e-02
9.375632999999999884e-02
1.164395399999999942e-01
1.392363000000000073e-01
1.391138000000000097e-01
1.361170700000000067e-01
1.172891900000000015e-01
1.214823599999999976e-01
1.092352800000000040e-01
8.990708999999999507e-02
8.901009999999999478e-02
7.449751000000000289e-02
5.496378999999999848e-02
