5.706031999999999771e-02
7.672357999999999956e-02
6.324710000000000054e-02
6.806268999999999514e-02
7.654244000000000325e-02
8.551533000000000051e-02
7.093182000000000653e-02
6.623131999999999631e-02
6.937670999999999422e-02
6.827784000000000630e-02
7.538466000000000611e-02
8.614241000000000259e-02
9.398711999999999345e-02
9.829306000000000154e-02
9.841447000000000389e-02
7.445118000000000569e-02
7.223169000000000117e-02
6.997058000000000444e-02
8.835057999999999800e-02
8.643386000000000124e-02
7.797634999999999983e-02
9.593060999999999949e-02
1.128445399999999932e-01
1.059152399999999938e-01
1.060093599999999969e-01
1.028058200000000061e-01
7.397259000000000473e-02
7.851221999999999368e-02
1.209665699999999955e-01
1.690005800000000113e-01
2.483951199999999970e-01
2.918246999999999924e-01
3.382962899999999995e-01
3.367395100000000197e-01
2.365437900000000038e-01
1.897956699999999997e-01
1.497487299999999966e-01
9.703096999999999417e-02
8.202381999999999729e-02
9.000386999999999971e-02
9.231820000000000304e-02
9.100498999999999394e-02
1.065697399999999961e-01
1.130353100000000000e-01
1.205710499999999991e-01
1.129429400000000056e-01
1.045330899999999952e-01
1.105698100000000045e-01
9.724562999999999957e-02
7.101783000000000401e-02
7.154863000000000195e-02
7.189887999999999835e-02
7.646467999999999321e-02
8.272986999999999702e-02
9.128039999999999765e-02
8.483559000000000239e-02
7.978148999999999658e-02
8.136868999999999352e-02
7.910685000000000633e-02
7.772529000000000243e-02
7.832917000000000352e-02
7.998982999999999788e-02
8.184308999999999334e-02
5.746620999999999674e-02
