5.104174000000000211e-02
6.697063000000000321e-02
7.223789999999999378e-02
6.637655000000000638e-02
6.974953000000000403e-02
7.826843999999999468e-02
8.856398999999999522e-02
9.105963000000000251e-02
9.486097000000000279e-02
7.503748999999999836e-02
6.855748000000000397e-02
7.058966999999999326e-02
7.268178000000000138e-02
8.462867999999999780e-02
7.837434999999999541e-02
7.784056000000000308e-02
7.351008000000000542e-02
7.213123999999999925e-02
7.781135999999999608e-02
8.383496000000000004e-02
8.505031000000000396e-02
7.284984999999999378e-02
7.542616000000000598e-02
9.002293000000000101e-02
8.648176000000000474e-02
1.068986100000000050e-01
7.981383999999999701e-02
7.720895999999999315e-02
7.219525000000000248e-02
7.576372000000000662e-02
7.350568000000000379e-02
7.063795999999999964e-02
7.478411000000000086e-02
8.836739999999999873e-02
9.951928000000000163e-02
9.656178999999999457e-02
8.369371000000000449e-02
8.681690000000000240e-02
7.594654000000000682e-02
8.603602999999999945e-02
9.350590999999999764e-02
8.199370999999999743e-02
9.197888999999999371e-02
1.079007399999999950e-01
1.214461399999999941e-01
1.197022199999999981e-01
1.450152000000000108e-01
1.423776900000000012e-01
8.809422999999999560e-02
9.888434999999999586e-02
1.268785900000000133e-01
1.359593299999999894e-01
1.815826100000000054e-01
2.324063299999999943e-01
3.130491400000000035e-01
2.816181200000000273e-01
2.981086099999999961e-01
2.856201800000000013e-01
3.072615599999999891e-01
2.711950200000000089e-01
1.677620599999999906e-01
9.854314999999999602e-02
8.031356000000000606e-02
6.264693000000000345e-02
