5.660781000000000146e-02
6.555416999999999494e-02
6.681272000000000599e-02
6.730292000000000219e-02
7.163321999999999745e-02
7.817755999999999317e-02
8.648474000000000439e-02
8.341033000000000475e-02
8.308289000000000646e-02
6.975987999999999634e-02
6.673142999999999436e-02
6.871035999999999810e-02
7.479885000000000006e-02
7.924546000000000368e-02
7.593452000000000535e-02
7.411753000000000091e-02
7.055271000000000459e-02
7.327875999999999834e-02
8.011100999999999639e-02
8.995166000000000273e-02
8.300283999999999440e-02
7.459090999999999638e-02
7.437726999999999533e-02
8.378963000000000383e-02
7.715597000000000427e-02
9.846604000000000467e-02
7.877325999999999773e-02
7.983619999999999606e-02
7.246745000000000270e-02
7.445272999999999475e-02
7.891254000000000324e-02
7.632231999999999905e-02
7.537183000000000077e-02
8.865623999999999727e-02
1.038940099999999950e-01
1.008449899999999955e-01
7.702738000000000640e-02
7.943730000000000235e-02
8.432694999999999774e-02
9.410024000000000166e-02
8.451989000000000030e-02
8.103158000000000583e-02
9.520684000000000091e-02
1.186933399999999944e-01
1.189224200000000009e-01
9.982238000000000222e-02
1.047166699999999978e-01
1.096228499999999939e-01
8.734796000000000227e-02
9.311189999999999745e-02
1.396776700000000038e-01
1.524495899999999959e-01
2.050264499999999990e-01
2.335665199999999997e-01
3.423785899999999827e-01
3.373219100000000026e-01
3.116065000000000085e-01
3.108544599999999991e-01
2.969772800000000101e-01
2.319888800000000084e-01
1.505142700000000056e-01
1.162803500000000045e-01
7.819938999999999363e-02
5.900156000000000150e-02
