5.066907999999999829e-02
7.698926000000000380e-02
7.503363000000000393e-02
6.721995000000000053e-02
6.687643000000000060e-02
7.322705999999999660e-02
7.216327999999999632e-02
7.255585000000000506e-02
6.937614000000000281e-02
6.882673999999999737e-02
7.079502999999999491e-02
6.656876000000000460e-02
6.701592000000000660e-02
6.876029000000000169e-02
7.943627000000000327e-02
7.426728000000000496e-02
7.313184000000000351e-02
6.620507999999999948e-02
7.001759999999999928e-02
6.865042000000000366e-02
7.469494999999999607e-02
6.942876000000000603e-02
7.132827999999999391e-02
7.828203999999999718e-02
8.003150000000000541e-02
8.688970000000000027e-02
8.988578999999999319e-02
7.044209999999999361e-02
7.028446000000000693e-02
6.864496000000000486e-02
7.762235000000000662e-02
8.711275000000000268e-02
1.077370899999999937e-01
1.013453200000000026e-01
1.025029300000000060e-01
1.035473999999999978e-01
9.580088000000000492e-02
9.615279999999999661e-02
8.397424000000000555e-02
7.780647000000000257e-02
9.882409999999999806e-02
1.429809200000000113e-01
2.147302000000000100e-01
2.636057099999999931e-01
2.939527900000000193e-01
2.850742299999999840e-01
2.509072399999999758e-01
2.283554799999999996e-01
1.802133200000000102e-01
9.797686999999999369e-02
7.457189999999999652e-02
7.771701000000000303e-02
7.126852999999999660e-02
7.687190000000000689e-02
9.426081000000000043e-02
1.074296500000000015e-01
8.981959999999999944e-02
9.473882000000000136e-02
9.299008999999999747e-02
1.249819000000000069e-01
1.055862999999999940e-01
9.517546000000000339e-02
7.858579000000000259e-02
5.709198000000000051e-02
