1.482509200000000082e-01
3.441893200000000208e-01
3.581128100000000036e-01
3.382054899999999975e-01
2.738488600000000273e-01
2.525305400000000255e-01
1.990905099999999983e-01
1.220563800000000060e-01
8.251363000000000447e-02
8.154735000000000456e-02
8.568881999999999888e-02
8.995767999999999820e-02
9.745154999999999790e-02
1.181549300000000052e-01
1.244266400000000050e-01
1.441510599999999975e-01
1.411490900000000048e-01
1.623373800000000033e-01
1.423672099999999940e-01
1.074274900000000005e-01
8.511728999999999823e-02
7.752929999999999544e-02
7.728456000000000214e-02
7.630230000000000345e-02
8.441205000000000236e-02
8.694238999999999440e-02
7.286436000000000301e-02
6.948920000000000097e-02
7.353837000000000568e-02
7.454449999999999965e-02
7.782292999999999850e-02
8.451746000000000258e-02
7.781013999999999986e-02
6.932771000000000072e-02
7.263923999999999381e-02
7.378669999999999674e-02
7.371700999999999948e-02
8.196783000000000541e-02
7.841333999999999804e-02
7.245701999999999698e-02
6.978729000000000182e-02
7.538862000000000341e-02
8.679800999999999489e-02
8.739030000000000409e-02
8.847280999999999895e-02
6.921022000000000285e-02
7.665582999999999425e-02
8.360170000000000101e-02
8.572035000000000071e-02
8.004662999999999362e-02
7.660161999999999527e-02
7.279998999999999498e-02
6.828961999999999533e-02
7.179051000000000182e-02
7.517638999999999572e-02
7.704429999999999612e-02
7.671743000000000312e-02
7.301755999999999525e-02
7.230238999999999416e-02
7.402218000000000686e-02
7.275681999999999983e-02
8.184726999999999975e-02
7.233140999999999876e-02
5.757792999999999939e-02
