5.626791999999999905e-02
1.122256400000000015e-01
1.759516899999999939e-01
2.698208699999999904e-01
3.371891100000000141e-01
4.012641000000000124e-01
4.047119299999999975e-01
3.869391999999999832e-01
3.432640699999999767e-01
3.060282200000000175e-01
2.897665799999999958e-01
2.042322599999999988e-01
1.518594799999999911e-01
1.004195199999999982e-01
9.104423999999999850e-02
8.093612999999999502e-02
8.526680999999999844e-02
9.378810999999999398e-02
1.074835999999999986e-01
1.166374699999999931e-01
1.422789399999999926e-01
1.531268199999999968e-01
1.166036599999999979e-01
9.087504000000000415e-02
8.592486000000000568e-02
7.889607999999999344e-02
8.757402999999999715e-02
8.836610000000000298e-02
9.348658999999999442e-02
9.369051000000000462e-02
7.570056999999999481e-02
7.677733999999999948e-02
7.286007999999999374e-02
7.008034000000000485e-02
6.986559000000000519e-02
7.457004999999999884e-02
7.879358999999999669e-02
8.488990000000000424e-02
7.794122000000000550e-02
7.918809000000000264e-02
7.329705000000000248e-02
8.183250999999999720e-02
8.937892000000000059e-02
7.993753000000000664e-02
7.240649000000000390e-02
8.178937000000000013e-02
8.293950999999999407e-02
8.186440000000000383e-02
7.623153000000000568e-02
7.561692999999999887e-02
6.638934999999999975e-02
7.105723999999999374e-02
7.726547999999999750e-02
9.514683999999999642e-02
9.805324999999999458e-02
8.436865000000000336e-02
8.016454000000000635e-02
8.073458999999999497e-02
7.758236999999999772e-02
7.455061000000000326e-02
8.394153000000000031e-02
7.267120000000000524e-02
7.618801000000000045e-02
6.160336999999999757e-02
