1.469648199999999960e-01
3.916482000000000019e-01
4.433446200000000226e-01
4.617928000000000033e-01
4.273281400000000230e-01
4.162281500000000189e-01
3.433969299999999891e-01
2.152726500000000098e-01
1.587317699999999943e-01
1.241368399999999983e-01
1.054781800000000047e-01
7.783489999999999853e-02
9.097175000000000400e-02
1.017746600000000029e-01
1.145865199999999973e-01
1.348698000000000119e-01
1.437734200000000129e-01
2.036110899999999946e-01
1.902285200000000120e-01
1.414084300000000016e-01
1.309684700000000035e-01
1.128524399999999983e-01
9.913376999999999606e-02
8.976694999999999813e-02
9.720107000000000053e-02
1.028235299999999963e-01
7.135083000000000397e-02
7.619972999999999330e-02
7.688238000000000016e-02
8.817287000000000041e-02
7.621274999999999578e-02
7.474775999999999643e-02
7.024147000000000030e-02
6.904145000000000421e-02
7.002880000000000216e-02
6.923862000000000072e-02
6.694232999999999434e-02
7.343189999999999440e-02
8.451561000000000490e-02
8.664125000000000298e-02
6.841664999999999552e-02
7.582513000000000447e-02
8.418369000000000546e-02
9.568530000000000091e-02
9.690227999999999342e-02
8.882940000000000280e-02
6.917323999999999695e-02
6.946739999999999859e-02
7.014204999999999746e-02
7.488557999999999326e-02
7.524575000000000014e-02
7.628456999999999599e-02
7.453793999999999698e-02
7.245198999999999390e-02
7.511429999999999496e-02
7.750479000000000396e-02
8.386630999999999947e-02
8.580886999999999543e-02
8.632062000000000068e-02
7.359248000000000178e-02
6.735655999999999588e-02
7.408789999999999820e-02
6.782349999999999490e-02
5.843835000000000002e-02
