5.839205000000000090e-02
9.395937000000000039e-02
2.096636000000000055e-01
3.405767699999999731e-01
4.632248299999999763e-01
5.220701700000000001e-01
5.625185400000000113e-01
5.465830000000000410e-01
5.543522800000000306e-01
5.433067700000000499e-01
5.529195099999999474e-01
4.011676599999999815e-01
2.848637399999999764e-01
2.034297100000000136e-01
1.155981499999999967e-01
1.025636800000000043e-01
9.880253999999999426e-02
1.009643300000000049e-01
1.254905199999999943e-01
1.467971499999999874e-01
1.768786599999999931e-01
2.377773199999999865e-01
2.149318199999999957e-01
1.405032300000000067e-01
1.380744299999999980e-01
1.090313400000000044e-01
1.138433100000000031e-01
9.161468999999999863e-02
1.171805000000000069e-01
9.756499000000000421e-02
7.308003000000000415e-02
9.022761999999999449e-02
8.068696000000000201e-02
7.426847999999999783e-02
7.883428000000000657e-02
7.385258999999999574e-02
8.601132999999999695e-02
9.799457999999999780e-02
8.634505000000000652e-02
6.914905000000000357e-02
7.223528999999999367e-02
8.553370999999999891e-02
1.144178599999999962e-01
1.037930100000000050e-01
7.789562999999999349e-02
7.250223000000000084e-02
7.749867000000000561e-02
8.449524999999999397e-02
8.627732000000000456e-02
9.520138999999999685e-02
8.034591000000000649e-02
7.222794999999999910e-02
6.624728000000000561e-02
8.145678000000000640e-02
8.887834999999999486e-02
9.167409999999999448e-02
8.410051000000000332e-02
6.957169000000000547e-02
6.626197999999999810e-02
6.774463000000000013e-02
7.513624000000000691e-02
7.056142999999999443e-02
8.121580999999999939e-02
5.791526999999999786e-02
