5.681510000000000032e-02
7.047145000000000492e-02
6.792349000000000303e-02
6.577465999999999868e-02
6.544616999999999796e-02
7.003937999999999831e-02
7.263616000000000517e-02
7.346057000000000281e-02
7.866914999999999325e-02
7.751855000000000551e-02
7.055060999999999971e-02
6.693765000000000132e-02
6.507466000000000639e-02
6.986098000000000308e-02
6.951224999999999765e-02
7.407376000000000238e-02
7.010481000000000351e-02
6.613331999999999544e-02
6.655539000000000593e-02
7.070485999999999438e-02
7.232938999999999341e-02
7.585783000000000109e-02
7.668637000000000370e-02
6.836598000000000674e-02
6.659724999999999673e-02
7.061365000000000003e-02
7.316314999999999624e-02
7.324701999999999602e-02
6.962685000000000402e-02
6.374554000000000331e-02
6.780654999999999322e-02
6.737497000000000624e-02
7.025048999999999877e-02
7.200220999999999705e-02
7.008390000000000453e-02
7.299276999999999849e-02
6.911100000000000576e-02
7.523547999999999347e-02
7.105485000000000273e-02
6.618277999999999661e-02
6.461617000000000055e-02
6.698906000000000305e-02
6.998097000000000345e-02
7.313450000000000506e-02
7.172275000000000178e-02
7.190976000000000312e-02
7.253334000000000170e-02
8.528850999999999793e-02
7.963828000000000573e-02
7.651673000000000502e-02
7.015997000000000205e-02
7.089937999999999796e-02
6.994736999999999483e-02
8.069737000000000438e-02
9.324797999999999421e-02
1.003114100000000036e-01
1.132681600000000066e-01
1.253637200000000118e-01
1.369898800000000083e-01
1.312630499999999922e-01
1.194530399999999964e-01
1.169517699999999966e-01
1.035553300000000010e-01
5.588626000000000010e-02
