5.602171000000000234e-02
7.395949999999999747e-02
9.164377999999999413e-02
9.221181999999999990e-02
8.440704000000000262e-02
9.395298000000000538e-02
8.101200999999999541e-02
9.040882999999999559e-02
8.911760000000000514e-02
1.115749099999999994e-01
1.166450599999999949e-01
9.370254000000000083e-02
6.693601999999999885e-02
7.131943999999999784e-02
9.952295999999999365e-02
1.436091100000000120e-01
1.882710599999999901e-01
1.954113100000000047e-01
2.218617800000000084e-01
2.490948600000000013e-01
2.471183999999999881e-01
1.772511999999999976e-01
1.309312599999999938e-01
1.032919100000000007e-01
7.022125999999999368e-02
6.961955000000000227e-02
6.694144999999999956e-02
6.592140000000000499e-02
7.257262999999999908e-02
8.503974000000000255e-02
8.353808999999999541e-02
9.884418000000000371e-02
1.083187500000000053e-01
1.001079599999999958e-01
8.656506999999999397e-02
7.902892999999999724e-02
7.087883000000000377e-02
7.220722000000000251e-02
7.675788999999999529e-02
7.761676000000000686e-02
7.037037999999999627e-02
7.722956999999999739e-02
6.870287999999999395e-02
7.059036000000000477e-02
6.655049000000000381e-02
6.787142000000000175e-02
6.627086999999999561e-02
6.649897999999999920e-02
6.617489000000000010e-02
6.747044000000000652e-02
7.188664000000000165e-02
7.541138999999999482e-02
7.387361000000000621e-02
7.404260000000000008e-02
7.010465999999999920e-02
6.877547000000000521e-02
6.721644000000000230e-02
6.787791999999999437e-02
6.816614999999999480e-02
6.928483000000000558e-02
6.936678999999999762e-02
7.230167999999999318e-02
6.696357999999999477e-02
5.512703000000000048e-02
