5.770973000000000075e-02
7.222104000000000024e-02
7.484641000000000211e-02
1.038330600000000048e-01
1.176111999999999991e-01
1.331628300000000098e-01
1.399043899999999896e-01
1.092356899999999964e-01
1.163398499999999947e-01
6.866835999999999773e-02
7.619323999999999542e-02
7.356044000000000471e-02
1.059184600000000059e-01
1.270908400000000105e-01
1.595072899999999960e-01
1.406767800000000013e-01
1.260190900000000003e-01
1.128346199999999966e-01
1.232596999999999998e-01
1.435261700000000085e-01
1.457467500000000082e-01
7.958888999999999547e-02
1.008913300000000013e-01
1.569441699999999940e-01
2.286026300000000011e-01
4.217555199999999949e-01
4.684368999999999894e-01
4.540539100000000050e-01
4.386757299999999860e-01
3.154435199999999773e-01
1.965142900000000081e-01
1.364495000000000013e-01
1.288227100000000069e-01
8.350923999999999847e-02
7.070431000000000632e-02
7.107893999999999324e-02
9.674916000000000071e-02
1.150113299999999950e-01
1.361504500000000062e-01
1.455361199999999910e-01
1.187509100000000012e-01
1.006763199999999997e-01
1.201909000000000033e-01
8.371135000000000381e-02
7.119868999999999504e-02
8.001155999999999546e-02
8.218905999999999434e-02
8.259363000000000121e-02
7.637808000000000097e-02
8.807956999999999592e-02
8.860361999999999405e-02
8.866548000000000485e-02
7.899791000000000452e-02
9.033528999999999864e-02
7.020347000000000393e-02
7.056914000000000242e-02
6.912300999999999862e-02
7.241250999999999938e-02
7.221336000000000421e-02
7.855355999999999450e-02
7.327614000000000349e-02
7.244101000000000012e-02
7.345617000000000119e-02
5.866045999999999760e-02
