6.038199999999999817e-02
8.771033000000000301e-02
8.658259000000000094e-02
7.278608000000000300e-02
9.127892999999999424e-02
1.335983099999999979e-01
1.876750299999999927e-01
2.762530400000000053e-01
3.230784800000000012e-01
4.102067400000000141e-01
4.484218700000000002e-01
4.439539000000000124e-01
4.292303900000000172e-01
4.172602599999999939e-01
2.151382300000000136e-01
1.492726100000000000e-01
1.208358600000000033e-01
8.080450000000000133e-02
7.602773999999999643e-02
9.291576999999999475e-02
9.975072999999999579e-02
1.105928000000000050e-01
1.287686100000000056e-01
1.380670999999999982e-01
1.841761600000000054e-01
1.832894499999999927e-01
1.739503000000000021e-01
8.309194000000000302e-02
1.014517199999999952e-01
1.009916200000000042e-01
1.143356600000000056e-01
1.228959800000000019e-01
9.687078000000000355e-02
1.103056800000000032e-01
1.186931299999999939e-01
9.804931000000000063e-02
9.605110000000000037e-02
1.070626799999999934e-01
1.032092099999999957e-01
9.055175999999999503e-02
7.533660999999999830e-02
8.696940999999999700e-02
1.028448599999999963e-01
1.159611900000000057e-01
1.033483399999999969e-01
1.096483899999999984e-01
9.316132000000000579e-02
7.762386999999999759e-02
7.643129999999999369e-02
9.549016999999999922e-02
1.212365799999999966e-01
1.267088799999999960e-01
1.030047999999999936e-01
7.508468000000000087e-02
7.097995999999999472e-02
9.756167000000000311e-02
1.011184700000000020e-01
8.546085999999999960e-02
1.069595899999999933e-01
9.790915999999999508e-02
7.689010999999999763e-02
8.695102000000000386e-02
8.625992000000000381e-02
6.292359000000000147e-02
