5.576645000000000213e-02
9.403548999999999936e-02
1.193819099999999939e-01
1.101648300000000053e-01
1.065479700000000057e-01
1.295757700000000068e-01
1.325405199999999950e-01
1.348537499999999945e-01
1.116336899999999938e-01
1.101850300000000032e-01
8.770427000000000084e-02
7.539081999999999728e-02
1.027662200000000053e-01
1.677249799999999957e-01
2.598356600000000238e-01
3.393678399999999762e-01
3.794353899999999835e-01
3.409768300000000085e-01
3.023487899999999784e-01
2.718547000000000047e-01
1.991031900000000132e-01
1.363192199999999910e-01
8.645179999999999532e-02
8.052048000000000538e-02
6.894712000000000063e-02
7.909807000000000643e-02
9.081754000000000215e-02
9.000987000000000571e-02
9.733197999999999850e-02
1.261134399999999933e-01
1.371385200000000137e-01
1.305535700000000077e-01
1.148767700000000030e-01
8.385729000000000100e-02
8.974911000000000694e-02
8.662506999999999846e-02
8.265395000000000381e-02
7.982545000000000612e-02
7.951294999999999891e-02
8.965473000000000192e-02
8.036859999999999837e-02
7.959239999999999371e-02
7.524261000000000144e-02
6.982315999999999523e-02
6.851991000000000331e-02
7.155741999999999658e-02
7.403489000000000597e-02
7.588396000000000030e-02
6.860661999999999316e-02
7.394987000000000088e-02
8.497103000000000295e-02
9.396859999999999935e-02
8.625207000000000013e-02
8.271526999999999352e-02
7.027853000000000572e-02
7.269343999999999806e-02
7.075193999999999928e-02
7.067735999999999463e-02
8.354781999999999487e-02
7.622056000000000664e-02
6.940575999999999690e-02
7.510347000000000550e-02
7.071239999999999470e-02
5.920022999999999952e-02
