7.427857999999999683e-02
1.174688100000000068e-01
8.781732000000000427e-02
7.901785999999999532e-02
7.758545000000000025e-02
9.320520999999999667e-02
8.900737000000000232e-02
8.862140999999999769e-02
8.995482000000000478e-02
1.178574299999999991e-01
1.261483599999999872e-01
1.376905999999999963e-01
1.575878400000000068e-01
1.520818200000000064e-01
1.224393599999999971e-01
8.191278000000000448e-02
6.966393999999999365e-02
8.719056999999999502e-02
1.481181099999999973e-01
2.780772400000000033e-01
3.558710800000000063e-01
4.073777199999999987e-01
3.672103899999999976e-01
3.005367199999999794e-01
2.225015899999999991e-01
1.912798099999999946e-01
1.167248599999999997e-01
8.077012999999999554e-02
7.867768999999999457e-02
8.966201999999999506e-02
8.801383999999999597e-02
1.059394599999999992e-01
1.275823899999999900e-01
1.462655200000000100e-01
1.863499100000000075e-01
1.133134300000000066e-01
1.122097999999999984e-01
9.314229000000000258e-02
8.713368999999999975e-02
8.534550999999999943e-02
9.440941999999999390e-02
8.951032000000000433e-02
9.600409000000000026e-02
7.612631000000000259e-02
6.657691000000000303e-02
7.304283000000000303e-02
7.660793999999999937e-02
7.029272999999999771e-02
7.101190999999999753e-02
7.517936000000000063e-02
7.889809999999999879e-02
9.084618999999999334e-02
7.486771999999999871e-02
7.117542999999999787e-02
7.444918999999999842e-02
8.179648999999999948e-02
8.368114000000000108e-02
8.462777000000000494e-02
9.256340000000000401e-02
9.429550000000000431e-02
7.251958999999999489e-02
7.682516000000000345e-02
8.104738000000000220e-02
5.910407000000000161e-02
