5.206983999999999918e-02
9.906824000000000185e-02
6.494400999999999646e-02
6.871449000000000307e-02
6.931758999999999837e-02
7.237001999999999324e-02
7.944524999999999504e-02
7.057613000000000081e-02
7.117793000000000037e-02
7.910288999999999515e-02
7.378754999999999342e-02
1.082334400000000002e-01
1.300633099999999875e-01
1.245263100000000012e-01
1.286503699999999861e-01
8.466746999999999468e-02
7.295194000000000678e-02
7.799973000000000323e-02
9.495272000000000434e-02
9.065816000000000152e-02
8.495308000000000026e-02
9.481475000000000319e-02
1.077538700000000016e-01
1.150552299999999945e-01
1.097937199999999974e-01
1.047987400000000013e-01
8.830272999999999595e-02
6.891376999999999919e-02
1.097965300000000033e-01
2.126808900000000113e-01
2.774044299999999796e-01
3.154055499999999790e-01
3.346447300000000014e-01
3.819394999999999873e-01
2.599679200000000190e-01
2.169080800000000031e-01
1.615429200000000065e-01
9.019899000000000666e-02
7.288809999999999734e-02
7.408193000000000417e-02
9.386231999999999909e-02
8.980805000000000038e-02
1.112749400000000027e-01
1.286093700000000006e-01
1.425951699999999933e-01
1.295169700000000090e-01
1.126260500000000053e-01
1.160523900000000053e-01
9.491858000000000239e-02
7.262783999999999907e-02
7.357416999999999430e-02
7.751196000000000474e-02
8.579944000000000459e-02
8.030339000000000227e-02
8.202439999999999731e-02
9.156603000000000658e-02
1.003967199999999949e-01
9.839351000000000347e-02
9.716890999999999723e-02
9.552931000000000616e-02
8.687575000000000158e-02
8.635832000000000230e-02
8.238336000000000270e-02
5.796475000000000238e-02
