5.888787000000000188e-02
7.457769000000000204e-02
6.887730000000000241e-02
7.085864000000000051e-02
6.743327999999999822e-02
6.776896000000000309e-02
6.675678999999999641e-02
6.529364999999999475e-02
6.663294000000000161e-02
7.117922999999999611e-02
7.002846999999999544e-02
6.717172999999999894e-02
6.469060000000000088e-02
6.936225999999999503e-02
7.047821999999999421e-02
6.646243000000000289e-02
7.045506999999999465e-02
6.881450000000000067e-02
6.737421000000000382e-02
6.468744999999999357e-02
6.636873999999999552e-02
7.021966999999999792e-02
6.973102000000000467e-02
6.601331000000000560e-02
6.603093000000000157e-02
6.775206000000000284e-02
7.075388999999999984e-02
7.152699999999999336e-02
7.319689999999999530e-02
7.336660000000000403e-02
7.809642999999999446e-02
7.411320999999999881e-02
7.622626000000000401e-02
7.240633000000000485e-02
7.125011000000000538e-02
7.141322999999999421e-02
8.023826000000000569e-02
8.349893999999999372e-02
7.900052999999999936e-02
7.325679999999999692e-02
8.048723000000000682e-02
9.657085999999999448e-02
1.001002000000000003e-01
9.802592000000000250e-02
9.711561000000000499e-02
7.341957000000000344e-02
7.590376000000000067e-02
8.919085999999999681e-02
1.312930599999999892e-01
1.641229800000000016e-01
2.324906899999999998e-01
2.504701899999999815e-01
2.374800900000000048e-01
2.450013299999999894e-01
2.159670700000000110e-01
1.679924299999999981e-01
1.125676000000000038e-01
9.572413999999999923e-02
7.631965999999999750e-02
6.746554000000000439e-02
6.559793999999999348e-02
7.063653999999999766e-02
7.194559000000000371e-02
5.639025999999999761e-02
