5.271398000000000056e-02
7.351810999999999763e-02
7.395451000000000108e-02
7.693882000000000498e-02
9.366897000000000417e-02
1.358968600000000082e-01
7.753390999999999755e-02
6.706499000000000488e-02
6.918169000000000401e-02
6.425372999999999502e-02
7.758281999999999679e-02
9.060176999999999814e-02
8.372854999999999881e-02
7.990845000000000586e-02
7.811464999999999381e-02
7.029356999999999966e-02
7.341433999999999460e-02
7.258132999999999946e-02
8.196912000000000642e-02
9.145053999999999683e-02
1.267620799999999992e-01
1.375448900000000030e-01
1.510652200000000001e-01
1.734879500000000019e-01
9.808796000000000181e-02
8.316685000000000050e-02
8.750945000000000251e-02
1.082161700000000004e-01
1.001018300000000028e-01
1.199344199999999999e-01
1.237908999999999954e-01
1.360449800000000098e-01
1.705283400000000005e-01
1.202440500000000051e-01
1.134754099999999988e-01
1.066427800000000065e-01
9.406646999999999925e-02
9.545462000000000391e-02
1.430130599999999974e-01
2.025488000000000011e-01
2.895202900000000135e-01
3.917552499999999993e-01
3.991707299999999736e-01
3.751421300000000181e-01
3.078985499999999931e-01
2.276893000000000111e-01
1.371714599999999951e-01
1.119465500000000058e-01
7.621664999999999690e-02
7.333699999999999941e-02
8.446309999999999929e-02
9.013290999999999664e-02
1.037862100000000037e-01
1.263027200000000072e-01
1.526706200000000069e-01
1.840052199999999971e-01
1.626020999999999994e-01
1.050466000000000039e-01
9.079036999999999524e-02
8.824606999999999590e-02
7.495161999999999658e-02
7.056659999999999322e-02
7.101846000000000547e-02
5.403553999999999996e-02
