7.909159999999999802e-02
1.481049100000000063e-01
1.676014100000000062e-01
1.515171499999999893e-01
1.280412800000000073e-01
1.255769399999999980e-01
1.071807000000000037e-01
6.910510999999999737e-02
1.231006399999999973e-01
1.788455800000000040e-01
2.870554300000000003e-01
3.390998499999999805e-01
3.839960099999999987e-01
4.492506700000000186e-01
3.613186199999999793e-01
3.393239399999999906e-01
2.824054100000000234e-01
1.901966200000000107e-01
1.162093099999999962e-01
7.504885999999999502e-02
7.612093999999999805e-02
7.843234000000000317e-02
8.454659999999999953e-02
8.689850999999999825e-02
1.177404699999999999e-01
1.351959100000000025e-01
1.435734499999999914e-01
1.456187800000000032e-01
1.302939100000000128e-01
8.324220000000000230e-02
8.723010000000000486e-02
8.258513000000000659e-02
9.276252000000000109e-02
1.166388800000000003e-01
9.848239999999999772e-02
1.050368799999999991e-01
8.975642000000000342e-02
7.220640000000000391e-02
7.466604999999999770e-02
7.369452999999999421e-02
7.467049000000000603e-02
7.179546000000000538e-02
6.997098000000000206e-02
7.390389999999999460e-02
7.309994999999999687e-02
7.731614000000000542e-02
8.064859000000000611e-02
9.239094999999999946e-02
9.073485000000000578e-02
8.593853999999999382e-02
7.803970000000000351e-02
6.876451000000000091e-02
7.698480000000000600e-02
8.797707000000000443e-02
8.436981000000000341e-02
7.750609999999999444e-02
7.015182999999999836e-02
6.830189000000000399e-02
7.154797000000000240e-02
8.275888000000000688e-02
9.502318999999999349e-02
8.752716000000000662e-02
8.093936999999999660e-02
6.006573999999999941e-02
